version https://git-lfs.github.com/spec/v1
oid sha256:7c9a92dc17d39afb4cb21592bd7a33ed6f230ddd4901089d47a58aeb50f2d5da
size 335836
