version https://git-lfs.github.com/spec/v1
oid sha256:693aa72a05e621ec765d995877e06d444581de622e2ff06cdb8d3dc47eccc99f
size 260543
