DateTime,Wavelength,Irradiance
2024/11/08 07:00:00,Wavelength(nm),Irradiance(W/m2/um)
2024/11/08 07:00:00,300.00,6.34
2024/11/08 07:00:00,301.00,6.47
2024/11/08 07:00:00,302.00,6.99
2024/11/08 07:00:00,303.00,7.88
2024/11/08 07:00:00,304.00,8.45
2024/11/08 07:00:00,305.00,9.50
2024/11/08 07:00:00,306.00,10.79
2024/11/08 07:00:00,307.00,12.33
2024/11/08 07:00:00,308.00,14.41
2024/11/08 07:00:00,309.00,17.01
2024/11/08 07:00:00,310.00,19.95
2024/11/08 07:00:00,311.00,23.50
2024/11/08 07:00:00,312.00,27.10
2024/11/08 07:00:00,313.00,31.18
2024/11/08 07:00:00,314.00,36.09
2024/11/08 07:00:00,315.00,41.03
2024/11/08 07:00:00,316.00,46.49
2024/11/08 07:00:00,317.00,52.46
2024/11/08 07:00:00,318.00,58.26
2024/11/08 07:00:00,319.00,63.67
2024/11/08 07:00:00,320.00,69.17
2024/11/08 07:00:00,321.00,75.15
2024/11/08 07:00:00,322.00,82.09
2024/11/08 07:00:00,323.00,89.85
2024/11/08 07:00:00,324.00,98.41
2024/11/08 07:00:00,325.00,107.64
2024/11/08 07:00:00,326.00,117.01
2024/11/08 07:00:00,327.00,125.56
2024/11/08 07:00:00,328.00,133.09
2024/11/08 07:00:00,329.00,139.48
2024/11/08 07:00:00,330.00,144.72
2024/11/08 07:00:00,331.00,148.73
2024/11/08 07:00:00,332.00,151.63
2024/11/08 07:00:00,333.00,152.72
2024/11/08 07:00:00,334.00,153.38
2024/11/08 07:00:00,335.00,154.17
2024/11/08 07:00:00,336.00,155.40
2024/11/08 07:00:00,337.00,157.26
2024/11/08 07:00:00,338.00,160.16
2024/11/08 07:00:00,339.00,163.67
2024/11/08 07:00:00,340.00,166.54
2024/11/08 07:00:00,341.00,168.10
2024/11/08 07:00:00,342.00,168.61
2024/11/08 07:00:00,343.00,169.68
2024/11/08 07:00:00,344.00,169.90
2024/11/08 07:00:00,345.00,170.03
2024/11/08 07:00:00,346.00,170.81
2024/11/08 07:00:00,347.00,173.10
2024/11/08 07:00:00,348.00,175.35
2024/11/08 07:00:00,349.00,177.99
2024/11/08 07:00:00,350.00,181.22
2024/11/08 07:00:00,351.00,186.16
2024/11/08 07:00:00,352.00,190.19
2024/11/08 07:00:00,353.00,192.74
2024/11/08 07:00:00,354.00,193.14
2024/11/08 07:00:00,355.00,190.89
2024/11/08 07:00:00,356.00,187.30
2024/11/08 07:00:00,357.00,184.56
2024/11/08 07:00:00,358.00,182.34
2024/11/08 07:00:00,359.00,182.61
2024/11/08 07:00:00,360.00,186.43
2024/11/08 07:00:00,361.00,190.99
2024/11/08 07:00:00,362.00,196.81
2024/11/08 07:00:00,363.00,205.29
2024/11/08 07:00:00,364.00,214.93
2024/11/08 07:00:00,365.00,222.58
2024/11/08 07:00:00,366.00,229.52
2024/11/08 07:00:00,367.00,234.50
2024/11/08 07:00:00,368.00,236.78
2024/11/08 07:00:00,369.00,236.15
2024/11/08 07:00:00,370.00,233.24
2024/11/08 07:00:00,371.00,227.63
2024/11/08 07:00:00,372.00,221.90
2024/11/08 07:00:00,373.00,218.38
2024/11/08 07:00:00,374.00,218.84
2024/11/08 07:00:00,375.00,224.93
2024/11/08 07:00:00,376.00,233.05
2024/11/08 07:00:00,377.00,240.95
2024/11/08 07:00:00,378.00,246.58
2024/11/08 07:00:00,379.00,245.08
2024/11/08 07:00:00,380.00,235.07
2024/11/08 07:00:00,381.00,223.89
2024/11/08 07:00:00,382.00,214.61
2024/11/08 07:00:00,383.00,207.36
2024/11/08 07:00:00,384.00,204.85
2024/11/08 07:00:00,385.00,208.85
2024/11/08 07:00:00,386.00,215.89
2024/11/08 07:00:00,387.00,224.91
2024/11/08 07:00:00,388.00,235.44
2024/11/08 07:00:00,389.00,244.38
2024/11/08 07:00:00,390.00,245.93
2024/11/08 07:00:00,391.00,242.15
2024/11/08 07:00:00,392.00,238.62
2024/11/08 07:00:00,393.00,232.82
2024/11/08 07:00:00,394.00,225.79
2024/11/08 07:00:00,395.00,229.68
2024/11/08 07:00:00,396.00,247.11
2024/11/08 07:00:00,397.00,267.99
2024/11/08 07:00:00,398.00,292.80
2024/11/08 07:00:00,399.00,322.52
2024/11/08 07:00:00,400.00,349.43
2024/11/08 07:00:00,401.00,366.71
2024/11/08 07:00:00,402.00,376.23
2024/11/08 07:00:00,403.00,378.37
2024/11/08 07:00:00,404.00,376.82
2024/11/08 07:00:00,405.00,374.81
2024/11/08 07:00:00,406.00,374.22
2024/11/08 07:00:00,407.00,374.50
2024/11/08 07:00:00,408.00,376.67
2024/11/08 07:00:00,409.00,381.69
2024/11/08 07:00:00,410.00,387.26
2024/11/08 07:00:00,411.00,392.32
2024/11/08 07:00:00,412.00,397.67
2024/11/08 07:00:00,413.00,403.14
2024/11/08 07:00:00,414.00,406.80
2024/11/08 07:00:00,415.00,408.26
2024/11/08 07:00:00,416.00,408.32
2024/11/08 07:00:00,417.00,407.67
2024/11/08 07:00:00,418.00,408.21
2024/11/08 07:00:00,419.00,408.91
2024/11/08 07:00:00,420.00,409.28
2024/11/08 07:00:00,421.00,409.96
2024/11/08 07:00:00,422.00,411.07
2024/11/08 07:00:00,423.00,410.91
2024/11/08 07:00:00,424.00,409.13
2024/11/08 07:00:00,425.00,407.42
2024/11/08 07:00:00,426.00,404.59
2024/11/08 07:00:00,427.00,396.55
2024/11/08 07:00:00,428.00,386.30
2024/11/08 07:00:00,429.00,379.79
2024/11/08 07:00:00,430.00,379.84
2024/11/08 07:00:00,431.00,383.62
2024/11/08 07:00:00,432.00,394.05
2024/11/08 07:00:00,433.00,410.74
2024/11/08 07:00:00,434.00,426.95
2024/11/08 07:00:00,435.00,435.37
2024/11/08 07:00:00,436.00,439.39
2024/11/08 07:00:00,437.00,442.87
2024/11/08 07:00:00,438.00,445.97
2024/11/08 07:00:00,439.00,449.54
2024/11/08 07:00:00,440.00,456.14
2024/11/08 07:00:00,441.00,467.02
2024/11/08 07:00:00,442.00,476.67
2024/11/08 07:00:00,443.00,482.30
2024/11/08 07:00:00,444.00,486.94
2024/11/08 07:00:00,445.00,491.57
2024/11/08 07:00:00,446.00,496.09
2024/11/08 07:00:00,447.00,503.33
2024/11/08 07:00:00,448.00,513.63
2024/11/08 07:00:00,449.00,521.98
2024/11/08 07:00:00,450.00,526.15
2024/11/08 07:00:00,451.00,526.78
2024/11/08 07:00:00,452.00,525.88
2024/11/08 07:00:00,453.00,524.45
2024/11/08 07:00:00,454.00,525.18
2024/11/08 07:00:00,455.00,528.72
2024/11/08 07:00:00,456.00,532.70
2024/11/08 07:00:00,457.00,536.63
2024/11/08 07:00:00,458.00,539.85
2024/11/08 07:00:00,459.00,542.03
2024/11/08 07:00:00,460.00,543.45
2024/11/08 07:00:00,461.00,546.02
2024/11/08 07:00:00,462.00,547.93
2024/11/08 07:00:00,463.00,546.90
2024/11/08 07:00:00,464.00,545.40
2024/11/08 07:00:00,465.00,542.69
2024/11/08 07:00:00,466.00,539.67
2024/11/08 07:00:00,467.00,537.62
2024/11/08 07:00:00,468.00,537.20
2024/11/08 07:00:00,469.00,537.67
2024/11/08 07:00:00,470.00,538.03
2024/11/08 07:00:00,471.00,539.17
2024/11/08 07:00:00,472.00,541.13
2024/11/08 07:00:00,473.00,542.41
2024/11/08 07:00:00,474.00,541.50
2024/11/08 07:00:00,475.00,542.27
2024/11/08 07:00:00,476.00,544.05
2024/11/08 07:00:00,477.00,546.17
2024/11/08 07:00:00,478.00,548.77
2024/11/08 07:00:00,479.00,553.23
2024/11/08 07:00:00,480.00,557.71
2024/11/08 07:00:00,481.00,557.27
2024/11/08 07:00:00,482.00,553.93
2024/11/08 07:00:00,483.00,545.82
2024/11/08 07:00:00,484.00,534.22
2024/11/08 07:00:00,485.00,522.27
2024/11/08 07:00:00,486.00,516.74
2024/11/08 07:00:00,487.00,515.74
2024/11/08 07:00:00,488.00,519.94
2024/11/08 07:00:00,489.00,526.57
2024/11/08 07:00:00,490.00,532.02
2024/11/08 07:00:00,491.00,535.95
2024/11/08 07:00:00,492.00,538.11
2024/11/08 07:00:00,493.00,539.44
2024/11/08 07:00:00,494.00,540.86
2024/11/08 07:00:00,495.00,543.56
2024/11/08 07:00:00,496.00,542.72
2024/11/08 07:00:00,497.00,540.11
2024/11/08 07:00:00,498.00,536.17
2024/11/08 07:00:00,499.00,531.86
2024/11/08 07:00:00,500.00,526.33
2024/11/08 07:00:00,501.00,523.45
2024/11/08 07:00:00,502.00,523.02
2024/11/08 07:00:00,503.00,523.99
2024/11/08 07:00:00,504.00,527.41
2024/11/08 07:00:00,505.00,530.09
2024/11/08 07:00:00,506.00,531.95
2024/11/08 07:00:00,507.00,532.96
2024/11/08 07:00:00,508.00,533.50
2024/11/08 07:00:00,509.00,532.13
2024/11/08 07:00:00,510.00,532.17
2024/11/08 07:00:00,511.00,530.54
2024/11/08 07:00:00,512.00,527.73
2024/11/08 07:00:00,513.00,523.30
2024/11/08 07:00:00,514.00,516.31
2024/11/08 07:00:00,515.00,506.54
2024/11/08 07:00:00,516.00,499.38
2024/11/08 07:00:00,517.00,494.32
2024/11/08 07:00:00,518.00,493.55
2024/11/08 07:00:00,519.00,494.73
2024/11/08 07:00:00,520.00,500.21
2024/11/08 07:00:00,521.00,507.45
2024/11/08 07:00:00,522.00,512.92
2024/11/08 07:00:00,523.00,513.91
2024/11/08 07:00:00,524.00,514.58
2024/11/08 07:00:00,525.00,514.44
2024/11/08 07:00:00,526.00,514.14
2024/11/08 07:00:00,527.00,514.71
2024/11/08 07:00:00,528.00,517.02
2024/11/08 07:00:00,529.00,520.98
2024/11/08 07:00:00,530.00,523.07
2024/11/08 07:00:00,531.00,523.57
2024/11/08 07:00:00,532.00,524.25
2024/11/08 07:00:00,533.00,524.19
2024/11/08 07:00:00,534.00,523.74
2024/11/08 07:00:00,535.00,524.30
2024/11/08 07:00:00,536.00,523.96
2024/11/08 07:00:00,537.00,522.86
2024/11/08 07:00:00,538.00,519.10
2024/11/08 07:00:00,539.00,516.39
2024/11/08 07:00:00,540.00,515.47
2024/11/08 07:00:00,541.00,514.83
2024/11/08 07:00:00,542.00,513.65
2024/11/08 07:00:00,543.00,516.12
2024/11/08 07:00:00,544.00,516.61
2024/11/08 07:00:00,545.00,516.60
2024/11/08 07:00:00,546.00,516.93
2024/11/08 07:00:00,547.00,517.46
2024/11/08 07:00:00,548.00,516.57
2024/11/08 07:00:00,549.00,515.79
2024/11/08 07:00:00,550.00,515.02
2024/11/08 07:00:00,551.00,515.34
2024/11/08 07:00:00,552.00,516.12
2024/11/08 07:00:00,553.00,516.16
2024/11/08 07:00:00,554.00,516.06
2024/11/08 07:00:00,555.00,514.81
2024/11/08 07:00:00,556.00,511.48
2024/11/08 07:00:00,557.00,506.59
2024/11/08 07:00:00,558.00,503.57
2024/11/08 07:00:00,559.00,502.56
2024/11/08 07:00:00,560.00,499.88
2024/11/08 07:00:00,561.00,499.26
2024/11/08 07:00:00,562.00,499.25
2024/11/08 07:00:00,563.00,498.03
2024/11/08 07:00:00,564.00,496.06
2024/11/08 07:00:00,565.00,495.64
2024/11/08 07:00:00,566.00,493.38
2024/11/08 07:00:00,567.00,492.17
2024/11/08 07:00:00,568.00,489.78
2024/11/08 07:00:00,569.00,488.34
2024/11/08 07:00:00,570.00,488.62
2024/11/08 07:00:00,571.00,488.72
2024/11/08 07:00:00,572.00,487.36
2024/11/08 07:00:00,573.00,487.39
2024/11/08 07:00:00,574.00,487.29
2024/11/08 07:00:00,575.00,485.14
2024/11/08 07:00:00,576.00,483.90
2024/11/08 07:00:00,577.00,483.06
2024/11/08 07:00:00,578.00,484.52
2024/11/08 07:00:00,579.00,484.90
2024/11/08 07:00:00,580.00,487.13
2024/11/08 07:00:00,581.00,490.29
2024/11/08 07:00:00,582.00,493.07
2024/11/08 07:00:00,583.00,494.34
2024/11/08 07:00:00,584.00,495.69
2024/11/08 07:00:00,585.00,494.08
2024/11/08 07:00:00,586.00,490.30
2024/11/08 07:00:00,587.00,485.36
2024/11/08 07:00:00,588.00,481.36
2024/11/08 07:00:00,589.00,479.52
2024/11/08 07:00:00,590.00,476.97
2024/11/08 07:00:00,591.00,478.26
2024/11/08 07:00:00,592.00,480.52
2024/11/08 07:00:00,593.00,481.93
2024/11/08 07:00:00,594.00,481.36
2024/11/08 07:00:00,595.00,482.33
2024/11/08 07:00:00,596.00,481.81
2024/11/08 07:00:00,597.00,481.80
2024/11/08 07:00:00,598.00,479.31
2024/11/08 07:00:00,599.00,477.78
2024/11/08 07:00:00,600.00,477.58
2024/11/08 07:00:00,601.00,476.71
2024/11/08 07:00:00,602.00,476.24
2024/11/08 07:00:00,603.00,477.86
2024/11/08 07:00:00,604.00,479.05
2024/11/08 07:00:00,605.00,478.00
2024/11/08 07:00:00,606.00,477.83
2024/11/08 07:00:00,607.00,476.66
2024/11/08 07:00:00,608.00,476.00
2024/11/08 07:00:00,609.00,474.50
2024/11/08 07:00:00,610.00,474.01
2024/11/08 07:00:00,611.00,473.97
2024/11/08 07:00:00,612.00,473.57
2024/11/08 07:00:00,613.00,470.61
2024/11/08 07:00:00,614.00,468.51
2024/11/08 07:00:00,615.00,467.55
2024/11/08 07:00:00,616.00,467.14
2024/11/08 07:00:00,617.00,466.92
2024/11/08 07:00:00,618.00,467.51
2024/11/08 07:00:00,619.00,470.04
2024/11/08 07:00:00,620.00,469.41
2024/11/08 07:00:00,621.00,468.07
2024/11/08 07:00:00,622.00,467.42
2024/11/08 07:00:00,623.00,466.75
2024/11/08 07:00:00,624.00,464.30
2024/11/08 07:00:00,625.00,462.48
2024/11/08 07:00:00,626.00,459.26
2024/11/08 07:00:00,627.00,457.32
2024/11/08 07:00:00,628.00,454.70
2024/11/08 07:00:00,629.00,453.05
2024/11/08 07:00:00,630.00,453.46
2024/11/08 07:00:00,631.00,454.79
2024/11/08 07:00:00,632.00,455.16
2024/11/08 07:00:00,633.00,457.47
2024/11/08 07:00:00,634.00,459.69
2024/11/08 07:00:00,635.00,460.77
2024/11/08 07:00:00,636.00,463.13
2024/11/08 07:00:00,637.00,464.29
2024/11/08 07:00:00,638.00,465.58
2024/11/08 07:00:00,639.00,465.69
2024/11/08 07:00:00,640.00,465.83
2024/11/08 07:00:00,641.00,466.73
2024/11/08 07:00:00,642.00,466.51
2024/11/08 07:00:00,643.00,465.73
2024/11/08 07:00:00,644.00,465.93
2024/11/08 07:00:00,645.00,465.86
2024/11/08 07:00:00,646.00,463.38
2024/11/08 07:00:00,647.00,462.53
2024/11/08 07:00:00,648.00,462.00
2024/11/08 07:00:00,649.00,462.10
2024/11/08 07:00:00,650.00,462.17
2024/11/08 07:00:00,651.00,461.83
2024/11/08 07:00:00,652.00,460.99
2024/11/08 07:00:00,653.00,455.89
2024/11/08 07:00:00,654.00,450.00
2024/11/08 07:00:00,655.00,446.25
2024/11/08 07:00:00,656.00,443.82
2024/11/08 07:00:00,657.00,443.87
2024/11/08 07:00:00,658.00,448.14
2024/11/08 07:00:00,659.00,451.36
2024/11/08 07:00:00,660.00,455.17
2024/11/08 07:00:00,661.00,458.33
2024/11/08 07:00:00,662.00,459.82
2024/11/08 07:00:00,663.00,461.24
2024/11/08 07:00:00,664.00,464.72
2024/11/08 07:00:00,665.00,465.52
2024/11/08 07:00:00,666.00,466.00
2024/11/08 07:00:00,667.00,467.63
2024/11/08 07:00:00,668.00,467.51
2024/11/08 07:00:00,669.00,465.89
2024/11/08 07:00:00,670.00,464.36
2024/11/08 07:00:00,671.00,463.47
2024/11/08 07:00:00,672.00,463.08
2024/11/08 07:00:00,673.00,462.89
2024/11/08 07:00:00,674.00,463.96
2024/11/08 07:00:00,675.00,465.48
2024/11/08 07:00:00,676.00,465.92
2024/11/08 07:00:00,677.00,465.79
2024/11/08 07:00:00,678.00,465.64
2024/11/08 07:00:00,679.00,464.99
2024/11/08 07:00:00,680.00,463.46
2024/11/08 07:00:00,681.00,461.86
2024/11/08 07:00:00,682.00,459.44
2024/11/08 07:00:00,683.00,454.81
2024/11/08 07:00:00,684.00,443.03
2024/11/08 07:00:00,685.00,430.13
2024/11/08 07:00:00,686.00,417.32
2024/11/08 07:00:00,687.00,403.80
2024/11/08 07:00:00,688.00,393.32
2024/11/08 07:00:00,689.00,392.78
2024/11/08 07:00:00,690.00,396.29
2024/11/08 07:00:00,691.00,401.69
2024/11/08 07:00:00,692.00,408.09
2024/11/08 07:00:00,693.00,416.02
2024/11/08 07:00:00,694.00,422.15
2024/11/08 07:00:00,695.00,425.77
2024/11/08 07:00:00,696.00,428.90
2024/11/08 07:00:00,697.00,433.11
2024/11/08 07:00:00,698.00,434.38
2024/11/08 07:00:00,699.00,434.29
2024/11/08 07:00:00,700.00,435.24
2024/11/08 07:00:00,701.00,434.79
2024/11/08 07:00:00,702.00,434.68
2024/11/08 07:00:00,703.00,435.02
2024/11/08 07:00:00,704.00,436.03
2024/11/08 07:00:00,705.00,436.44
2024/11/08 07:00:00,706.00,436.92
2024/11/08 07:00:00,707.00,436.66
2024/11/08 07:00:00,708.00,437.18
2024/11/08 07:00:00,709.00,437.48
2024/11/08 07:00:00,710.00,437.70
2024/11/08 07:00:00,711.00,438.01
2024/11/08 07:00:00,712.00,438.73
2024/11/08 07:00:00,713.00,437.40
2024/11/08 07:00:00,714.00,434.20
2024/11/08 07:00:00,715.00,428.65
2024/11/08 07:00:00,716.00,421.14
2024/11/08 07:00:00,717.00,411.64
2024/11/08 07:00:00,718.00,403.93
2024/11/08 07:00:00,719.00,400.56
2024/11/08 07:00:00,720.00,397.90
2024/11/08 07:00:00,721.00,393.95
2024/11/08 07:00:00,722.00,393.47
2024/11/08 07:00:00,723.00,395.44
2024/11/08 07:00:00,724.00,393.98
2024/11/08 07:00:00,725.00,393.27
2024/11/08 07:00:00,726.00,395.68
2024/11/08 07:00:00,727.00,397.52
2024/11/08 07:00:00,728.00,397.22
2024/11/08 07:00:00,729.00,398.03
2024/11/08 07:00:00,730.00,402.09
2024/11/08 07:00:00,731.00,406.06
2024/11/08 07:00:00,732.00,407.29
2024/11/08 07:00:00,733.00,409.66
2024/11/08 07:00:00,734.00,413.04
2024/11/08 07:00:00,735.00,412.31
2024/11/08 07:00:00,736.00,409.91
2024/11/08 07:00:00,737.00,409.74
2024/11/08 07:00:00,738.00,409.05
2024/11/08 07:00:00,739.00,407.30
2024/11/08 07:00:00,740.00,407.26
2024/11/08 07:00:00,741.00,407.95
2024/11/08 07:00:00,742.00,409.50
2024/11/08 07:00:00,743.00,408.24
2024/11/08 07:00:00,744.00,407.53
2024/11/08 07:00:00,745.00,408.28
2024/11/08 07:00:00,746.00,408.11
2024/11/08 07:00:00,747.00,407.30
2024/11/08 07:00:00,748.00,408.22
2024/11/08 07:00:00,749.00,408.86
2024/11/08 07:00:00,750.00,407.92
2024/11/08 07:00:00,751.00,406.71
2024/11/08 07:00:00,752.00,405.44
2024/11/08 07:00:00,753.00,406.56
2024/11/08 07:00:00,754.00,404.14
2024/11/08 07:00:00,755.00,401.64
2024/11/08 07:00:00,756.00,392.48
2024/11/08 07:00:00,757.00,370.53
2024/11/08 07:00:00,758.00,338.38
2024/11/08 07:00:00,759.00,306.04
2024/11/08 07:00:00,760.00,274.17
2024/11/08 07:00:00,761.00,246.83
2024/11/08 07:00:00,762.00,232.44
2024/11/08 07:00:00,763.00,230.60
2024/11/08 07:00:00,764.00,236.27
2024/11/08 07:00:00,765.00,246.98
2024/11/08 07:00:00,766.00,263.57
2024/11/08 07:00:00,767.00,284.48
2024/11/08 07:00:00,768.00,305.03
2024/11/08 07:00:00,769.00,320.76
2024/11/08 07:00:00,770.00,336.31
2024/11/08 07:00:00,771.00,351.76
2024/11/08 07:00:00,772.00,361.32
2024/11/08 07:00:00,773.00,367.69
2024/11/08 07:00:00,774.00,374.81
2024/11/08 07:00:00,775.00,379.58
2024/11/08 07:00:00,776.00,380.27
2024/11/08 07:00:00,777.00,379.12
2024/11/08 07:00:00,778.00,378.50
2024/11/08 07:00:00,779.00,378.69
2024/11/08 07:00:00,780.00,376.20
2024/11/08 07:00:00,781.00,375.59
2024/11/08 07:00:00,782.00,378.08
2024/11/08 07:00:00,783.00,378.56
2024/11/08 07:00:00,784.00,377.10
2024/11/08 07:00:00,785.00,378.77
2024/11/08 07:00:00,786.00,380.92
2024/11/08 07:00:00,787.00,379.48
2024/11/08 07:00:00,788.00,378.07
2024/11/08 07:00:00,789.00,378.06
2024/11/08 07:00:00,790.00,377.89
2024/11/08 07:00:00,791.00,374.64
2024/11/08 07:00:00,792.00,373.28
2024/11/08 07:00:00,793.00,373.04
2024/11/08 07:00:00,794.00,372.09
2024/11/08 07:00:00,795.00,369.89
2024/11/08 07:00:00,796.00,370.10
2024/11/08 07:00:00,797.00,371.80
2024/11/08 07:00:00,798.00,370.00
2024/11/08 07:00:00,799.00,367.71
2024/11/08 07:00:00,800.00,370.06
2024/11/08 07:00:00,801.00,368.81
2024/11/08 07:00:00,802.00,366.10
2024/11/08 07:00:00,803.00,368.07
2024/11/08 07:00:00,804.00,371.33
2024/11/08 07:00:00,805.00,370.33
2024/11/08 07:00:00,806.00,369.64
2024/11/08 07:00:00,807.00,369.10
2024/11/08 07:00:00,808.00,370.51
2024/11/08 07:00:00,809.00,366.72
2024/11/08 07:00:00,810.00,361.20
2024/11/08 07:00:00,811.00,362.60
2024/11/08 07:00:00,812.00,359.92
2024/11/08 07:00:00,813.00,353.05
2024/11/08 07:00:00,814.00,350.85
2024/11/08 07:00:00,815.00,349.72
2024/11/08 07:00:00,816.00,343.56
2024/11/08 07:00:00,817.00,341.82
2024/11/08 07:00:00,818.00,341.39
2024/11/08 07:00:00,819.00,341.27
2024/11/08 07:00:00,820.00,338.46
2024/11/08 07:00:00,821.00,339.09
2024/11/08 07:00:00,822.00,341.33
2024/11/08 07:00:00,823.00,340.28
2024/11/08 07:00:00,824.00,342.44
2024/11/08 07:00:00,825.00,346.89
2024/11/08 07:00:00,826.00,348.28
2024/11/08 07:00:00,827.00,346.04
2024/11/08 07:00:00,828.00,345.22
2024/11/08 07:00:00,829.00,345.79
2024/11/08 07:00:00,830.00,342.73
2024/11/08 07:00:00,831.00,340.40
2024/11/08 07:00:00,832.00,342.49
2024/11/08 07:00:00,833.00,342.76
2024/11/08 07:00:00,834.00,339.38
2024/11/08 07:00:00,835.00,339.69
2024/11/08 07:00:00,836.00,340.29
2024/11/08 07:00:00,837.00,339.21
2024/11/08 07:00:00,838.00,338.80
2024/11/08 07:00:00,839.00,338.36
2024/11/08 07:00:00,840.00,338.96
2024/11/08 07:00:00,841.00,337.68
2024/11/08 07:00:00,842.00,336.19
2024/11/08 07:00:00,843.00,336.54
2024/11/08 07:00:00,844.00,336.20
2024/11/08 07:00:00,845.00,334.24
2024/11/08 07:00:00,846.00,332.04
2024/11/08 07:00:00,847.00,330.65
2024/11/08 07:00:00,848.00,328.40
2024/11/08 07:00:00,849.00,325.72
2024/11/08 07:00:00,850.00,323.71
2024/11/08 07:00:00,851.00,320.80
2024/11/08 07:00:00,852.00,316.37
2024/11/08 07:00:00,853.00,315.18
2024/11/08 07:00:00,854.00,314.52
2024/11/08 07:00:00,855.00,315.56
2024/11/08 07:00:00,856.00,317.47
2024/11/08 07:00:00,857.00,318.94
2024/11/08 07:00:00,858.00,320.70
2024/11/08 07:00:00,859.00,320.68
2024/11/08 07:00:00,860.00,319.85
2024/11/08 07:00:00,861.00,321.80
2024/11/08 07:00:00,862.00,321.43
2024/11/08 07:00:00,863.00,318.46
2024/11/08 07:00:00,864.00,315.66
2024/11/08 07:00:00,865.00,314.10
2024/11/08 07:00:00,866.00,311.06
2024/11/08 07:00:00,867.00,309.63
2024/11/08 07:00:00,868.00,311.17
2024/11/08 07:00:00,869.00,313.13
2024/11/08 07:00:00,870.00,313.24
2024/11/08 07:00:00,871.00,314.44
2024/11/08 07:00:00,872.00,315.24
2024/11/08 07:00:00,873.00,314.92
2024/11/08 07:00:00,874.00,314.63
2024/11/08 07:00:00,875.00,313.98
2024/11/08 07:00:00,876.00,314.71
2024/11/08 07:00:00,877.00,313.13
2024/11/08 07:00:00,878.00,311.38
2024/11/08 07:00:00,879.00,310.83
2024/11/08 07:00:00,880.00,309.74
2024/11/08 07:00:00,881.00,308.36
2024/11/08 07:00:00,882.00,310.10
2024/11/08 07:00:00,883.00,310.30
2024/11/08 07:00:00,884.00,309.72
2024/11/08 07:00:00,885.00,308.51
2024/11/08 07:00:00,886.00,308.33
2024/11/08 07:00:00,887.00,307.62
2024/11/08 07:00:00,888.00,306.31
2024/11/08 07:00:00,889.00,306.17
2024/11/08 07:00:00,890.00,305.92
2024/11/08 07:00:00,891.00,303.25
2024/11/08 07:00:00,892.00,300.69
2024/11/08 07:00:00,893.00,296.94
2024/11/08 07:00:00,894.00,292.56
2024/11/08 07:00:00,895.00,285.71
2024/11/08 07:00:00,896.00,278.34
2024/11/08 07:00:00,897.00,272.52
2024/11/08 07:00:00,898.00,266.43
2024/11/08 07:00:00,899.00,261.57
2024/11/08 07:00:00,900.00,260.25
2024/11/08 07:00:00,901.00,261.57
2024/11/08 07:00:00,902.00,262.54
2024/11/08 07:00:00,903.00,264.66
2024/11/08 07:00:00,904.00,266.12
2024/11/08 07:00:00,905.00,265.46
2024/11/08 07:00:00,906.00,262.97
2024/11/08 07:00:00,907.00,260.64
2024/11/08 07:00:00,908.00,257.68
2024/11/08 07:00:00,909.00,255.29
2024/11/08 07:00:00,910.00,254.74
2024/11/08 07:00:00,911.00,252.69
2024/11/08 07:00:00,912.00,252.59
2024/11/08 07:00:00,913.00,250.89
2024/11/08 07:00:00,914.00,249.38
2024/11/08 07:00:00,915.00,249.17
2024/11/08 07:00:00,916.00,249.52
2024/11/08 07:00:00,917.00,249.71
2024/11/08 07:00:00,918.00,251.80
2024/11/08 07:00:00,919.00,253.85
2024/11/08 07:00:00,920.00,255.00
2024/11/08 07:00:00,921.00,255.84
2024/11/08 07:00:00,922.00,256.42
2024/11/08 07:00:00,923.00,256.14
2024/11/08 07:00:00,924.00,254.62
2024/11/08 07:00:00,925.00,253.06
2024/11/08 07:00:00,926.00,249.13
2024/11/08 07:00:00,927.00,242.15
2024/11/08 07:00:00,928.00,233.74
2024/11/08 07:00:00,929.00,221.99
2024/11/08 07:00:00,930.00,208.65
2024/11/08 07:00:00,931.00,194.57
2024/11/08 07:00:00,932.00,180.49
2024/11/08 07:00:00,933.00,170.13
2024/11/08 07:00:00,934.00,160.40
2024/11/08 07:00:00,935.00,154.69
2024/11/08 07:00:00,936.00,153.68
2024/11/08 07:00:00,937.00,155.66
2024/11/08 07:00:00,938.00,159.19
2024/11/08 07:00:00,939.00,163.66
2024/11/08 07:00:00,940.00,166.68
2024/11/08 07:00:00,941.00,167.43
2024/11/08 07:00:00,942.00,165.97
2024/11/08 07:00:00,943.00,164.43
2024/11/08 07:00:00,944.00,163.12
2024/11/08 07:00:00,945.00,162.37
2024/11/08 07:00:00,946.00,163.01
2024/11/08 07:00:00,947.00,164.53
2024/11/08 07:00:00,948.00,166.38
2024/11/08 07:00:00,949.00,168.13
2024/11/08 07:00:00,950.00,168.32
2024/11/08 07:00:00,951.00,170.49
2024/11/08 07:00:00,952.00,170.35
2024/11/08 07:00:00,953.00,170.97
2024/11/08 07:00:00,954.00,173.35
2024/11/08 07:00:00,955.00,174.27
2024/11/08 07:00:00,956.00,176.08
2024/11/08 07:00:00,957.00,178.25
2024/11/08 07:00:00,958.00,181.51
2024/11/08 07:00:00,959.00,183.33
2024/11/08 07:00:00,960.00,186.03
2024/11/08 07:00:00,961.00,189.66
2024/11/08 07:00:00,962.00,192.38
2024/11/08 07:00:00,963.00,195.03
2024/11/08 07:00:00,964.00,199.44
2024/11/08 07:00:00,965.00,204.62
2024/11/08 07:00:00,966.00,209.40
2024/11/08 07:00:00,967.00,215.08
2024/11/08 07:00:00,968.00,220.08
2024/11/08 07:00:00,969.00,223.82
2024/11/08 07:00:00,970.00,225.72
2024/11/08 07:00:00,971.00,227.19
2024/11/08 07:00:00,972.00,227.26
2024/11/08 07:00:00,973.00,225.33
2024/11/08 07:00:00,974.00,225.44
2024/11/08 07:00:00,975.00,225.07
2024/11/08 07:00:00,976.00,225.87
2024/11/08 07:00:00,977.00,226.92
2024/11/08 07:00:00,978.00,227.01
2024/11/08 07:00:00,979.00,229.56
2024/11/08 07:00:00,980.00,230.22
2024/11/08 07:00:00,981.00,231.42
2024/11/08 07:00:00,982.00,233.84
2024/11/08 07:00:00,983.00,236.09
2024/11/08 07:00:00,984.00,237.19
2024/11/08 07:00:00,985.00,238.29
2024/11/08 07:00:00,986.00,239.88
2024/11/08 07:00:00,987.00,239.95
2024/11/08 07:00:00,988.00,239.85
2024/11/08 07:00:00,989.00,241.14
2024/11/08 07:00:00,990.00,241.87
2024/11/08 07:00:00,991.00,241.28
2024/11/08 07:00:00,992.00,241.79
2024/11/08 07:00:00,993.00,242.41
2024/11/08 07:00:00,994.00,241.99
2024/11/08 07:00:00,995.00,241.86
2024/11/08 07:00:00,996.00,242.20
2024/11/08 07:00:00,997.00,241.87
2024/11/08 07:00:00,998.00,240.16
2024/11/08 07:00:00,999.00,239.73
2024/11/08 07:00:00,1000.00,239.58
2024/11/08 07:00:00,1001.00,237.99
2024/11/08 07:00:00,1002.00,236.62
2024/11/08 07:00:00,1003.00,235.54
2024/11/08 07:00:00,1004.00,234.63
2024/11/08 07:00:00,1005.00,234.00
2024/11/08 07:00:00,1006.00,233.49
2024/11/08 07:00:00,1007.00,235.52
2024/11/08 07:00:00,1008.00,235.12
2024/11/08 07:00:00,1009.00,235.39
2024/11/08 07:00:00,1010.00,235.66
2024/11/08 07:00:00,1011.00,235.03
2024/11/08 07:00:00,1012.00,233.70
2024/11/08 07:00:00,1013.00,232.78
2024/11/08 07:00:00,1014.00,233.05
2024/11/08 07:00:00,1015.00,232.00
2024/11/08 07:00:00,1016.00,230.37
2024/11/08 07:00:00,1017.00,231.87
2024/11/08 07:00:00,1018.00,232.32
2024/11/08 07:00:00,1019.00,231.08
2024/11/08 07:00:00,1020.00,230.60
2024/11/08 07:00:00,1021.00,230.43
2024/11/08 07:00:00,1022.00,229.44
2024/11/08 07:00:00,1023.00,227.81
2024/11/08 07:00:00,1024.00,228.24
2024/11/08 07:00:00,1025.00,228.18
2024/11/08 07:00:00,1026.00,227.63
2024/11/08 07:00:00,1027.00,227.96
2024/11/08 07:00:00,1028.00,228.67
2024/11/08 07:00:00,1029.00,226.58
2024/11/08 07:00:00,1030.00,226.47
2024/11/08 07:00:00,1031.00,225.83
2024/11/08 07:00:00,1032.00,225.72
2024/11/08 07:00:00,1033.00,224.57
2024/11/08 07:00:00,1034.00,223.78
2024/11/08 07:00:00,1035.00,224.82
2024/11/08 07:00:00,1036.00,221.39
2024/11/08 07:00:00,1037.00,220.80
2024/11/08 07:00:00,1038.00,220.36
2024/11/08 07:00:00,1039.00,219.36
2024/11/08 07:00:00,1040.00,218.16
2024/11/08 07:00:00,1041.00,217.15
2024/11/08 07:00:00,1042.00,217.89
2024/11/08 07:00:00,1043.00,216.20
2024/11/08 07:00:00,1044.00,214.49
2024/11/08 07:00:00,1045.00,216.01
2024/11/08 07:00:00,1046.00,214.87
2024/11/08 07:00:00,1047.00,214.75
2024/11/08 07:00:00,1048.00,214.30
2024/11/08 07:00:00,1049.00,215.32
2024/11/08 07:00:00,1050.00,214.08
2024/11/08 07:00:00,1051.00,215.68
2024/11/08 07:00:00,1052.00,217.80
2024/11/08 07:00:00,1053.00,215.06
2024/11/08 07:00:00,1054.00,211.35
2024/11/08 07:00:00,1055.00,212.01
2024/11/08 07:00:00,1056.00,211.52
2024/11/08 07:00:00,1057.00,208.33
2024/11/08 07:00:00,1058.00,208.97
2024/11/08 07:00:00,1059.00,210.69
2024/11/08 07:00:00,1060.00,208.82
2024/11/08 07:00:00,1061.00,208.83
2024/11/08 07:00:00,1062.00,209.64
2024/11/08 07:00:00,1063.00,209.32
2024/11/08 07:00:00,1064.00,206.95
2024/11/08 07:00:00,1065.00,208.56
2024/11/08 07:00:00,1066.00,208.99
2024/11/08 07:00:00,1067.00,205.51
2024/11/08 07:00:00,1068.00,205.60
2024/11/08 07:00:00,1069.00,205.09
2024/11/08 07:00:00,1070.00,206.97
2024/11/08 07:00:00,1071.00,203.57
2024/11/08 07:00:00,1072.00,204.66
2024/11/08 07:00:00,1073.00,204.72
2024/11/08 07:00:00,1074.00,201.83
2024/11/08 07:00:00,1075.00,202.11
2024/11/08 07:00:00,1076.00,200.65
2024/11/08 07:00:00,1077.00,201.74
2024/11/08 07:00:00,1078.00,200.52
2024/11/08 07:00:00,1079.00,198.91
2024/11/08 07:00:00,1080.00,205.04
2024/11/08 07:00:00,1081.00,201.67
2024/11/08 07:00:00,1082.00,202.26
2024/11/08 07:00:00,1083.00,203.69
2024/11/08 07:00:00,1084.00,199.65
2024/11/08 07:00:00,1085.00,195.44
2024/11/08 07:00:00,1086.00,192.72
2024/11/08 07:00:00,1087.00,195.49
2024/11/08 07:00:00,1088.00,194.75
2024/11/08 07:00:00,1089.00,192.54
2024/11/08 07:00:00,1090.00,203.51
2024/11/08 07:00:00,1091.00,202.24
2024/11/08 07:00:00,1092.00,197.58
2024/11/08 07:00:00,1093.00,196.43
2024/11/08 07:00:00,1094.00,197.19
2024/11/08 07:00:00,1095.00,192.16
2024/11/08 07:00:00,1096.00,191.78
2024/11/08 07:00:00,1097.00,197.14
2024/11/08 07:00:00,1098.00,190.92
2024/11/08 07:00:00,1099.00,182.59
2024/11/08 07:00:00,1100.00,183.88
2024/11/08 07:01:00,Wavelength(nm),Irradiance(W/m2/um)
2024/11/08 07:01:00,300.00,6.41
2024/11/08 07:01:00,301.00,6.91
2024/11/08 07:01:00,302.00,7.22
2024/11/08 07:01:00,303.00,8.16
2024/11/08 07:01:00,304.00,8.85
2024/11/08 07:01:00,305.00,10.04
2024/11/08 07:01:00,306.00,11.25
2024/11/08 07:01:00,307.00,12.58
2024/11/08 07:01:00,308.00,14.67
2024/11/08 07:01:00,309.00,17.15
2024/11/08 07:01:00,310.00,20.04
2024/11/08 07:01:00,311.00,23.51
2024/11/08 07:01:00,312.00,27.41
2024/11/08 07:01:00,313.00,31.51
2024/11/08 07:01:00,314.00,36.46
2024/11/08 07:01:00,315.00,41.46
2024/11/08 07:01:00,316.00,47.31
2024/11/08 07:01:00,317.00,53.30
2024/11/08 07:01:00,318.00,58.99
2024/11/08 07:01:00,319.00,64.64
2024/11/08 07:01:00,320.00,70.01
2024/11/08 07:01:00,321.00,75.92
2024/11/08 07:01:00,322.00,82.85
2024/11/08 07:01:00,323.00,90.94
2024/11/08 07:01:00,324.00,99.64
2024/11/08 07:01:00,325.00,108.90
2024/11/08 07:01:00,326.00,118.11
2024/11/08 07:01:00,327.00,127.36
2024/11/08 07:01:00,328.00,134.61
2024/11/08 07:01:00,329.00,140.87
2024/11/08 07:01:00,330.00,146.53
2024/11/08 07:01:00,331.00,150.50
2024/11/08 07:01:00,332.00,152.74
2024/11/08 07:01:00,333.00,154.02
2024/11/08 07:01:00,334.00,154.46
2024/11/08 07:01:00,335.00,155.15
2024/11/08 07:01:00,336.00,156.07
2024/11/08 07:01:00,337.00,157.43
2024/11/08 07:01:00,338.00,160.67
2024/11/08 07:01:00,339.00,164.44
2024/11/08 07:01:00,340.00,167.42
2024/11/08 07:01:00,341.00,169.31
2024/11/08 07:01:00,342.00,170.63
2024/11/08 07:01:00,343.00,171.25
2024/11/08 07:01:00,344.00,171.46
2024/11/08 07:01:00,345.00,171.61
2024/11/08 07:01:00,346.00,172.62
2024/11/08 07:01:00,347.00,174.58
2024/11/08 07:01:00,348.00,176.97
2024/11/08 07:01:00,349.00,179.78
2024/11/08 07:01:00,350.00,182.99
2024/11/08 07:01:00,351.00,187.48
2024/11/08 07:01:00,352.00,191.62
2024/11/08 07:01:00,353.00,194.47
2024/11/08 07:01:00,354.00,194.65
2024/11/08 07:01:00,355.00,192.26
2024/11/08 07:01:00,356.00,188.83
2024/11/08 07:01:00,357.00,186.25
2024/11/08 07:01:00,358.00,183.63
2024/11/08 07:01:00,359.00,183.62
2024/11/08 07:01:00,360.00,187.76
2024/11/08 07:01:00,361.00,192.51
2024/11/08 07:01:00,362.00,198.25
2024/11/08 07:01:00,363.00,206.90
2024/11/08 07:01:00,364.00,216.47
2024/11/08 07:01:00,365.00,224.26
2024/11/08 07:01:00,366.00,231.36
2024/11/08 07:01:00,367.00,236.31
2024/11/08 07:01:00,368.00,239.14
2024/11/08 07:01:00,369.00,238.86
2024/11/08 07:01:00,370.00,235.62
2024/11/08 07:01:00,371.00,229.65
2024/11/08 07:01:00,372.00,224.14
2024/11/08 07:01:00,373.00,220.13
2024/11/08 07:01:00,374.00,220.46
2024/11/08 07:01:00,375.00,226.56
2024/11/08 07:01:00,376.00,235.20
2024/11/08 07:01:00,377.00,242.82
2024/11/08 07:01:00,378.00,248.22
2024/11/08 07:01:00,379.00,246.98
2024/11/08 07:01:00,380.00,237.01
2024/11/08 07:01:00,381.00,224.93
2024/11/08 07:01:00,382.00,215.71
2024/11/08 07:01:00,383.00,208.66
2024/11/08 07:01:00,384.00,206.33
2024/11/08 07:01:00,385.00,210.15
2024/11/08 07:01:00,386.00,217.56
2024/11/08 07:01:00,387.00,226.74
2024/11/08 07:01:00,388.00,237.20
2024/11/08 07:01:00,389.00,246.04
2024/11/08 07:01:00,390.00,247.87
2024/11/08 07:01:00,391.00,244.13
2024/11/08 07:01:00,392.00,240.70
2024/11/08 07:01:00,393.00,234.79
2024/11/08 07:01:00,394.00,227.49
2024/11/08 07:01:00,395.00,231.25
2024/11/08 07:01:00,396.00,248.67
2024/11/08 07:01:00,397.00,269.50
2024/11/08 07:01:00,398.00,294.65
2024/11/08 07:01:00,399.00,324.91
2024/11/08 07:01:00,400.00,351.94
2024/11/08 07:01:00,401.00,369.00
2024/11/08 07:01:00,402.00,378.07
2024/11/08 07:01:00,403.00,380.38
2024/11/08 07:01:00,404.00,378.31
2024/11/08 07:01:00,405.00,376.39
2024/11/08 07:01:00,406.00,376.28
2024/11/08 07:01:00,407.00,377.01
2024/11/08 07:01:00,408.00,379.05
2024/11/08 07:01:00,409.00,384.55
2024/11/08 07:01:00,410.00,390.45
2024/11/08 07:01:00,411.00,395.33
2024/11/08 07:01:00,412.00,400.64
2024/11/08 07:01:00,413.00,406.08
2024/11/08 07:01:00,414.00,409.74
2024/11/08 07:01:00,415.00,410.75
2024/11/08 07:01:00,416.00,410.88
2024/11/08 07:01:00,417.00,410.83
2024/11/08 07:01:00,418.00,411.51
2024/11/08 07:01:00,419.00,411.83
2024/11/08 07:01:00,420.00,412.18
2024/11/08 07:01:00,421.00,412.86
2024/11/08 07:01:00,422.00,413.82
2024/11/08 07:01:00,423.00,413.57
2024/11/08 07:01:00,424.00,412.08
2024/11/08 07:01:00,425.00,410.96
2024/11/08 07:01:00,426.00,407.80
2024/11/08 07:01:00,427.00,399.68
2024/11/08 07:01:00,428.00,388.69
2024/11/08 07:01:00,429.00,382.60
2024/11/08 07:01:00,430.00,382.93
2024/11/08 07:01:00,431.00,387.21
2024/11/08 07:01:00,432.00,398.04
2024/11/08 07:01:00,433.00,414.88
2024/11/08 07:01:00,434.00,430.08
2024/11/08 07:01:00,435.00,437.72
2024/11/08 07:01:00,436.00,441.54
2024/11/08 07:01:00,437.00,444.22
2024/11/08 07:01:00,438.00,446.83
2024/11/08 07:01:00,439.00,450.70
2024/11/08 07:01:00,440.00,457.63
2024/11/08 07:01:00,441.00,468.80
2024/11/08 07:01:00,442.00,478.78
2024/11/08 07:01:00,443.00,485.35
2024/11/08 07:01:00,444.00,490.58
2024/11/08 07:01:00,445.00,494.80
2024/11/08 07:01:00,446.00,498.70
2024/11/08 07:01:00,447.00,506.17
2024/11/08 07:01:00,448.00,516.05
2024/11/08 07:01:00,449.00,524.49
2024/11/08 07:01:00,450.00,528.62
2024/11/08 07:01:00,451.00,529.95
2024/11/08 07:01:00,452.00,530.12
2024/11/08 07:01:00,453.00,529.10
2024/11/08 07:01:00,454.00,529.49
2024/11/08 07:01:00,455.00,533.01
2024/11/08 07:01:00,456.00,536.57
2024/11/08 07:01:00,457.00,539.36
2024/11/08 07:01:00,458.00,542.44
2024/11/08 07:01:00,459.00,544.92
2024/11/08 07:01:00,460.00,546.69
2024/11/08 07:01:00,461.00,548.69
2024/11/08 07:01:00,462.00,550.86
2024/11/08 07:01:00,463.00,550.87
2024/11/08 07:01:00,464.00,548.54
2024/11/08 07:01:00,465.00,545.59
2024/11/08 07:01:00,466.00,543.70
2024/11/08 07:01:00,467.00,541.59
2024/11/08 07:01:00,468.00,540.07
2024/11/08 07:01:00,469.00,540.11
2024/11/08 07:01:00,470.00,541.21
2024/11/08 07:01:00,471.00,542.76
2024/11/08 07:01:00,472.00,544.37
2024/11/08 07:01:00,473.00,546.08
2024/11/08 07:01:00,474.00,547.77
2024/11/08 07:01:00,475.00,548.63
2024/11/08 07:01:00,476.00,549.64
2024/11/08 07:01:00,477.00,551.44
2024/11/08 07:01:00,478.00,552.77
2024/11/08 07:01:00,479.00,555.72
2024/11/08 07:01:00,480.00,558.98
2024/11/08 07:01:00,481.00,559.20
2024/11/08 07:01:00,482.00,556.90
2024/11/08 07:01:00,483.00,549.13
2024/11/08 07:01:00,484.00,535.97
2024/11/08 07:01:00,485.00,525.48
2024/11/08 07:01:00,486.00,519.40
2024/11/08 07:01:00,487.00,516.87
2024/11/08 07:01:00,488.00,521.06
2024/11/08 07:01:00,489.00,528.71
2024/11/08 07:01:00,490.00,534.34
2024/11/08 07:01:00,491.00,537.83
2024/11/08 07:01:00,492.00,540.59
2024/11/08 07:01:00,493.00,543.04
2024/11/08 07:01:00,494.00,545.30
2024/11/08 07:01:00,495.00,547.62
2024/11/08 07:01:00,496.00,547.69
2024/11/08 07:01:00,497.00,545.11
2024/11/08 07:01:00,498.00,540.80
2024/11/08 07:01:00,499.00,535.56
2024/11/08 07:01:00,500.00,529.83
2024/11/08 07:01:00,501.00,527.24
2024/11/08 07:01:00,502.00,526.91
2024/11/08 07:01:00,503.00,527.75
2024/11/08 07:01:00,504.00,530.95
2024/11/08 07:01:00,505.00,533.72
2024/11/08 07:01:00,506.00,535.04
2024/11/08 07:01:00,507.00,536.27
2024/11/08 07:01:00,508.00,536.97
2024/11/08 07:01:00,509.00,537.36
2024/11/08 07:01:00,510.00,537.25
2024/11/08 07:01:00,511.00,535.34
2024/11/08 07:01:00,512.00,533.14
2024/11/08 07:01:00,513.00,527.47
2024/11/08 07:01:00,514.00,518.53
2024/11/08 07:01:00,515.00,508.54
2024/11/08 07:01:00,516.00,501.11
2024/11/08 07:01:00,517.00,496.48
2024/11/08 07:01:00,518.00,496.14
2024/11/08 07:01:00,519.00,499.09
2024/11/08 07:01:00,520.00,506.09
2024/11/08 07:01:00,521.00,512.19
2024/11/08 07:01:00,522.00,517.05
2024/11/08 07:01:00,523.00,519.36
2024/11/08 07:01:00,524.00,518.59
2024/11/08 07:01:00,525.00,517.08
2024/11/08 07:01:00,526.00,517.73
2024/11/08 07:01:00,527.00,517.03
2024/11/08 07:01:00,528.00,518.97
2024/11/08 07:01:00,529.00,522.53
2024/11/08 07:01:00,530.00,524.75
2024/11/08 07:01:00,531.00,526.05
2024/11/08 07:01:00,532.00,526.72
2024/11/08 07:01:00,533.00,526.06
2024/11/08 07:01:00,534.00,526.41
2024/11/08 07:01:00,535.00,526.23
2024/11/08 07:01:00,536.00,524.83
2024/11/08 07:01:00,537.00,523.40
2024/11/08 07:01:00,538.00,520.25
2024/11/08 07:01:00,539.00,517.88
2024/11/08 07:01:00,540.00,517.13
2024/11/08 07:01:00,541.00,516.84
2024/11/08 07:01:00,542.00,518.19
2024/11/08 07:01:00,543.00,519.47
2024/11/08 07:01:00,544.00,520.16
2024/11/08 07:01:00,545.00,520.79
2024/11/08 07:01:00,546.00,519.80
2024/11/08 07:01:00,547.00,520.12
2024/11/08 07:01:00,548.00,519.71
2024/11/08 07:01:00,549.00,518.46
2024/11/08 07:01:00,550.00,519.19
2024/11/08 07:01:00,551.00,519.65
2024/11/08 07:01:00,552.00,519.59
2024/11/08 07:01:00,553.00,519.37
2024/11/08 07:01:00,554.00,518.90
2024/11/08 07:01:00,555.00,516.65
2024/11/08 07:01:00,556.00,514.22
2024/11/08 07:01:00,557.00,510.03
2024/11/08 07:01:00,558.00,508.04
2024/11/08 07:01:00,559.00,506.34
2024/11/08 07:01:00,560.00,504.58
2024/11/08 07:01:00,561.00,504.23
2024/11/08 07:01:00,562.00,503.36
2024/11/08 07:01:00,563.00,501.43
2024/11/08 07:01:00,564.00,500.36
2024/11/08 07:01:00,565.00,498.69
2024/11/08 07:01:00,566.00,497.11
2024/11/08 07:01:00,567.00,495.16
2024/11/08 07:01:00,568.00,493.01
2024/11/08 07:01:00,569.00,491.66
2024/11/08 07:01:00,570.00,491.43
2024/11/08 07:01:00,571.00,490.38
2024/11/08 07:01:00,572.00,491.06
2024/11/08 07:01:00,573.00,490.53
2024/11/08 07:01:00,574.00,489.87
2024/11/08 07:01:00,575.00,488.08
2024/11/08 07:01:00,576.00,486.28
2024/11/08 07:01:00,577.00,486.36
2024/11/08 07:01:00,578.00,487.81
2024/11/08 07:01:00,579.00,489.15
2024/11/08 07:01:00,580.00,492.31
2024/11/08 07:01:00,581.00,495.19
2024/11/08 07:01:00,582.00,496.15
2024/11/08 07:01:00,583.00,498.26
2024/11/08 07:01:00,584.00,498.40
2024/11/08 07:01:00,585.00,496.95
2024/11/08 07:01:00,586.00,493.02
2024/11/08 07:01:00,587.00,488.73
2024/11/08 07:01:00,588.00,485.32
2024/11/08 07:01:00,589.00,482.70
2024/11/08 07:01:00,590.00,480.46
2024/11/08 07:01:00,591.00,481.84
2024/11/08 07:01:00,592.00,483.98
2024/11/08 07:01:00,593.00,484.55
2024/11/08 07:01:00,594.00,485.63
2024/11/08 07:01:00,595.00,486.25
2024/11/08 07:01:00,596.00,485.39
2024/11/08 07:01:00,597.00,484.55
2024/11/08 07:01:00,598.00,483.10
2024/11/08 07:01:00,599.00,481.52
2024/11/08 07:01:00,600.00,480.01
2024/11/08 07:01:00,601.00,479.42
2024/11/08 07:01:00,602.00,479.60
2024/11/08 07:01:00,603.00,479.80
2024/11/08 07:01:00,604.00,480.10
2024/11/08 07:01:00,605.00,480.41
2024/11/08 07:01:00,606.00,480.02
2024/11/08 07:01:00,607.00,479.38
2024/11/08 07:01:00,608.00,478.64
2024/11/08 07:01:00,609.00,477.66
2024/11/08 07:01:00,610.00,476.48
2024/11/08 07:01:00,611.00,475.43
2024/11/08 07:01:00,612.00,474.32
2024/11/08 07:01:00,613.00,473.86
2024/11/08 07:01:00,614.00,471.86
2024/11/08 07:01:00,615.00,470.84
2024/11/08 07:01:00,616.00,470.80
2024/11/08 07:01:00,617.00,471.53
2024/11/08 07:01:00,618.00,471.46
2024/11/08 07:01:00,619.00,472.65
2024/11/08 07:01:00,620.00,473.54
2024/11/08 07:01:00,621.00,472.77
2024/11/08 07:01:00,622.00,471.05
2024/11/08 07:01:00,623.00,469.59
2024/11/08 07:01:00,624.00,467.82
2024/11/08 07:01:00,625.00,465.35
2024/11/08 07:01:00,626.00,462.76
2024/11/08 07:01:00,627.00,460.58
2024/11/08 07:01:00,628.00,459.05
2024/11/08 07:01:00,629.00,457.78
2024/11/08 07:01:00,630.00,457.30
2024/11/08 07:01:00,631.00,458.18
2024/11/08 07:01:00,632.00,459.21
2024/11/08 07:01:00,633.00,460.29
2024/11/08 07:01:00,634.00,460.82
2024/11/08 07:01:00,635.00,463.27
2024/11/08 07:01:00,636.00,465.32
2024/11/08 07:01:00,637.00,465.97
2024/11/08 07:01:00,638.00,467.72
2024/11/08 07:01:00,639.00,470.13
2024/11/08 07:01:00,640.00,469.83
2024/11/08 07:01:00,641.00,469.14
2024/11/08 07:01:00,642.00,470.43
2024/11/08 07:01:00,643.00,469.77
2024/11/08 07:01:00,644.00,468.62
2024/11/08 07:01:00,645.00,468.39
2024/11/08 07:01:00,646.00,467.33
2024/11/08 07:01:00,647.00,466.17
2024/11/08 07:01:00,648.00,465.57
2024/11/08 07:01:00,649.00,466.32
2024/11/08 07:01:00,650.00,465.95
2024/11/08 07:01:00,651.00,466.04
2024/11/08 07:01:00,652.00,463.88
2024/11/08 07:01:00,653.00,459.71
2024/11/08 07:01:00,654.00,453.84
2024/11/08 07:01:00,655.00,449.14
2024/11/08 07:01:00,656.00,447.79
2024/11/08 07:01:00,657.00,448.49
2024/11/08 07:01:00,658.00,452.20
2024/11/08 07:01:00,659.00,455.78
2024/11/08 07:01:00,660.00,459.78
2024/11/08 07:01:00,661.00,461.92
2024/11/08 07:01:00,662.00,462.16
2024/11/08 07:01:00,663.00,463.15
2024/11/08 07:01:00,664.00,464.94
2024/11/08 07:01:00,665.00,466.11
2024/11/08 07:01:00,666.00,467.80
2024/11/08 07:01:00,667.00,469.15
2024/11/08 07:01:00,668.00,469.82
2024/11/08 07:01:00,669.00,469.84
2024/11/08 07:01:00,670.00,468.58
2024/11/08 07:01:00,671.00,467.63
2024/11/08 07:01:00,672.00,466.39
2024/11/08 07:01:00,673.00,465.29
2024/11/08 07:01:00,674.00,465.61
2024/11/08 07:01:00,675.00,466.70
2024/11/08 07:01:00,676.00,467.40
2024/11/08 07:01:00,677.00,468.77
2024/11/08 07:01:00,678.00,468.35
2024/11/08 07:01:00,679.00,468.58
2024/11/08 07:01:00,680.00,467.28
2024/11/08 07:01:00,681.00,465.03
2024/11/08 07:01:00,682.00,463.44
2024/11/08 07:01:00,683.00,458.65
2024/11/08 07:01:00,684.00,447.24
2024/11/08 07:01:00,685.00,433.68
2024/11/08 07:01:00,686.00,420.37
2024/11/08 07:01:00,687.00,406.73
2024/11/08 07:01:00,688.00,397.28
2024/11/08 07:01:00,689.00,395.51
2024/11/08 07:01:00,690.00,399.44
2024/11/08 07:01:00,691.00,405.77
2024/11/08 07:01:00,692.00,412.17
2024/11/08 07:01:00,693.00,420.11
2024/11/08 07:01:00,694.00,426.06
2024/11/08 07:01:00,695.00,429.58
2024/11/08 07:01:00,696.00,432.43
2024/11/08 07:01:00,697.00,435.20
2024/11/08 07:01:00,698.00,435.66
2024/11/08 07:01:00,699.00,437.38
2024/11/08 07:01:00,700.00,438.10
2024/11/08 07:01:00,701.00,438.56
2024/11/08 07:01:00,702.00,439.48
2024/11/08 07:01:00,703.00,440.07
2024/11/08 07:01:00,704.00,439.77
2024/11/08 07:01:00,705.00,440.39
2024/11/08 07:01:00,706.00,441.28
2024/11/08 07:01:00,707.00,440.44
2024/11/08 07:01:00,708.00,441.29
2024/11/08 07:01:00,709.00,441.71
2024/11/08 07:01:00,710.00,441.56
2024/11/08 07:01:00,711.00,440.39
2024/11/08 07:01:00,712.00,439.39
2024/11/08 07:01:00,713.00,438.44
2024/11/08 07:01:00,714.00,434.84
2024/11/08 07:01:00,715.00,429.04
2024/11/08 07:01:00,716.00,423.53
2024/11/08 07:01:00,717.00,416.65
2024/11/08 07:01:00,718.00,407.67
2024/11/08 07:01:00,719.00,403.98
2024/11/08 07:01:00,720.00,401.94
2024/11/08 07:01:00,721.00,400.15
2024/11/08 07:01:00,722.00,398.70
2024/11/08 07:01:00,723.00,398.40
2024/11/08 07:01:00,724.00,396.49
2024/11/08 07:01:00,725.00,395.50
2024/11/08 07:01:00,726.00,394.25
2024/11/08 07:01:00,727.00,396.28
2024/11/08 07:01:00,728.00,398.60
2024/11/08 07:01:00,729.00,400.34
2024/11/08 07:01:00,730.00,402.89
2024/11/08 07:01:00,731.00,408.12
2024/11/08 07:01:00,732.00,409.39
2024/11/08 07:01:00,733.00,411.15
2024/11/08 07:01:00,734.00,414.49
2024/11/08 07:01:00,735.00,415.87
2024/11/08 07:01:00,736.00,414.27
2024/11/08 07:01:00,737.00,412.56
2024/11/08 07:01:00,738.00,412.14
2024/11/08 07:01:00,739.00,411.03
2024/11/08 07:01:00,740.00,409.31
2024/11/08 07:01:00,741.00,410.07
2024/11/08 07:01:00,742.00,412.75
2024/11/08 07:01:00,743.00,413.00
2024/11/08 07:01:00,744.00,411.91
2024/11/08 07:01:00,745.00,415.02
2024/11/08 07:01:00,746.00,415.50
2024/11/08 07:01:00,747.00,415.61
2024/11/08 07:01:00,748.00,414.48
2024/11/08 07:01:00,749.00,413.16
2024/11/08 07:01:00,750.00,412.80
2024/11/08 07:01:00,751.00,409.98
2024/11/08 07:01:00,752.00,407.37
2024/11/08 07:01:00,753.00,408.26
2024/11/08 07:01:00,754.00,407.93
2024/11/08 07:01:00,755.00,403.39
2024/11/08 07:01:00,756.00,395.63
2024/11/08 07:01:00,757.00,374.24
2024/11/08 07:01:00,758.00,343.03
2024/11/08 07:01:00,759.00,308.07
2024/11/08 07:01:00,760.00,275.34
2024/11/08 07:01:00,761.00,248.01
2024/11/08 07:01:00,762.00,232.63
2024/11/08 07:01:00,763.00,230.80
2024/11/08 07:01:00,764.00,238.90
2024/11/08 07:01:00,765.00,250.75
2024/11/08 07:01:00,766.00,268.02
2024/11/08 07:01:00,767.00,289.79
2024/11/08 07:01:00,768.00,309.78
2024/11/08 07:01:00,769.00,326.40
2024/11/08 07:01:00,770.00,341.95
2024/11/08 07:01:00,771.00,355.83
2024/11/08 07:01:00,772.00,366.86
2024/11/08 07:01:00,773.00,372.47
2024/11/08 07:01:00,774.00,376.87
2024/11/08 07:01:00,775.00,379.32
2024/11/08 07:01:00,776.00,379.87
2024/11/08 07:01:00,777.00,379.68
2024/11/08 07:01:00,778.00,382.20
2024/11/08 07:01:00,779.00,383.75
2024/11/08 07:01:00,780.00,382.82
2024/11/08 07:01:00,781.00,382.20
2024/11/08 07:01:00,782.00,384.24
2024/11/08 07:01:00,783.00,382.93
2024/11/08 07:01:00,784.00,380.71
2024/11/08 07:01:00,785.00,382.29
2024/11/08 07:01:00,786.00,381.42
2024/11/08 07:01:00,787.00,379.19
2024/11/08 07:01:00,788.00,378.70
2024/11/08 07:01:00,789.00,379.98
2024/11/08 07:01:00,790.00,381.58
2024/11/08 07:01:00,791.00,379.32
2024/11/08 07:01:00,792.00,376.30
2024/11/08 07:01:00,793.00,377.50
2024/11/08 07:01:00,794.00,374.34
2024/11/08 07:01:00,795.00,369.66
2024/11/08 07:01:00,796.00,371.39
2024/11/08 07:01:00,797.00,371.77
2024/11/08 07:01:00,798.00,371.22
2024/11/08 07:01:00,799.00,368.68
2024/11/08 07:01:00,800.00,370.63
2024/11/08 07:01:00,801.00,369.81
2024/11/08 07:01:00,802.00,367.58
2024/11/08 07:01:00,803.00,367.68
2024/11/08 07:01:00,804.00,372.04
2024/11/08 07:01:00,805.00,370.03
2024/11/08 07:01:00,806.00,371.05
2024/11/08 07:01:00,807.00,373.07
2024/11/08 07:01:00,808.00,372.05
2024/11/08 07:01:00,809.00,369.92
2024/11/08 07:01:00,810.00,368.40
2024/11/08 07:01:00,811.00,369.76
2024/11/08 07:01:00,812.00,367.01
2024/11/08 07:01:00,813.00,361.25
2024/11/08 07:01:00,814.00,358.26
2024/11/08 07:01:00,815.00,353.17
2024/11/08 07:01:00,816.00,345.17
2024/11/08 07:01:00,817.00,343.31
2024/11/08 07:01:00,818.00,341.95
2024/11/08 07:01:00,819.00,342.42
2024/11/08 07:01:00,820.00,341.15
2024/11/08 07:01:00,821.00,342.47
2024/11/08 07:01:00,822.00,347.37
2024/11/08 07:01:00,823.00,346.40
2024/11/08 07:01:00,824.00,345.59
2024/11/08 07:01:00,825.00,348.34
2024/11/08 07:01:00,826.00,346.40
2024/11/08 07:01:00,827.00,343.08
2024/11/08 07:01:00,828.00,343.22
2024/11/08 07:01:00,829.00,345.79
2024/11/08 07:01:00,830.00,346.95
2024/11/08 07:01:00,831.00,345.76
2024/11/08 07:01:00,832.00,346.19
2024/11/08 07:01:00,833.00,346.63
2024/11/08 07:01:00,834.00,343.03
2024/11/08 07:01:00,835.00,342.42
2024/11/08 07:01:00,836.00,342.55
2024/11/08 07:01:00,837.00,342.18
2024/11/08 07:01:00,838.00,343.04
2024/11/08 07:01:00,839.00,341.62
2024/11/08 07:01:00,840.00,342.34
2024/11/08 07:01:00,841.00,341.10
2024/11/08 07:01:00,842.00,338.18
2024/11/08 07:01:00,843.00,337.97
2024/11/08 07:01:00,844.00,337.60
2024/11/08 07:01:00,845.00,334.89
2024/11/08 07:01:00,846.00,333.48
2024/11/08 07:01:00,847.00,332.34
2024/11/08 07:01:00,848.00,330.46
2024/11/08 07:01:00,849.00,329.26
2024/11/08 07:01:00,850.00,326.44
2024/11/08 07:01:00,851.00,323.85
2024/11/08 07:01:00,852.00,318.92
2024/11/08 07:01:00,853.00,316.24
2024/11/08 07:01:00,854.00,315.50
2024/11/08 07:01:00,855.00,315.82
2024/11/08 07:01:00,856.00,318.75
2024/11/08 07:01:00,857.00,320.85
2024/11/08 07:01:00,858.00,323.51
2024/11/08 07:01:00,859.00,323.88
2024/11/08 07:01:00,860.00,323.58
2024/11/08 07:01:00,861.00,324.19
2024/11/08 07:01:00,862.00,323.96
2024/11/08 07:01:00,863.00,320.63
2024/11/08 07:01:00,864.00,317.70
2024/11/08 07:01:00,865.00,314.93
2024/11/08 07:01:00,866.00,312.97
2024/11/08 07:01:00,867.00,311.93
2024/11/08 07:01:00,868.00,312.29
2024/11/08 07:01:00,869.00,314.85
2024/11/08 07:01:00,870.00,316.01
2024/11/08 07:01:00,871.00,316.23
2024/11/08 07:01:00,872.00,318.01
2024/11/08 07:01:00,873.00,317.62
2024/11/08 07:01:00,874.00,317.00
2024/11/08 07:01:00,875.00,316.14
2024/11/08 07:01:00,876.00,317.00
2024/11/08 07:01:00,877.00,316.07
2024/11/08 07:01:00,878.00,315.66
2024/11/08 07:01:00,879.00,315.62
2024/11/08 07:01:00,880.00,315.11
2024/11/08 07:01:00,881.00,313.30
2024/11/08 07:01:00,882.00,313.39
2024/11/08 07:01:00,883.00,313.51
2024/11/08 07:01:00,884.00,312.33
2024/11/08 07:01:00,885.00,311.51
2024/11/08 07:01:00,886.00,310.56
2024/11/08 07:01:00,887.00,310.63
2024/11/08 07:01:00,888.00,309.35
2024/11/08 07:01:00,889.00,308.61
2024/11/08 07:01:00,890.00,308.60
2024/11/08 07:01:00,891.00,305.03
2024/11/08 07:01:00,892.00,301.59
2024/11/08 07:01:00,893.00,297.57
2024/11/08 07:01:00,894.00,291.76
2024/11/08 07:01:00,895.00,285.62
2024/11/08 07:01:00,896.00,279.14
2024/11/08 07:01:00,897.00,273.07
2024/11/08 07:01:00,898.00,267.47
2024/11/08 07:01:00,899.00,263.37
2024/11/08 07:01:00,900.00,261.29
2024/11/08 07:01:00,901.00,262.12
2024/11/08 07:01:00,902.00,262.61
2024/11/08 07:01:00,903.00,264.84
2024/11/08 07:01:00,904.00,265.59
2024/11/08 07:01:00,905.00,265.39
2024/11/08 07:01:00,906.00,262.65
2024/11/08 07:01:00,907.00,260.21
2024/11/08 07:01:00,908.00,259.21
2024/11/08 07:01:00,909.00,257.04
2024/11/08 07:01:00,910.00,256.11
2024/11/08 07:01:00,911.00,255.30
2024/11/08 07:01:00,912.00,254.81
2024/11/08 07:01:00,913.00,252.70
2024/11/08 07:01:00,914.00,251.76
2024/11/08 07:01:00,915.00,252.02
2024/11/08 07:01:00,916.00,253.50
2024/11/08 07:01:00,917.00,253.78
2024/11/08 07:01:00,918.00,256.14
2024/11/08 07:01:00,919.00,257.69
2024/11/08 07:01:00,920.00,257.98
2024/11/08 07:01:00,921.00,258.41
2024/11/08 07:01:00,922.00,258.23
2024/11/08 07:01:00,923.00,256.91
2024/11/08 07:01:00,924.00,255.90
2024/11/08 07:01:00,925.00,254.62
2024/11/08 07:01:00,926.00,251.64
2024/11/08 07:01:00,927.00,245.48
2024/11/08 07:01:00,928.00,236.66
2024/11/08 07:01:00,929.00,224.91
2024/11/08 07:01:00,930.00,210.99
2024/11/08 07:01:00,931.00,196.68
2024/11/08 07:01:00,932.00,182.51
2024/11/08 07:01:00,933.00,171.79
2024/11/08 07:01:00,934.00,162.59
2024/11/08 07:01:00,935.00,157.08
2024/11/08 07:01:00,936.00,155.91
2024/11/08 07:01:00,937.00,157.80
2024/11/08 07:01:00,938.00,161.05
2024/11/08 07:01:00,939.00,165.30
2024/11/08 07:01:00,940.00,167.90
2024/11/08 07:01:00,941.00,168.93
2024/11/08 07:01:00,942.00,168.55
2024/11/08 07:01:00,943.00,167.77
2024/11/08 07:01:00,944.00,167.08
2024/11/08 07:01:00,945.00,166.13
2024/11/08 07:01:00,946.00,166.19
2024/11/08 07:01:00,947.00,167.42
2024/11/08 07:01:00,948.00,167.57
2024/11/08 07:01:00,949.00,169.36
2024/11/08 07:01:00,950.00,170.28
2024/11/08 07:01:00,951.00,172.43
2024/11/08 07:01:00,952.00,172.52
2024/11/08 07:01:00,953.00,173.48
2024/11/08 07:01:00,954.00,174.94
2024/11/08 07:01:00,955.00,175.27
2024/11/08 07:01:00,956.00,175.63
2024/11/08 07:01:00,957.00,177.68
2024/11/08 07:01:00,958.00,180.56
2024/11/08 07:01:00,959.00,183.59
2024/11/08 07:01:00,960.00,186.78
2024/11/08 07:01:00,961.00,191.46
2024/11/08 07:01:00,962.00,194.92
2024/11/08 07:01:00,963.00,197.91
2024/11/08 07:01:00,964.00,201.25
2024/11/08 07:01:00,965.00,205.65
2024/11/08 07:01:00,966.00,208.93
2024/11/08 07:01:00,967.00,214.27
2024/11/08 07:01:00,968.00,218.96
2024/11/08 07:01:00,969.00,222.92
2024/11/08 07:01:00,970.00,225.20
2024/11/08 07:01:00,971.00,226.93
2024/11/08 07:01:00,972.00,227.43
2024/11/08 07:01:00,973.00,226.38
2024/11/08 07:01:00,974.00,225.89
2024/11/08 07:01:00,975.00,226.58
2024/11/08 07:01:00,976.00,226.63
2024/11/08 07:01:00,977.00,227.51
2024/11/08 07:01:00,978.00,228.28
2024/11/08 07:01:00,979.00,230.11
2024/11/08 07:01:00,980.00,231.33
2024/11/08 07:01:00,981.00,233.24
2024/11/08 07:01:00,982.00,235.85
2024/11/08 07:01:00,983.00,238.15
2024/11/08 07:01:00,984.00,239.65
2024/11/08 07:01:00,985.00,241.35
2024/11/08 07:01:00,986.00,243.11
2024/11/08 07:01:00,987.00,242.95
2024/11/08 07:01:00,988.00,243.42
2024/11/08 07:01:00,989.00,244.56
2024/11/08 07:01:00,990.00,245.37
2024/11/08 07:01:00,991.00,244.50
2024/11/08 07:01:00,992.00,244.61
2024/11/08 07:01:00,993.00,244.13
2024/11/08 07:01:00,994.00,242.09
2024/11/08 07:01:00,995.00,241.78
2024/11/08 07:01:00,996.00,241.69
2024/11/08 07:01:00,997.00,241.82
2024/11/08 07:01:00,998.00,242.05
2024/11/08 07:01:00,999.00,241.51
2024/11/08 07:01:00,1000.00,241.96
2024/11/08 07:01:00,1001.00,240.34
2024/11/08 07:01:00,1002.00,238.54
2024/11/08 07:01:00,1003.00,237.22
2024/11/08 07:01:00,1004.00,234.90
2024/11/08 07:01:00,1005.00,233.85
2024/11/08 07:01:00,1006.00,233.39
2024/11/08 07:01:00,1007.00,234.99
2024/11/08 07:01:00,1008.00,235.34
2024/11/08 07:01:00,1009.00,235.85
2024/11/08 07:01:00,1010.00,236.88
2024/11/08 07:01:00,1011.00,236.37
2024/11/08 07:01:00,1012.00,235.54
2024/11/08 07:01:00,1013.00,236.28
2024/11/08 07:01:00,1014.00,235.15
2024/11/08 07:01:00,1015.00,234.08
2024/11/08 07:01:00,1016.00,233.06
2024/11/08 07:01:00,1017.00,233.07
2024/11/08 07:01:00,1018.00,232.23
2024/11/08 07:01:00,1019.00,231.70
2024/11/08 07:01:00,1020.00,231.93
2024/11/08 07:01:00,1021.00,231.84
2024/11/08 07:01:00,1022.00,230.09
2024/11/08 07:01:00,1023.00,230.00
2024/11/08 07:01:00,1024.00,229.48
2024/11/08 07:01:00,1025.00,228.30
2024/11/08 07:01:00,1026.00,227.11
2024/11/08 07:01:00,1027.00,227.22
2024/11/08 07:01:00,1028.00,228.88
2024/11/08 07:01:00,1029.00,227.82
2024/11/08 07:01:00,1030.00,227.79
2024/11/08 07:01:00,1031.00,228.11
2024/11/08 07:01:00,1032.00,226.67
2024/11/08 07:01:00,1033.00,225.73
2024/11/08 07:01:00,1034.00,224.57
2024/11/08 07:01:00,1035.00,225.92
2024/11/08 07:01:00,1036.00,224.13
2024/11/08 07:01:00,1037.00,223.02
2024/11/08 07:01:00,1038.00,224.38
2024/11/08 07:01:00,1039.00,221.84
2024/11/08 07:01:00,1040.00,219.77
2024/11/08 07:01:00,1041.00,220.46
2024/11/08 07:01:00,1042.00,219.01
2024/11/08 07:01:00,1043.00,218.51
2024/11/08 07:01:00,1044.00,218.06
2024/11/08 07:01:00,1045.00,219.93
2024/11/08 07:01:00,1046.00,219.67
2024/11/08 07:01:00,1047.00,217.84
2024/11/08 07:01:00,1048.00,217.67
2024/11/08 07:01:00,1049.00,217.49
2024/11/08 07:01:00,1050.00,215.09
2024/11/08 07:01:00,1051.00,217.35
2024/11/08 07:01:00,1052.00,218.67
2024/11/08 07:01:00,1053.00,217.38
2024/11/08 07:01:00,1054.00,215.86
2024/11/08 07:01:00,1055.00,216.34
2024/11/08 07:01:00,1056.00,217.17
2024/11/08 07:01:00,1057.00,212.96
2024/11/08 07:01:00,1058.00,213.71
2024/11/08 07:01:00,1059.00,213.60
2024/11/08 07:01:00,1060.00,211.67
2024/11/08 07:01:00,1061.00,211.81
2024/11/08 07:01:00,1062.00,213.62
2024/11/08 07:01:00,1063.00,214.11
2024/11/08 07:01:00,1064.00,210.07
2024/11/08 07:01:00,1065.00,210.55
2024/11/08 07:01:00,1066.00,210.89
2024/11/08 07:01:00,1067.00,205.16
2024/11/08 07:01:00,1068.00,205.30
2024/11/08 07:01:00,1069.00,206.74
2024/11/08 07:01:00,1070.00,206.31
2024/11/08 07:01:00,1071.00,207.93
2024/11/08 07:01:00,1072.00,205.11
2024/11/08 07:01:00,1073.00,209.35
2024/11/08 07:01:00,1074.00,203.47
2024/11/08 07:01:00,1075.00,200.68
2024/11/08 07:01:00,1076.00,204.91
2024/11/08 07:01:00,1077.00,203.87
2024/11/08 07:01:00,1078.00,203.97
2024/11/08 07:01:00,1079.00,204.60
2024/11/08 07:01:00,1080.00,207.68
2024/11/08 07:01:00,1081.00,204.24
2024/11/08 07:01:00,1082.00,200.79
2024/11/08 07:01:00,1083.00,205.36
2024/11/08 07:01:00,1084.00,201.85
2024/11/08 07:01:00,1085.00,198.78
2024/11/08 07:01:00,1086.00,200.45
2024/11/08 07:01:00,1087.00,204.60
2024/11/08 07:01:00,1088.00,201.77
2024/11/08 07:01:00,1089.00,198.88
2024/11/08 07:01:00,1090.00,202.01
2024/11/08 07:01:00,1091.00,201.13
2024/11/08 07:01:00,1092.00,196.32
2024/11/08 07:01:00,1093.00,197.60
2024/11/08 07:01:00,1094.00,198.64
2024/11/08 07:01:00,1095.00,191.92
2024/11/08 07:01:00,1096.00,194.17
2024/11/08 07:01:00,1097.00,201.31
2024/11/08 07:01:00,1098.00,201.10
2024/11/08 07:01:00,1099.00,196.19
2024/11/08 07:01:00,1100.00,197.05
2024/11/08 07:02:00,Wavelength(nm),Irradiance(W/m2/um)
2024/11/08 07:02:00,300.00,5.91
2024/11/08 07:02:00,301.00,6.61
2024/11/08 07:02:00,302.00,7.60
2024/11/08 07:02:00,303.00,8.25
2024/11/08 07:02:00,304.00,9.38
2024/11/08 07:02:00,305.00,10.44
2024/11/08 07:02:00,306.00,11.84
2024/11/08 07:02:00,307.00,13.08
2024/11/08 07:02:00,308.00,14.83
2024/11/08 07:02:00,309.00,17.55
2024/11/08 07:02:00,310.00,20.52
2024/11/08 07:02:00,311.00,23.69
2024/11/08 07:02:00,312.00,27.75
2024/11/08 07:02:00,313.00,32.28
2024/11/08 07:02:00,314.00,37.14
2024/11/08 07:02:00,315.00,42.37
2024/11/08 07:02:00,316.00,48.11
2024/11/08 07:02:00,317.00,54.46
2024/11/08 07:02:00,318.00,60.11
2024/11/08 07:02:00,319.00,65.27
2024/11/08 07:02:00,320.00,70.93
2024/11/08 07:02:00,321.00,76.89
2024/11/08 07:02:00,322.00,83.29
2024/11/08 07:02:00,323.00,91.41
2024/11/08 07:02:00,324.00,100.48
2024/11/08 07:02:00,325.00,109.81
2024/11/08 07:02:00,326.00,119.37
2024/11/08 07:02:00,327.00,128.40
2024/11/08 07:02:00,328.00,136.23
2024/11/08 07:02:00,329.00,142.63
2024/11/08 07:02:00,330.00,147.58
2024/11/08 07:02:00,331.00,151.84
2024/11/08 07:02:00,332.00,154.70
2024/11/08 07:02:00,333.00,155.64
2024/11/08 07:02:00,334.00,156.40
2024/11/08 07:02:00,335.00,157.62
2024/11/08 07:02:00,336.00,159.00
2024/11/08 07:02:00,337.00,160.51
2024/11/08 07:02:00,338.00,163.29
2024/11/08 07:02:00,339.00,167.10
2024/11/08 07:02:00,340.00,170.05
2024/11/08 07:02:00,341.00,171.35
2024/11/08 07:02:00,342.00,172.32
2024/11/08 07:02:00,343.00,173.52
2024/11/08 07:02:00,344.00,173.80
2024/11/08 07:02:00,345.00,173.75
2024/11/08 07:02:00,346.00,174.80
2024/11/08 07:02:00,347.00,177.06
2024/11/08 07:02:00,348.00,179.52
2024/11/08 07:02:00,349.00,181.99
2024/11/08 07:02:00,350.00,185.41
2024/11/08 07:02:00,351.00,190.04
2024/11/08 07:02:00,352.00,193.85
2024/11/08 07:02:00,353.00,196.13
2024/11/08 07:02:00,354.00,196.55
2024/11/08 07:02:00,355.00,193.97
2024/11/08 07:02:00,356.00,190.63
2024/11/08 07:02:00,357.00,187.86
2024/11/08 07:02:00,358.00,185.53
2024/11/08 07:02:00,359.00,185.50
2024/11/08 07:02:00,360.00,189.65
2024/11/08 07:02:00,361.00,194.20
2024/11/08 07:02:00,362.00,200.28
2024/11/08 07:02:00,363.00,209.14
2024/11/08 07:02:00,364.00,218.98
2024/11/08 07:02:00,365.00,226.73
2024/11/08 07:02:00,366.00,233.84
2024/11/08 07:02:00,367.00,238.92
2024/11/08 07:02:00,368.00,241.66
2024/11/08 07:02:00,369.00,241.12
2024/11/08 07:02:00,370.00,237.99
2024/11/08 07:02:00,371.00,232.29
2024/11/08 07:02:00,372.00,226.48
2024/11/08 07:02:00,373.00,222.51
2024/11/08 07:02:00,374.00,223.32
2024/11/08 07:02:00,375.00,229.65
2024/11/08 07:02:00,376.00,238.00
2024/11/08 07:02:00,377.00,246.20
2024/11/08 07:02:00,378.00,251.93
2024/11/08 07:02:00,379.00,250.14
2024/11/08 07:02:00,380.00,239.87
2024/11/08 07:02:00,381.00,228.30
2024/11/08 07:02:00,382.00,218.65
2024/11/08 07:02:00,383.00,211.23
2024/11/08 07:02:00,384.00,208.90
2024/11/08 07:02:00,385.00,212.88
2024/11/08 07:02:00,386.00,219.97
2024/11/08 07:02:00,387.00,229.21
2024/11/08 07:02:00,388.00,239.91
2024/11/08 07:02:00,389.00,248.72
2024/11/08 07:02:00,390.00,250.35
2024/11/08 07:02:00,391.00,246.62
2024/11/08 07:02:00,392.00,243.26
2024/11/08 07:02:00,393.00,237.11
2024/11/08 07:02:00,394.00,230.06
2024/11/08 07:02:00,395.00,234.20
2024/11/08 07:02:00,396.00,252.16
2024/11/08 07:02:00,397.00,273.31
2024/11/08 07:02:00,398.00,298.41
2024/11/08 07:02:00,399.00,328.78
2024/11/08 07:02:00,400.00,355.55
2024/11/08 07:02:00,401.00,372.60
2024/11/08 07:02:00,402.00,381.80
2024/11/08 07:02:00,403.00,384.36
2024/11/08 07:02:00,404.00,382.92
2024/11/08 07:02:00,405.00,381.49
2024/11/08 07:02:00,406.00,381.38
2024/11/08 07:02:00,407.00,382.05
2024/11/08 07:02:00,408.00,384.37
2024/11/08 07:02:00,409.00,389.49
2024/11/08 07:02:00,410.00,395.01
2024/11/08 07:02:00,411.00,400.15
2024/11/08 07:02:00,412.00,405.36
2024/11/08 07:02:00,413.00,411.10
2024/11/08 07:02:00,414.00,414.81
2024/11/08 07:02:00,415.00,416.33
2024/11/08 07:02:00,416.00,415.97
2024/11/08 07:02:00,417.00,415.88
2024/11/08 07:02:00,418.00,415.90
2024/11/08 07:02:00,419.00,416.38
2024/11/08 07:02:00,420.00,416.56
2024/11/08 07:02:00,421.00,417.74
2024/11/08 07:02:00,422.00,418.73
2024/11/08 07:02:00,423.00,418.91
2024/11/08 07:02:00,424.00,417.53
2024/11/08 07:02:00,425.00,415.44
2024/11/08 07:02:00,426.00,412.02
2024/11/08 07:02:00,427.00,403.60
2024/11/08 07:02:00,428.00,392.84
2024/11/08 07:02:00,429.00,386.24
2024/11/08 07:02:00,430.00,386.50
2024/11/08 07:02:00,431.00,390.76
2024/11/08 07:02:00,432.00,401.75
2024/11/08 07:02:00,433.00,418.75
2024/11/08 07:02:00,434.00,435.18
2024/11/08 07:02:00,435.00,443.54
2024/11/08 07:02:00,436.00,447.86
2024/11/08 07:02:00,437.00,451.19
2024/11/08 07:02:00,438.00,453.78
2024/11/08 07:02:00,439.00,456.86
2024/11/08 07:02:00,440.00,464.11
2024/11/08 07:02:00,441.00,474.72
2024/11/08 07:02:00,442.00,484.73
2024/11/08 07:02:00,443.00,491.52
2024/11/08 07:02:00,444.00,497.16
2024/11/08 07:02:00,445.00,501.59
2024/11/08 07:02:00,446.00,506.05
2024/11/08 07:02:00,447.00,513.66
2024/11/08 07:02:00,448.00,523.64
2024/11/08 07:02:00,449.00,531.25
2024/11/08 07:02:00,450.00,535.32
2024/11/08 07:02:00,451.00,535.81
2024/11/08 07:02:00,452.00,535.04
2024/11/08 07:02:00,453.00,533.42
2024/11/08 07:02:00,454.00,534.67
2024/11/08 07:02:00,455.00,537.78
2024/11/08 07:02:00,456.00,542.92
2024/11/08 07:02:00,457.00,546.41
2024/11/08 07:02:00,458.00,549.66
2024/11/08 07:02:00,459.00,551.75
2024/11/08 07:02:00,460.00,553.81
2024/11/08 07:02:00,461.00,555.81
2024/11/08 07:02:00,462.00,558.39
2024/11/08 07:02:00,463.00,557.96
2024/11/08 07:02:00,464.00,555.75
2024/11/08 07:02:00,465.00,553.32
2024/11/08 07:02:00,466.00,551.01
2024/11/08 07:02:00,467.00,548.42
2024/11/08 07:02:00,468.00,547.20
2024/11/08 07:02:00,469.00,547.60
2024/11/08 07:02:00,470.00,548.70
2024/11/08 07:02:00,471.00,549.50
2024/11/08 07:02:00,472.00,550.37
2024/11/08 07:02:00,473.00,552.31
2024/11/08 07:02:00,474.00,552.04
2024/11/08 07:02:00,475.00,552.54
2024/11/08 07:02:00,476.00,553.96
2024/11/08 07:02:00,477.00,557.56
2024/11/08 07:02:00,478.00,560.19
2024/11/08 07:02:00,479.00,564.18
2024/11/08 07:02:00,480.00,567.39
2024/11/08 07:02:00,481.00,567.83
2024/11/08 07:02:00,482.00,563.39
2024/11/08 07:02:00,483.00,554.39
2024/11/08 07:02:00,484.00,542.75
2024/11/08 07:02:00,485.00,532.27
2024/11/08 07:02:00,486.00,525.31
2024/11/08 07:02:00,487.00,523.87
2024/11/08 07:02:00,488.00,528.37
2024/11/08 07:02:00,489.00,535.55
2024/11/08 07:02:00,490.00,540.45
2024/11/08 07:02:00,491.00,544.94
2024/11/08 07:02:00,492.00,548.28
2024/11/08 07:02:00,493.00,549.83
2024/11/08 07:02:00,494.00,550.92
2024/11/08 07:02:00,495.00,553.22
2024/11/08 07:02:00,496.00,552.80
2024/11/08 07:02:00,497.00,550.13
2024/11/08 07:02:00,498.00,545.82
2024/11/08 07:02:00,499.00,541.17
2024/11/08 07:02:00,500.00,536.45
2024/11/08 07:02:00,501.00,533.58
2024/11/08 07:02:00,502.00,532.18
2024/11/08 07:02:00,503.00,533.93
2024/11/08 07:02:00,504.00,537.42
2024/11/08 07:02:00,505.00,539.90
2024/11/08 07:02:00,506.00,541.46
2024/11/08 07:02:00,507.00,543.71
2024/11/08 07:02:00,508.00,544.26
2024/11/08 07:02:00,509.00,543.29
2024/11/08 07:02:00,510.00,543.07
2024/11/08 07:02:00,511.00,542.00
2024/11/08 07:02:00,512.00,538.50
2024/11/08 07:02:00,513.00,532.82
2024/11/08 07:02:00,514.00,525.06
2024/11/08 07:02:00,515.00,515.00
2024/11/08 07:02:00,516.00,507.51
2024/11/08 07:02:00,517.00,502.54
2024/11/08 07:02:00,518.00,502.93
2024/11/08 07:02:00,519.00,506.04
2024/11/08 07:02:00,520.00,512.16
2024/11/08 07:02:00,521.00,517.60
2024/11/08 07:02:00,522.00,524.57
2024/11/08 07:02:00,523.00,526.34
2024/11/08 07:02:00,524.00,525.20
2024/11/08 07:02:00,525.00,524.70
2024/11/08 07:02:00,526.00,525.69
2024/11/08 07:02:00,527.00,526.29
2024/11/08 07:02:00,528.00,527.56
2024/11/08 07:02:00,529.00,532.10
2024/11/08 07:02:00,530.00,535.41
2024/11/08 07:02:00,531.00,535.19
2024/11/08 07:02:00,532.00,534.56
2024/11/08 07:02:00,533.00,534.07
2024/11/08 07:02:00,534.00,532.91
2024/11/08 07:02:00,535.00,532.65
2024/11/08 07:02:00,536.00,533.06
2024/11/08 07:02:00,537.00,531.12
2024/11/08 07:02:00,538.00,528.29
2024/11/08 07:02:00,539.00,525.88
2024/11/08 07:02:00,540.00,523.49
2024/11/08 07:02:00,541.00,522.88
2024/11/08 07:02:00,542.00,523.23
2024/11/08 07:02:00,543.00,525.67
2024/11/08 07:02:00,544.00,526.36
2024/11/08 07:02:00,545.00,527.36
2024/11/08 07:02:00,546.00,528.54
2024/11/08 07:02:00,547.00,528.61
2024/11/08 07:02:00,548.00,527.79
2024/11/08 07:02:00,549.00,528.34
2024/11/08 07:02:00,550.00,528.00
2024/11/08 07:02:00,551.00,526.39
2024/11/08 07:02:00,552.00,526.80
2024/11/08 07:02:00,553.00,526.47
2024/11/08 07:02:00,554.00,524.89
2024/11/08 07:02:00,555.00,522.92
2024/11/08 07:02:00,556.00,521.22
2024/11/08 07:02:00,557.00,517.36
2024/11/08 07:02:00,558.00,513.15
2024/11/08 07:02:00,559.00,510.32
2024/11/08 07:02:00,560.00,508.34
2024/11/08 07:02:00,561.00,507.54
2024/11/08 07:02:00,562.00,506.95
2024/11/08 07:02:00,563.00,506.67
2024/11/08 07:02:00,564.00,506.67
2024/11/08 07:02:00,565.00,506.64
2024/11/08 07:02:00,566.00,504.55
2024/11/08 07:02:00,567.00,503.70
2024/11/08 07:02:00,568.00,502.16
2024/11/08 07:02:00,569.00,500.47
2024/11/08 07:02:00,570.00,499.23
2024/11/08 07:02:00,571.00,499.37
2024/11/08 07:02:00,572.00,497.03
2024/11/08 07:02:00,573.00,496.09
2024/11/08 07:02:00,574.00,496.05
2024/11/08 07:02:00,575.00,494.91
2024/11/08 07:02:00,576.00,492.88
2024/11/08 07:02:00,577.00,492.63
2024/11/08 07:02:00,578.00,493.79
2024/11/08 07:02:00,579.00,494.48
2024/11/08 07:02:00,580.00,496.13
2024/11/08 07:02:00,581.00,499.09
2024/11/08 07:02:00,582.00,501.48
2024/11/08 07:02:00,583.00,502.92
2024/11/08 07:02:00,584.00,503.91
2024/11/08 07:02:00,585.00,502.69
2024/11/08 07:02:00,586.00,500.04
2024/11/08 07:02:00,587.00,496.97
2024/11/08 07:02:00,588.00,493.37
2024/11/08 07:02:00,589.00,490.98
2024/11/08 07:02:00,590.00,490.04
2024/11/08 07:02:00,591.00,489.90
2024/11/08 07:02:00,592.00,490.33
2024/11/08 07:02:00,593.00,491.33
2024/11/08 07:02:00,594.00,491.43
2024/11/08 07:02:00,595.00,491.10
2024/11/08 07:02:00,596.00,490.32
2024/11/08 07:02:00,597.00,489.90
2024/11/08 07:02:00,598.00,488.49
2024/11/08 07:02:00,599.00,486.48
2024/11/08 07:02:00,600.00,485.18
2024/11/08 07:02:00,601.00,485.02
2024/11/08 07:02:00,602.00,484.99
2024/11/08 07:02:00,603.00,485.84
2024/11/08 07:02:00,604.00,487.18
2024/11/08 07:02:00,605.00,488.42
2024/11/08 07:02:00,606.00,487.52
2024/11/08 07:02:00,607.00,486.84
2024/11/08 07:02:00,608.00,486.56
2024/11/08 07:02:00,609.00,486.06
2024/11/08 07:02:00,610.00,483.93
2024/11/08 07:02:00,611.00,483.07
2024/11/08 07:02:00,612.00,481.82
2024/11/08 07:02:00,613.00,479.91
2024/11/08 07:02:00,614.00,477.77
2024/11/08 07:02:00,615.00,476.76
2024/11/08 07:02:00,616.00,477.23
2024/11/08 07:02:00,617.00,477.67
2024/11/08 07:02:00,618.00,477.96
2024/11/08 07:02:00,619.00,478.61
2024/11/08 07:02:00,620.00,478.30
2024/11/08 07:02:00,621.00,477.12
2024/11/08 07:02:00,622.00,475.27
2024/11/08 07:02:00,623.00,474.12
2024/11/08 07:02:00,624.00,471.96
2024/11/08 07:02:00,625.00,470.15
2024/11/08 07:02:00,626.00,467.16
2024/11/08 07:02:00,627.00,464.85
2024/11/08 07:02:00,628.00,462.85
2024/11/08 07:02:00,629.00,461.26
2024/11/08 07:02:00,630.00,460.68
2024/11/08 07:02:00,631.00,461.99
2024/11/08 07:02:00,632.00,463.61
2024/11/08 07:02:00,633.00,465.54
2024/11/08 07:02:00,634.00,467.81
2024/11/08 07:02:00,635.00,470.26
2024/11/08 07:02:00,636.00,472.80
2024/11/08 07:02:00,637.00,473.95
2024/11/08 07:02:00,638.00,474.41
2024/11/08 07:02:00,639.00,475.98
2024/11/08 07:02:00,640.00,475.39
2024/11/08 07:02:00,641.00,475.04
2024/11/08 07:02:00,642.00,475.63
2024/11/08 07:02:00,643.00,476.01
2024/11/08 07:02:00,644.00,474.67
2024/11/08 07:02:00,645.00,474.82
2024/11/08 07:02:00,646.00,472.98
2024/11/08 07:02:00,647.00,471.69
2024/11/08 07:02:00,648.00,470.50
2024/11/08 07:02:00,649.00,469.45
2024/11/08 07:02:00,650.00,469.29
2024/11/08 07:02:00,651.00,470.89
2024/11/08 07:02:00,652.00,468.82
2024/11/08 07:02:00,653.00,464.49
2024/11/08 07:02:00,654.00,459.39
2024/11/08 07:02:00,655.00,454.90
2024/11/08 07:02:00,656.00,450.45
2024/11/08 07:02:00,657.00,449.78
2024/11/08 07:02:00,658.00,452.74
2024/11/08 07:02:00,659.00,456.67
2024/11/08 07:02:00,660.00,459.86
2024/11/08 07:02:00,661.00,464.27
2024/11/08 07:02:00,662.00,467.59
2024/11/08 07:02:00,663.00,469.14
2024/11/08 07:02:00,664.00,471.50
2024/11/08 07:02:00,665.00,473.70
2024/11/08 07:02:00,666.00,474.63
2024/11/08 07:02:00,667.00,474.64
2024/11/08 07:02:00,668.00,475.15
2024/11/08 07:02:00,669.00,475.90
2024/11/08 07:02:00,670.00,474.97
2024/11/08 07:02:00,671.00,474.84
2024/11/08 07:02:00,672.00,475.17
2024/11/08 07:02:00,673.00,475.37
2024/11/08 07:02:00,674.00,474.18
2024/11/08 07:02:00,675.00,474.48
2024/11/08 07:02:00,676.00,475.16
2024/11/08 07:02:00,677.00,474.66
2024/11/08 07:02:00,678.00,473.84
2024/11/08 07:02:00,679.00,473.61
2024/11/08 07:02:00,680.00,473.04
2024/11/08 07:02:00,681.00,470.62
2024/11/08 07:02:00,682.00,469.49
2024/11/08 07:02:00,683.00,465.18
2024/11/08 07:02:00,684.00,454.08
2024/11/08 07:02:00,685.00,439.72
2024/11/08 07:02:00,686.00,425.39
2024/11/08 07:02:00,687.00,410.92
2024/11/08 07:02:00,688.00,401.00
2024/11/08 07:02:00,689.00,398.66
2024/11/08 07:02:00,690.00,403.47
2024/11/08 07:02:00,691.00,410.23
2024/11/08 07:02:00,692.00,416.65
2024/11/08 07:02:00,693.00,424.29
2024/11/08 07:02:00,694.00,431.60
2024/11/08 07:02:00,695.00,435.76
2024/11/08 07:02:00,696.00,438.52
2024/11/08 07:02:00,697.00,441.47
2024/11/08 07:02:00,698.00,442.96
2024/11/08 07:02:00,699.00,442.65
2024/11/08 07:02:00,700.00,441.36
2024/11/08 07:02:00,701.00,442.70
2024/11/08 07:02:00,702.00,443.60
2024/11/08 07:02:00,703.00,444.57
2024/11/08 07:02:00,704.00,445.30
2024/11/08 07:02:00,705.00,445.74
2024/11/08 07:02:00,706.00,446.10
2024/11/08 07:02:00,707.00,445.56
2024/11/08 07:02:00,708.00,445.48
2024/11/08 07:02:00,709.00,447.01
2024/11/08 07:02:00,710.00,446.77
2024/11/08 07:02:00,711.00,444.73
2024/11/08 07:02:00,712.00,444.22
2024/11/08 07:02:00,713.00,443.03
2024/11/08 07:02:00,714.00,439.32
2024/11/08 07:02:00,715.00,434.08
2024/11/08 07:02:00,716.00,426.76
2024/11/08 07:02:00,717.00,419.54
2024/11/08 07:02:00,718.00,409.08
2024/11/08 07:02:00,719.00,403.47
2024/11/08 07:02:00,720.00,402.21
2024/11/08 07:02:00,721.00,402.63
2024/11/08 07:02:00,722.00,402.47
2024/11/08 07:02:00,723.00,403.69
2024/11/08 07:02:00,724.00,403.91
2024/11/08 07:02:00,725.00,404.05
2024/11/08 07:02:00,726.00,403.74
2024/11/08 07:02:00,727.00,404.41
2024/11/08 07:02:00,728.00,407.57
2024/11/08 07:02:00,729.00,407.16
2024/11/08 07:02:00,730.00,409.20
2024/11/08 07:02:00,731.00,412.07
2024/11/08 07:02:00,732.00,415.14
2024/11/08 07:02:00,733.00,415.83
2024/11/08 07:02:00,734.00,417.48
2024/11/08 07:02:00,735.00,418.59
2024/11/08 07:02:00,736.00,418.80
2024/11/08 07:02:00,737.00,416.00
2024/11/08 07:02:00,738.00,416.48
2024/11/08 07:02:00,739.00,417.82
2024/11/08 07:02:00,740.00,415.65
2024/11/08 07:02:00,741.00,416.57
2024/11/08 07:02:00,742.00,416.52
2024/11/08 07:02:00,743.00,416.06
2024/11/08 07:02:00,744.00,415.31
2024/11/08 07:02:00,745.00,414.82
2024/11/08 07:02:00,746.00,415.77
2024/11/08 07:02:00,747.00,416.37
2024/11/08 07:02:00,748.00,414.69
2024/11/08 07:02:00,749.00,414.22
2024/11/08 07:02:00,750.00,415.95
2024/11/08 07:02:00,751.00,414.37
2024/11/08 07:02:00,752.00,414.00
2024/11/08 07:02:00,753.00,413.59
2024/11/08 07:02:00,754.00,415.51
2024/11/08 07:02:00,755.00,411.48
2024/11/08 07:02:00,756.00,399.76
2024/11/08 07:02:00,757.00,379.57
2024/11/08 07:02:00,758.00,348.21
2024/11/08 07:02:00,759.00,311.62
2024/11/08 07:02:00,760.00,278.91
2024/11/08 07:02:00,761.00,251.51
2024/11/08 07:02:00,762.00,237.00
2024/11/08 07:02:00,763.00,234.65
2024/11/08 07:02:00,764.00,240.57
2024/11/08 07:02:00,765.00,254.25
2024/11/08 07:02:00,766.00,271.07
2024/11/08 07:02:00,767.00,291.01
2024/11/08 07:02:00,768.00,312.80
2024/11/08 07:02:00,769.00,330.64
2024/11/08 07:02:00,770.00,344.74
2024/11/08 07:02:00,771.00,358.90
2024/11/08 07:02:00,772.00,370.26
2024/11/08 07:02:00,773.00,375.84
2024/11/08 07:02:00,774.00,379.84
2024/11/08 07:02:00,775.00,385.13
2024/11/08 07:02:00,776.00,386.30
2024/11/08 07:02:00,777.00,383.03
2024/11/08 07:02:00,778.00,385.45
2024/11/08 07:02:00,779.00,387.45
2024/11/08 07:02:00,780.00,385.93
2024/11/08 07:02:00,781.00,387.88
2024/11/08 07:02:00,782.00,389.56
2024/11/08 07:02:00,783.00,389.74
2024/11/08 07:02:00,784.00,388.27
2024/11/08 07:02:00,785.00,385.23
2024/11/08 07:02:00,786.00,386.47
2024/11/08 07:02:00,787.00,384.74
2024/11/08 07:02:00,788.00,381.15
2024/11/08 07:02:00,789.00,382.33
2024/11/08 07:02:00,790.00,382.99
2024/11/08 07:02:00,791.00,379.91
2024/11/08 07:02:00,792.00,377.90
2024/11/08 07:02:00,793.00,376.54
2024/11/08 07:02:00,794.00,376.46
2024/11/08 07:02:00,795.00,373.72
2024/11/08 07:02:00,796.00,371.67
2024/11/08 07:02:00,797.00,375.33
2024/11/08 07:02:00,798.00,372.44
2024/11/08 07:02:00,799.00,370.56
2024/11/08 07:02:00,800.00,373.67
2024/11/08 07:02:00,801.00,376.30
2024/11/08 07:02:00,802.00,376.41
2024/11/08 07:02:00,803.00,376.52
2024/11/08 07:02:00,804.00,378.26
2024/11/08 07:02:00,805.00,378.09
2024/11/08 07:02:00,806.00,374.53
2024/11/08 07:02:00,807.00,374.93
2024/11/08 07:02:00,808.00,375.90
2024/11/08 07:02:00,809.00,372.48
2024/11/08 07:02:00,810.00,371.19
2024/11/08 07:02:00,811.00,370.65
2024/11/08 07:02:00,812.00,368.52
2024/11/08 07:02:00,813.00,362.82
2024/11/08 07:02:00,814.00,358.80
2024/11/08 07:02:00,815.00,357.33
2024/11/08 07:02:00,816.00,352.66
2024/11/08 07:02:00,817.00,346.27
2024/11/08 07:02:00,818.00,347.43
2024/11/08 07:02:00,819.00,345.70
2024/11/08 07:02:00,820.00,341.77
2024/11/08 07:02:00,821.00,342.96
2024/11/08 07:02:00,822.00,344.62
2024/11/08 07:02:00,823.00,349.32
2024/11/08 07:02:00,824.00,349.26
2024/11/08 07:02:00,825.00,348.74
2024/11/08 07:02:00,826.00,352.24
2024/11/08 07:02:00,827.00,348.28
2024/11/08 07:02:00,828.00,344.76
2024/11/08 07:02:00,829.00,348.18
2024/11/08 07:02:00,830.00,348.88
2024/11/08 07:02:00,831.00,347.76
2024/11/08 07:02:00,832.00,347.37
2024/11/08 07:02:00,833.00,348.90
2024/11/08 07:02:00,834.00,347.24
2024/11/08 07:02:00,835.00,344.96
2024/11/08 07:02:00,836.00,345.57
2024/11/08 07:02:00,837.00,346.38
2024/11/08 07:02:00,838.00,343.56
2024/11/08 07:02:00,839.00,343.28
2024/11/08 07:02:00,840.00,343.62
2024/11/08 07:02:00,841.00,343.45
2024/11/08 07:02:00,842.00,343.46
2024/11/08 07:02:00,843.00,342.18
2024/11/08 07:02:00,844.00,343.38
2024/11/08 07:02:00,845.00,340.71
2024/11/08 07:02:00,846.00,336.50
2024/11/08 07:02:00,847.00,334.80
2024/11/08 07:02:00,848.00,332.87
2024/11/08 07:02:00,849.00,329.55
2024/11/08 07:02:00,850.00,327.37
2024/11/08 07:02:00,851.00,324.68
2024/11/08 07:02:00,852.00,322.92
2024/11/08 07:02:00,853.00,320.15
2024/11/08 07:02:00,854.00,318.72
2024/11/08 07:02:00,855.00,321.28
2024/11/08 07:02:00,856.00,322.14
2024/11/08 07:02:00,857.00,324.33
2024/11/08 07:02:00,858.00,327.23
2024/11/08 07:02:00,859.00,327.30
2024/11/08 07:02:00,860.00,326.72
2024/11/08 07:02:00,861.00,327.58
2024/11/08 07:02:00,862.00,327.60
2024/11/08 07:02:00,863.00,325.25
2024/11/08 07:02:00,864.00,322.72
2024/11/08 07:02:00,865.00,320.62
2024/11/08 07:02:00,866.00,317.84
2024/11/08 07:02:00,867.00,316.14
2024/11/08 07:02:00,868.00,316.73
2024/11/08 07:02:00,869.00,317.72
2024/11/08 07:02:00,870.00,318.14
2024/11/08 07:02:00,871.00,318.19
2024/11/08 07:02:00,872.00,318.37
2024/11/08 07:02:00,873.00,319.70
2024/11/08 07:02:00,874.00,318.80
2024/11/08 07:02:00,875.00,318.64
2024/11/08 07:02:00,876.00,320.34
2024/11/08 07:02:00,877.00,319.59
2024/11/08 07:02:00,878.00,318.70
2024/11/08 07:02:00,879.00,317.89
2024/11/08 07:02:00,880.00,317.55
2024/11/08 07:02:00,881.00,316.46
2024/11/08 07:02:00,882.00,315.42
2024/11/08 07:02:00,883.00,315.73
2024/11/08 07:02:00,884.00,315.90
2024/11/08 07:02:00,885.00,314.51
2024/11/08 07:02:00,886.00,314.31
2024/11/08 07:02:00,887.00,314.03
2024/11/08 07:02:00,888.00,312.69
2024/11/08 07:02:00,889.00,311.86
2024/11/08 07:02:00,890.00,310.81
2024/11/08 07:02:00,891.00,308.00
2024/11/08 07:02:00,892.00,304.87
2024/11/08 07:02:00,893.00,300.59
2024/11/08 07:02:00,894.00,297.02
2024/11/08 07:02:00,895.00,290.64
2024/11/08 07:02:00,896.00,285.19
2024/11/08 07:02:00,897.00,279.61
2024/11/08 07:02:00,898.00,274.17
2024/11/08 07:02:00,899.00,269.06
2024/11/08 07:02:00,900.00,265.64
2024/11/08 07:02:00,901.00,265.57
2024/11/08 07:02:00,902.00,267.27
2024/11/08 07:02:00,903.00,267.97
2024/11/08 07:02:00,904.00,269.37
2024/11/08 07:02:00,905.00,268.71
2024/11/08 07:02:00,906.00,265.90
2024/11/08 07:02:00,907.00,262.30
2024/11/08 07:02:00,908.00,260.81
2024/11/08 07:02:00,909.00,259.39
2024/11/08 07:02:00,910.00,258.09
2024/11/08 07:02:00,911.00,257.25
2024/11/08 07:02:00,912.00,257.49
2024/11/08 07:02:00,913.00,254.64
2024/11/08 07:02:00,914.00,253.38
2024/11/08 07:02:00,915.00,253.37
2024/11/08 07:02:00,916.00,254.78
2024/11/08 07:02:00,917.00,256.36
2024/11/08 07:02:00,918.00,258.68
2024/11/08 07:02:00,919.00,261.47
2024/11/08 07:02:00,920.00,262.23
2024/11/08 07:02:00,921.00,261.19
2024/11/08 07:02:00,922.00,261.19
2024/11/08 07:02:00,923.00,259.76
2024/11/08 07:02:00,924.00,258.15
2024/11/08 07:02:00,925.00,256.36
2024/11/08 07:02:00,926.00,253.36
2024/11/08 07:02:00,927.00,246.85
2024/11/08 07:02:00,928.00,237.17
2024/11/08 07:02:00,929.00,225.62
2024/11/08 07:02:00,930.00,212.75
2024/11/08 07:02:00,931.00,196.49
2024/11/08 07:02:00,932.00,183.48
2024/11/08 07:02:00,933.00,172.84
2024/11/08 07:02:00,934.00,163.47
2024/11/08 07:02:00,935.00,158.20
2024/11/08 07:02:00,936.00,157.91
2024/11/08 07:02:00,937.00,159.93
2024/11/08 07:02:00,938.00,163.29
2024/11/08 07:02:00,939.00,166.95
2024/11/08 07:02:00,940.00,170.44
2024/11/08 07:02:00,941.00,170.68
2024/11/08 07:02:00,942.00,168.55
2024/11/08 07:02:00,943.00,168.26
2024/11/08 07:02:00,944.00,166.92
2024/11/08 07:02:00,945.00,167.08
2024/11/08 07:02:00,946.00,167.14
2024/11/08 07:02:00,947.00,168.51
2024/11/08 07:02:00,948.00,169.53
2024/11/08 07:02:00,949.00,170.20
2024/11/08 07:02:00,950.00,171.71
2024/11/08 07:02:00,951.00,173.35
2024/11/08 07:02:00,952.00,173.86
2024/11/08 07:02:00,953.00,174.25
2024/11/08 07:02:00,954.00,175.11
2024/11/08 07:02:00,955.00,176.94
2024/11/08 07:02:00,956.00,178.71
2024/11/08 07:02:00,957.00,180.65
2024/11/08 07:02:00,958.00,185.18
2024/11/08 07:02:00,959.00,187.91
2024/11/08 07:02:00,960.00,190.76
2024/11/08 07:02:00,961.00,195.63
2024/11/08 07:02:00,962.00,198.85
2024/11/08 07:02:00,963.00,201.43
2024/11/08 07:02:00,964.00,204.34
2024/11/08 07:02:00,965.00,209.10
2024/11/08 07:02:00,966.00,213.31
2024/11/08 07:02:00,967.00,217.73
2024/11/08 07:02:00,968.00,223.51
2024/11/08 07:02:00,969.00,226.89
2024/11/08 07:02:00,970.00,227.69
2024/11/08 07:02:00,971.00,229.25
2024/11/08 07:02:00,972.00,229.63
2024/11/08 07:02:00,973.00,229.07
2024/11/08 07:02:00,974.00,228.69
2024/11/08 07:02:00,975.00,228.97
2024/11/08 07:02:00,976.00,229.61
2024/11/08 07:02:00,977.00,229.19
2024/11/08 07:02:00,978.00,230.82
2024/11/08 07:02:00,979.00,233.13
2024/11/08 07:02:00,980.00,234.31
2024/11/08 07:02:00,981.00,237.38
2024/11/08 07:02:00,982.00,239.87
2024/11/08 07:02:00,983.00,241.97
2024/11/08 07:02:00,984.00,243.19
2024/11/08 07:02:00,985.00,244.53
2024/11/08 07:02:00,986.00,246.03
2024/11/08 07:02:00,987.00,245.71
2024/11/08 07:02:00,988.00,245.74
2024/11/08 07:02:00,989.00,247.03
2024/11/08 07:02:00,990.00,246.82
2024/11/08 07:02:00,991.00,245.37
2024/11/08 07:02:00,992.00,244.91
2024/11/08 07:02:00,993.00,246.18
2024/11/08 07:02:00,994.00,245.31
2024/11/08 07:02:00,995.00,244.58
2024/11/08 07:02:00,996.00,246.48
2024/11/08 07:02:00,997.00,246.12
2024/11/08 07:02:00,998.00,244.23
2024/11/08 07:02:00,999.00,244.57
2024/11/08 07:02:00,1000.00,244.32
2024/11/08 07:02:00,1001.00,243.19
2024/11/08 07:02:00,1002.00,241.54
2024/11/08 07:02:00,1003.00,240.84
2024/11/08 07:02:00,1004.00,240.63
2024/11/08 07:02:00,1005.00,238.88
2024/11/08 07:02:00,1006.00,238.18
2024/11/08 07:02:00,1007.00,238.63
2024/11/08 07:02:00,1008.00,237.15
2024/11/08 07:02:00,1009.00,236.80
2024/11/08 07:02:00,1010.00,237.24
2024/11/08 07:02:00,1011.00,238.55
2024/11/08 07:02:00,1012.00,238.63
2024/11/08 07:02:00,1013.00,238.47
2024/11/08 07:02:00,1014.00,240.18
2024/11/08 07:02:00,1015.00,238.47
2024/11/08 07:02:00,1016.00,236.98
2024/11/08 07:02:00,1017.00,237.02
2024/11/08 07:02:00,1018.00,235.50
2024/11/08 07:02:00,1019.00,233.17
2024/11/08 07:02:00,1020.00,232.89
2024/11/08 07:02:00,1021.00,232.63
2024/11/08 07:02:00,1022.00,232.41
2024/11/08 07:02:00,1023.00,232.40
2024/11/08 07:02:00,1024.00,234.43
2024/11/08 07:02:00,1025.00,234.15
2024/11/08 07:02:00,1026.00,232.37
2024/11/08 07:02:00,1027.00,231.85
2024/11/08 07:02:00,1028.00,231.80
2024/11/08 07:02:00,1029.00,229.43
2024/11/08 07:02:00,1030.00,227.96
2024/11/08 07:02:00,1031.00,228.32
2024/11/08 07:02:00,1032.00,228.21
2024/11/08 07:02:00,1033.00,225.86
2024/11/08 07:02:00,1034.00,226.01
2024/11/08 07:02:00,1035.00,225.98
2024/11/08 07:02:00,1036.00,224.24
2024/11/08 07:02:00,1037.00,223.87
2024/11/08 07:02:00,1038.00,222.94
2024/11/08 07:02:00,1039.00,223.28
2024/11/08 07:02:00,1040.00,221.10
2024/11/08 07:02:00,1041.00,220.22
2024/11/08 07:02:00,1042.00,221.38
2024/11/08 07:02:00,1043.00,218.89
2024/11/08 07:02:00,1044.00,219.54
2024/11/08 07:02:00,1045.00,221.48
2024/11/08 07:02:00,1046.00,220.35
2024/11/08 07:02:00,1047.00,220.79
2024/11/08 07:02:00,1048.00,219.03
2024/11/08 07:02:00,1049.00,218.94
2024/11/08 07:02:00,1050.00,216.28
2024/11/08 07:02:00,1051.00,215.94
2024/11/08 07:02:00,1052.00,218.28
2024/11/08 07:02:00,1053.00,216.74
2024/11/08 07:02:00,1054.00,215.86
2024/11/08 07:02:00,1055.00,217.81
2024/11/08 07:02:00,1056.00,219.17
2024/11/08 07:02:00,1057.00,217.41
2024/11/08 07:02:00,1058.00,216.33
2024/11/08 07:02:00,1059.00,216.65
2024/11/08 07:02:00,1060.00,213.83
2024/11/08 07:02:00,1061.00,209.43
2024/11/08 07:02:00,1062.00,209.75
2024/11/08 07:02:00,1063.00,209.63
2024/11/08 07:02:00,1064.00,206.83
2024/11/08 07:02:00,1065.00,205.33
2024/11/08 07:02:00,1066.00,207.98
2024/11/08 07:02:00,1067.00,209.26
2024/11/08 07:02:00,1068.00,207.29
2024/11/08 07:02:00,1069.00,211.39
2024/11/08 07:02:00,1070.00,211.58
2024/11/08 07:02:00,1071.00,208.01
2024/11/08 07:02:00,1072.00,208.56
2024/11/08 07:02:00,1073.00,212.79
2024/11/08 07:02:00,1074.00,211.37
2024/11/08 07:02:00,1075.00,211.58
2024/11/08 07:02:00,1076.00,211.03
2024/11/08 07:02:00,1077.00,212.36
2024/11/08 07:02:00,1078.00,204.78
2024/11/08 07:02:00,1079.00,206.06
2024/11/08 07:02:00,1080.00,208.33
2024/11/08 07:02:00,1081.00,202.01
2024/11/08 07:02:00,1082.00,203.34
2024/11/08 07:02:00,1083.00,205.15
2024/11/08 07:02:00,1084.00,204.02
2024/11/08 07:02:00,1085.00,204.54
2024/11/08 07:02:00,1086.00,203.64
2024/11/08 07:02:00,1087.00,208.32
2024/11/08 07:02:00,1088.00,203.69
2024/11/08 07:02:00,1089.00,200.00
2024/11/08 07:02:00,1090.00,204.26
2024/11/08 07:02:00,1091.00,200.03
2024/11/08 07:02:00,1092.00,196.39
2024/11/08 07:02:00,1093.00,198.88
2024/11/08 07:02:00,1094.00,199.01
2024/11/08 07:02:00,1095.00,194.01
2024/11/08 07:02:00,1096.00,190.64
2024/11/08 07:02:00,1097.00,198.08
2024/11/08 07:02:00,1098.00,199.96
2024/11/08 07:02:00,1099.00,197.42
2024/11/08 07:02:00,1100.00,205.21
2024/11/08 07:03:00,Wavelength(nm),Irradiance(W/m2/um)
2024/11/08 07:03:00,300.00,6.47
2024/11/08 07:03:00,301.00,6.86
2024/11/08 07:03:00,302.00,7.67
2024/11/08 07:03:00,303.00,8.60
2024/11/08 07:03:00,304.00,9.46
2024/11/08 07:03:00,305.00,10.35
2024/11/08 07:03:00,306.00,11.75
2024/11/08 07:03:00,307.00,13.26
2024/11/08 07:03:00,308.00,15.03
2024/11/08 07:03:00,309.00,17.75
2024/11/08 07:03:00,310.00,21.04
2024/11/08 07:03:00,311.00,24.56
2024/11/08 07:03:00,312.00,28.49
2024/11/08 07:03:00,313.00,33.16
2024/11/08 07:03:00,314.00,37.99
2024/11/08 07:03:00,315.00,43.20
2024/11/08 07:03:00,316.00,48.65
2024/11/08 07:03:00,317.00,54.71
2024/11/08 07:03:00,318.00,60.51
2024/11/08 07:03:00,319.00,65.74
2024/11/08 07:03:00,320.00,71.15
2024/11/08 07:03:00,321.00,77.36
2024/11/08 07:03:00,322.00,84.27
2024/11/08 07:03:00,323.00,92.55
2024/11/08 07:03:00,324.00,101.72
2024/11/08 07:03:00,325.00,111.51
2024/11/08 07:03:00,326.00,121.44
2024/11/08 07:03:00,327.00,130.48
2024/11/08 07:03:00,328.00,138.26
2024/11/08 07:03:00,329.00,144.60
2024/11/08 07:03:00,330.00,149.50
2024/11/08 07:03:00,331.00,153.35
2024/11/08 07:03:00,332.00,155.96
2024/11/08 07:03:00,333.00,156.96
2024/11/08 07:03:00,334.00,157.66
2024/11/08 07:03:00,335.00,158.68
2024/11/08 07:03:00,336.00,160.20
2024/11/08 07:03:00,337.00,162.16
2024/11/08 07:03:00,338.00,165.11
2024/11/08 07:03:00,339.00,168.91
2024/11/08 07:03:00,340.00,172.12
2024/11/08 07:03:00,341.00,173.99
2024/11/08 07:03:00,342.00,174.69
2024/11/08 07:03:00,343.00,175.29
2024/11/08 07:03:00,344.00,175.73
2024/11/08 07:03:00,345.00,175.69
2024/11/08 07:03:00,346.00,176.29
2024/11/08 07:03:00,347.00,178.55
2024/11/08 07:03:00,348.00,181.51
2024/11/08 07:03:00,349.00,184.04
2024/11/08 07:03:00,350.00,187.34
2024/11/08 07:03:00,351.00,192.10
2024/11/08 07:03:00,352.00,196.12
2024/11/08 07:03:00,353.00,198.59
2024/11/08 07:03:00,354.00,198.62
2024/11/08 07:03:00,355.00,196.28
2024/11/08 07:03:00,356.00,192.83
2024/11/08 07:03:00,357.00,190.07
2024/11/08 07:03:00,358.00,187.86
2024/11/08 07:03:00,359.00,188.30
2024/11/08 07:03:00,360.00,192.20
2024/11/08 07:03:00,361.00,196.89
2024/11/08 07:03:00,362.00,202.79
2024/11/08 07:03:00,363.00,211.44
2024/11/08 07:03:00,364.00,221.20
2024/11/08 07:03:00,365.00,229.08
2024/11/08 07:03:00,366.00,236.34
2024/11/08 07:03:00,367.00,241.57
2024/11/08 07:03:00,368.00,243.83
2024/11/08 07:03:00,369.00,243.51
2024/11/08 07:03:00,370.00,240.17
2024/11/08 07:03:00,371.00,234.40
2024/11/08 07:03:00,372.00,228.32
2024/11/08 07:03:00,373.00,224.68
2024/11/08 07:03:00,374.00,225.27
2024/11/08 07:03:00,375.00,231.69
2024/11/08 07:03:00,376.00,240.05
2024/11/08 07:03:00,377.00,248.51
2024/11/08 07:03:00,378.00,254.35
2024/11/08 07:03:00,379.00,252.88
2024/11/08 07:03:00,380.00,242.80
2024/11/08 07:03:00,381.00,231.15
2024/11/08 07:03:00,382.00,221.58
2024/11/08 07:03:00,383.00,214.21
2024/11/08 07:03:00,384.00,211.46
2024/11/08 07:03:00,385.00,215.31
2024/11/08 07:03:00,386.00,222.85
2024/11/08 07:03:00,387.00,231.92
2024/11/08 07:03:00,388.00,242.67
2024/11/08 07:03:00,389.00,252.10
2024/11/08 07:03:00,390.00,253.80
2024/11/08 07:03:00,391.00,249.71
2024/11/08 07:03:00,392.00,246.31
2024/11/08 07:03:00,393.00,240.31
2024/11/08 07:03:00,394.00,232.70
2024/11/08 07:03:00,395.00,236.17
2024/11/08 07:03:00,396.00,253.95
2024/11/08 07:03:00,397.00,275.15
2024/11/08 07:03:00,398.00,300.39
2024/11/08 07:03:00,399.00,331.36
2024/11/08 07:03:00,400.00,359.49
2024/11/08 07:03:00,401.00,377.20
2024/11/08 07:03:00,402.00,386.96
2024/11/08 07:03:00,403.00,389.28
2024/11/08 07:03:00,404.00,387.30
2024/11/08 07:03:00,405.00,385.31
2024/11/08 07:03:00,406.00,385.09
2024/11/08 07:03:00,407.00,385.69
2024/11/08 07:03:00,408.00,388.15
2024/11/08 07:03:00,409.00,393.67
2024/11/08 07:03:00,410.00,399.14
2024/11/08 07:03:00,411.00,404.01
2024/11/08 07:03:00,412.00,409.37
2024/11/08 07:03:00,413.00,414.76
2024/11/08 07:03:00,414.00,418.50
2024/11/08 07:03:00,415.00,419.93
2024/11/08 07:03:00,416.00,419.89
2024/11/08 07:03:00,417.00,419.51
2024/11/08 07:03:00,418.00,420.08
2024/11/08 07:03:00,419.00,420.41
2024/11/08 07:03:00,420.00,421.25
2024/11/08 07:03:00,421.00,421.91
2024/11/08 07:03:00,422.00,423.02
2024/11/08 07:03:00,423.00,423.43
2024/11/08 07:03:00,424.00,421.78
2024/11/08 07:03:00,425.00,419.84
2024/11/08 07:03:00,426.00,417.26
2024/11/08 07:03:00,427.00,408.93
2024/11/08 07:03:00,428.00,397.62
2024/11/08 07:03:00,429.00,391.36
2024/11/08 07:03:00,430.00,391.32
2024/11/08 07:03:00,431.00,395.69
2024/11/08 07:03:00,432.00,406.59
2024/11/08 07:03:00,433.00,423.33
2024/11/08 07:03:00,434.00,439.77
2024/11/08 07:03:00,435.00,448.12
2024/11/08 07:03:00,436.00,452.18
2024/11/08 07:03:00,437.00,455.35
2024/11/08 07:03:00,438.00,458.70
2024/11/08 07:03:00,439.00,462.19
2024/11/08 07:03:00,440.00,469.55
2024/11/08 07:03:00,441.00,479.77
2024/11/08 07:03:00,442.00,489.80
2024/11/08 07:03:00,443.00,496.35
2024/11/08 07:03:00,444.00,501.27
2024/11/08 07:03:00,445.00,505.61
2024/11/08 07:03:00,446.00,510.22
2024/11/08 07:03:00,447.00,517.68
2024/11/08 07:03:00,448.00,527.50
2024/11/08 07:03:00,449.00,535.71
2024/11/08 07:03:00,450.00,540.22
2024/11/08 07:03:00,451.00,541.13
2024/11/08 07:03:00,452.00,540.83
2024/11/08 07:03:00,453.00,539.84
2024/11/08 07:03:00,454.00,540.72
2024/11/08 07:03:00,455.00,543.32
2024/11/08 07:03:00,456.00,547.42
2024/11/08 07:03:00,457.00,550.85
2024/11/08 07:03:00,458.00,553.88
2024/11/08 07:03:00,459.00,556.60
2024/11/08 07:03:00,460.00,558.87
2024/11/08 07:03:00,461.00,561.83
2024/11/08 07:03:00,462.00,563.96
2024/11/08 07:03:00,463.00,563.82
2024/11/08 07:03:00,464.00,562.29
2024/11/08 07:03:00,465.00,559.16
2024/11/08 07:03:00,466.00,556.42
2024/11/08 07:03:00,467.00,553.38
2024/11/08 07:03:00,468.00,552.32
2024/11/08 07:03:00,469.00,552.04
2024/11/08 07:03:00,470.00,552.88
2024/11/08 07:03:00,471.00,554.46
2024/11/08 07:03:00,472.00,556.99
2024/11/08 07:03:00,473.00,558.82
2024/11/08 07:03:00,474.00,558.99
2024/11/08 07:03:00,475.00,560.60
2024/11/08 07:03:00,476.00,561.25
2024/11/08 07:03:00,477.00,563.61
2024/11/08 07:03:00,478.00,565.03
2024/11/08 07:03:00,479.00,568.54
2024/11/08 07:03:00,480.00,571.41
2024/11/08 07:03:00,481.00,572.12
2024/11/08 07:03:00,482.00,567.90
2024/11/08 07:03:00,483.00,561.10
2024/11/08 07:03:00,484.00,548.77
2024/11/08 07:03:00,485.00,538.28
2024/11/08 07:03:00,486.00,531.75
2024/11/08 07:03:00,487.00,530.68
2024/11/08 07:03:00,488.00,534.19
2024/11/08 07:03:00,489.00,540.60
2024/11/08 07:03:00,490.00,545.60
2024/11/08 07:03:00,491.00,551.02
2024/11/08 07:03:00,492.00,553.19
2024/11/08 07:03:00,493.00,554.93
2024/11/08 07:03:00,494.00,556.90
2024/11/08 07:03:00,495.00,559.81
2024/11/08 07:03:00,496.00,558.76
2024/11/08 07:03:00,497.00,556.01
2024/11/08 07:03:00,498.00,551.77
2024/11/08 07:03:00,499.00,548.13
2024/11/08 07:03:00,500.00,541.89
2024/11/08 07:03:00,501.00,538.85
2024/11/08 07:03:00,502.00,538.80
2024/11/08 07:03:00,503.00,540.89
2024/11/08 07:03:00,504.00,543.56
2024/11/08 07:03:00,505.00,546.63
2024/11/08 07:03:00,506.00,548.60
2024/11/08 07:03:00,507.00,550.12
2024/11/08 07:03:00,508.00,550.06
2024/11/08 07:03:00,509.00,548.51
2024/11/08 07:03:00,510.00,549.04
2024/11/08 07:03:00,511.00,546.77
2024/11/08 07:03:00,512.00,543.11
2024/11/08 07:03:00,513.00,538.62
2024/11/08 07:03:00,514.00,531.22
2024/11/08 07:03:00,515.00,521.09
2024/11/08 07:03:00,516.00,512.51
2024/11/08 07:03:00,517.00,507.09
2024/11/08 07:03:00,518.00,506.65
2024/11/08 07:03:00,519.00,508.43
2024/11/08 07:03:00,520.00,514.25
2024/11/08 07:03:00,521.00,522.18
2024/11/08 07:03:00,522.00,529.21
2024/11/08 07:03:00,523.00,530.24
2024/11/08 07:03:00,524.00,529.40
2024/11/08 07:03:00,525.00,529.39
2024/11/08 07:03:00,526.00,529.88
2024/11/08 07:03:00,527.00,529.02
2024/11/08 07:03:00,528.00,531.53
2024/11/08 07:03:00,529.00,536.76
2024/11/08 07:03:00,530.00,538.20
2024/11/08 07:03:00,531.00,538.26
2024/11/08 07:03:00,532.00,539.38
2024/11/08 07:03:00,533.00,537.90
2024/11/08 07:03:00,534.00,536.97
2024/11/08 07:03:00,535.00,537.03
2024/11/08 07:03:00,536.00,537.00
2024/11/08 07:03:00,537.00,535.54
2024/11/08 07:03:00,538.00,533.01
2024/11/08 07:03:00,539.00,530.07
2024/11/08 07:03:00,540.00,529.59
2024/11/08 07:03:00,541.00,528.94
2024/11/08 07:03:00,542.00,528.03
2024/11/08 07:03:00,543.00,529.14
2024/11/08 07:03:00,544.00,530.32
2024/11/08 07:03:00,545.00,530.07
2024/11/08 07:03:00,546.00,529.17
2024/11/08 07:03:00,547.00,529.77
2024/11/08 07:03:00,548.00,530.65
2024/11/08 07:03:00,549.00,531.01
2024/11/08 07:03:00,550.00,531.78
2024/11/08 07:03:00,551.00,532.88
2024/11/08 07:03:00,552.00,533.59
2024/11/08 07:03:00,553.00,533.06
2024/11/08 07:03:00,554.00,531.53
2024/11/08 07:03:00,555.00,529.50
2024/11/08 07:03:00,556.00,526.35
2024/11/08 07:03:00,557.00,521.30
2024/11/08 07:03:00,558.00,518.05
2024/11/08 07:03:00,559.00,517.06
2024/11/08 07:03:00,560.00,514.85
2024/11/08 07:03:00,561.00,514.74
2024/11/08 07:03:00,562.00,514.64
2024/11/08 07:03:00,563.00,514.08
2024/11/08 07:03:00,564.00,512.19
2024/11/08 07:03:00,565.00,510.72
2024/11/08 07:03:00,566.00,508.19
2024/11/08 07:03:00,567.00,507.88
2024/11/08 07:03:00,568.00,504.41
2024/11/08 07:03:00,569.00,502.02
2024/11/08 07:03:00,570.00,502.43
2024/11/08 07:03:00,571.00,502.99
2024/11/08 07:03:00,572.00,500.46
2024/11/08 07:03:00,573.00,501.67
2024/11/08 07:03:00,574.00,501.96
2024/11/08 07:03:00,575.00,500.53
2024/11/08 07:03:00,576.00,497.61
2024/11/08 07:03:00,577.00,498.33
2024/11/08 07:03:00,578.00,499.10
2024/11/08 07:03:00,579.00,499.67
2024/11/08 07:03:00,580.00,501.24
2024/11/08 07:03:00,581.00,504.86
2024/11/08 07:03:00,582.00,506.51
2024/11/08 07:03:00,583.00,506.84
2024/11/08 07:03:00,584.00,507.33
2024/11/08 07:03:00,585.00,506.49
2024/11/08 07:03:00,586.00,503.42
2024/11/08 07:03:00,587.00,499.29
2024/11/08 07:03:00,588.00,497.35
2024/11/08 07:03:00,589.00,495.84
2024/11/08 07:03:00,590.00,493.61
2024/11/08 07:03:00,591.00,493.82
2024/11/08 07:03:00,592.00,495.47
2024/11/08 07:03:00,593.00,496.12
2024/11/08 07:03:00,594.00,497.36
2024/11/08 07:03:00,595.00,497.64
2024/11/08 07:03:00,596.00,497.17
2024/11/08 07:03:00,597.00,497.26
2024/11/08 07:03:00,598.00,495.33
2024/11/08 07:03:00,599.00,491.95
2024/11/08 07:03:00,600.00,492.37
2024/11/08 07:03:00,601.00,491.76
2024/11/08 07:03:00,602.00,490.53
2024/11/08 07:03:00,603.00,491.29
2024/11/08 07:03:00,604.00,492.26
2024/11/08 07:03:00,605.00,492.22
2024/11/08 07:03:00,606.00,490.97
2024/11/08 07:03:00,607.00,491.06
2024/11/08 07:03:00,608.00,489.91
2024/11/08 07:03:00,609.00,488.32
2024/11/08 07:03:00,610.00,486.51
2024/11/08 07:03:00,611.00,486.61
2024/11/08 07:03:00,612.00,485.60
2024/11/08 07:03:00,613.00,484.10
2024/11/08 07:03:00,614.00,481.76
2024/11/08 07:03:00,615.00,480.70
2024/11/08 07:03:00,616.00,479.15
2024/11/08 07:03:00,617.00,478.70
2024/11/08 07:03:00,618.00,479.01
2024/11/08 07:03:00,619.00,480.92
2024/11/08 07:03:00,620.00,481.75
2024/11/08 07:03:00,621.00,480.97
2024/11/08 07:03:00,622.00,480.76
2024/11/08 07:03:00,623.00,480.11
2024/11/08 07:03:00,624.00,478.08
2024/11/08 07:03:00,625.00,475.30
2024/11/08 07:03:00,626.00,472.78
2024/11/08 07:03:00,627.00,469.66
2024/11/08 07:03:00,628.00,466.59
2024/11/08 07:03:00,629.00,465.56
2024/11/08 07:03:00,630.00,466.13
2024/11/08 07:03:00,631.00,467.62
2024/11/08 07:03:00,632.00,468.48
2024/11/08 07:03:00,633.00,470.44
2024/11/08 07:03:00,634.00,472.89
2024/11/08 07:03:00,635.00,474.45
2024/11/08 07:03:00,636.00,475.45
2024/11/08 07:03:00,637.00,477.67
2024/11/08 07:03:00,638.00,479.15
2024/11/08 07:03:00,639.00,479.63
2024/11/08 07:03:00,640.00,479.68
2024/11/08 07:03:00,641.00,480.31
2024/11/08 07:03:00,642.00,480.30
2024/11/08 07:03:00,643.00,479.37
2024/11/08 07:03:00,644.00,478.54
2024/11/08 07:03:00,645.00,478.24
2024/11/08 07:03:00,646.00,476.27
2024/11/08 07:03:00,647.00,474.15
2024/11/08 07:03:00,648.00,472.90
2024/11/08 07:03:00,649.00,472.51
2024/11/08 07:03:00,650.00,472.68
2024/11/08 07:03:00,651.00,472.23
2024/11/08 07:03:00,652.00,471.60
2024/11/08 07:03:00,653.00,467.70
2024/11/08 07:03:00,654.00,462.04
2024/11/08 07:03:00,655.00,457.14
2024/11/08 07:03:00,656.00,455.63
2024/11/08 07:03:00,657.00,454.96
2024/11/08 07:03:00,658.00,458.80
2024/11/08 07:03:00,659.00,463.30
2024/11/08 07:03:00,660.00,466.71
2024/11/08 07:03:00,661.00,468.79
2024/11/08 07:03:00,662.00,470.56
2024/11/08 07:03:00,663.00,471.85
2024/11/08 07:03:00,664.00,473.80
2024/11/08 07:03:00,665.00,475.17
2024/11/08 07:03:00,666.00,476.38
2024/11/08 07:03:00,667.00,477.82
2024/11/08 07:03:00,668.00,478.11
2024/11/08 07:03:00,669.00,477.92
2024/11/08 07:03:00,670.00,477.96
2024/11/08 07:03:00,671.00,477.17
2024/11/08 07:03:00,672.00,476.60
2024/11/08 07:03:00,673.00,476.22
2024/11/08 07:03:00,674.00,476.03
2024/11/08 07:03:00,675.00,476.21
2024/11/08 07:03:00,676.00,476.45
2024/11/08 07:03:00,677.00,475.19
2024/11/08 07:03:00,678.00,475.69
2024/11/08 07:03:00,679.00,475.13
2024/11/08 07:03:00,680.00,474.26
2024/11/08 07:03:00,681.00,473.63
2024/11/08 07:03:00,682.00,473.68
2024/11/08 07:03:00,683.00,468.40
2024/11/08 07:03:00,684.00,457.74
2024/11/08 07:03:00,685.00,443.80
2024/11/08 07:03:00,686.00,429.62
2024/11/08 07:03:00,687.00,415.32
2024/11/08 07:03:00,688.00,405.51
2024/11/08 07:03:00,689.00,403.71
2024/11/08 07:03:00,690.00,408.49
2024/11/08 07:03:00,691.00,414.62
2024/11/08 07:03:00,692.00,421.12
2024/11/08 07:03:00,693.00,428.78
2024/11/08 07:03:00,694.00,435.32
2024/11/08 07:03:00,695.00,438.63
2024/11/08 07:03:00,696.00,440.98
2024/11/08 07:03:00,697.00,443.77
2024/11/08 07:03:00,698.00,446.02
2024/11/08 07:03:00,699.00,445.20
2024/11/08 07:03:00,700.00,445.33
2024/11/08 07:03:00,701.00,447.68
2024/11/08 07:03:00,702.00,447.93
2024/11/08 07:03:00,703.00,447.67
2024/11/08 07:03:00,704.00,449.10
2024/11/08 07:03:00,705.00,450.70
2024/11/08 07:03:00,706.00,449.71
2024/11/08 07:03:00,707.00,449.45
2024/11/08 07:03:00,708.00,451.10
2024/11/08 07:03:00,709.00,451.92
2024/11/08 07:03:00,710.00,449.90
2024/11/08 07:03:00,711.00,450.76
2024/11/08 07:03:00,712.00,449.56
2024/11/08 07:03:00,713.00,447.68
2024/11/08 07:03:00,714.00,443.10
2024/11/08 07:03:00,715.00,438.25
2024/11/08 07:03:00,716.00,429.95
2024/11/08 07:03:00,717.00,422.23
2024/11/08 07:03:00,718.00,413.46
2024/11/08 07:03:00,719.00,409.13
2024/11/08 07:03:00,720.00,407.56
2024/11/08 07:03:00,721.00,406.49
2024/11/08 07:03:00,722.00,405.75
2024/11/08 07:03:00,723.00,406.22
2024/11/08 07:03:00,724.00,406.54
2024/11/08 07:03:00,725.00,405.77
2024/11/08 07:03:00,726.00,406.09
2024/11/08 07:03:00,727.00,406.90
2024/11/08 07:03:00,728.00,407.52
2024/11/08 07:03:00,729.00,407.30
2024/11/08 07:03:00,730.00,409.65
2024/11/08 07:03:00,731.00,414.79
2024/11/08 07:03:00,732.00,417.84
2024/11/08 07:03:00,733.00,419.77
2024/11/08 07:03:00,734.00,422.93
2024/11/08 07:03:00,735.00,423.83
2024/11/08 07:03:00,736.00,420.27
2024/11/08 07:03:00,737.00,419.97
2024/11/08 07:03:00,738.00,419.43
2024/11/08 07:03:00,739.00,417.32
2024/11/08 07:03:00,740.00,415.30
2024/11/08 07:03:00,741.00,418.28
2024/11/08 07:03:00,742.00,418.25
2024/11/08 07:03:00,743.00,417.82
2024/11/08 07:03:00,744.00,418.54
2024/11/08 07:03:00,745.00,420.84
2024/11/08 07:03:00,746.00,421.59
2024/11/08 07:03:00,747.00,419.75
2024/11/08 07:03:00,748.00,420.78
2024/11/08 07:03:00,749.00,421.06
2024/11/08 07:03:00,750.00,418.20
2024/11/08 07:03:00,751.00,416.60
2024/11/08 07:03:00,752.00,416.42
2024/11/08 07:03:00,753.00,414.44
2024/11/08 07:03:00,754.00,412.81
2024/11/08 07:03:00,755.00,410.66
2024/11/08 07:03:00,756.00,400.54
2024/11/08 07:03:00,757.00,379.62
2024/11/08 07:03:00,758.00,347.47
2024/11/08 07:03:00,759.00,317.40
2024/11/08 07:03:00,760.00,284.12
2024/11/08 07:03:00,761.00,255.04
2024/11/08 07:03:00,762.00,241.75
2024/11/08 07:03:00,763.00,240.78
2024/11/08 07:03:00,764.00,244.33
2024/11/08 07:03:00,765.00,255.85
2024/11/08 07:03:00,766.00,274.48
2024/11/08 07:03:00,767.00,294.27
2024/11/08 07:03:00,768.00,315.33
2024/11/08 07:03:00,769.00,332.45
2024/11/08 07:03:00,770.00,348.33
2024/11/08 07:03:00,771.00,360.17
2024/11/08 07:03:00,772.00,368.68
2024/11/08 07:03:00,773.00,375.69
2024/11/08 07:03:00,774.00,380.09
2024/11/08 07:03:00,775.00,384.36
2024/11/08 07:03:00,776.00,387.63
2024/11/08 07:03:00,777.00,390.15
2024/11/08 07:03:00,778.00,391.97
2024/11/08 07:03:00,779.00,393.22
2024/11/08 07:03:00,780.00,392.46
2024/11/08 07:03:00,781.00,393.58
2024/11/08 07:03:00,782.00,392.18
2024/11/08 07:03:00,783.00,390.80
2024/11/08 07:03:00,784.00,388.83
2024/11/08 07:03:00,785.00,388.16
2024/11/08 07:03:00,786.00,388.17
2024/11/08 07:03:00,787.00,386.44
2024/11/08 07:03:00,788.00,386.85
2024/11/08 07:03:00,789.00,387.40
2024/11/08 07:03:00,790.00,385.52
2024/11/08 07:03:00,791.00,383.12
2024/11/08 07:03:00,792.00,382.28
2024/11/08 07:03:00,793.00,380.01
2024/11/08 07:03:00,794.00,378.08
2024/11/08 07:03:00,795.00,379.67
2024/11/08 07:03:00,796.00,379.72
2024/11/08 07:03:00,797.00,380.98
2024/11/08 07:03:00,798.00,379.29
2024/11/08 07:03:00,799.00,379.62
2024/11/08 07:03:00,800.00,378.74
2024/11/08 07:03:00,801.00,376.65
2024/11/08 07:03:00,802.00,375.45
2024/11/08 07:03:00,803.00,377.22
2024/11/08 07:03:00,804.00,377.42
2024/11/08 07:03:00,805.00,375.76
2024/11/08 07:03:00,806.00,377.23
2024/11/08 07:03:00,807.00,377.97
2024/11/08 07:03:00,808.00,378.41
2024/11/08 07:03:00,809.00,377.17
2024/11/08 07:03:00,810.00,377.19
2024/11/08 07:03:00,811.00,375.09
2024/11/08 07:03:00,812.00,368.73
2024/11/08 07:03:00,813.00,361.83
2024/11/08 07:03:00,814.00,357.67
2024/11/08 07:03:00,815.00,354.24
2024/11/08 07:03:00,816.00,348.50
2024/11/08 07:03:00,817.00,349.24
2024/11/08 07:03:00,818.00,350.69
2024/11/08 07:03:00,819.00,349.55
2024/11/08 07:03:00,820.00,350.67
2024/11/08 07:03:00,821.00,354.90
2024/11/08 07:03:00,822.00,353.27
2024/11/08 07:03:00,823.00,350.71
2024/11/08 07:03:00,824.00,351.78
2024/11/08 07:03:00,825.00,351.42
2024/11/08 07:03:00,826.00,348.89
2024/11/08 07:03:00,827.00,348.99
2024/11/08 07:03:00,828.00,352.68
2024/11/08 07:03:00,829.00,352.59
2024/11/08 07:03:00,830.00,352.06
2024/11/08 07:03:00,831.00,353.10
2024/11/08 07:03:00,832.00,353.63
2024/11/08 07:03:00,833.00,350.82
2024/11/08 07:03:00,834.00,349.40
2024/11/08 07:03:00,835.00,350.35
2024/11/08 07:03:00,836.00,349.75
2024/11/08 07:03:00,837.00,349.46
2024/11/08 07:03:00,838.00,349.35
2024/11/08 07:03:00,839.00,348.97
2024/11/08 07:03:00,840.00,348.95
2024/11/08 07:03:00,841.00,347.09
2024/11/08 07:03:00,842.00,347.24
2024/11/08 07:03:00,843.00,348.06
2024/11/08 07:03:00,844.00,345.46
2024/11/08 07:03:00,845.00,342.76
2024/11/08 07:03:00,846.00,341.93
2024/11/08 07:03:00,847.00,338.83
2024/11/08 07:03:00,848.00,335.85
2024/11/08 07:03:00,849.00,334.86
2024/11/08 07:03:00,850.00,332.55
2024/11/08 07:03:00,851.00,329.12
2024/11/08 07:03:00,852.00,324.66
2024/11/08 07:03:00,853.00,323.57
2024/11/08 07:03:00,854.00,322.77
2024/11/08 07:03:00,855.00,322.92
2024/11/08 07:03:00,856.00,324.88
2024/11/08 07:03:00,857.00,328.23
2024/11/08 07:03:00,858.00,330.21
2024/11/08 07:03:00,859.00,330.30
2024/11/08 07:03:00,860.00,330.78
2024/11/08 07:03:00,861.00,332.78
2024/11/08 07:03:00,862.00,331.04
2024/11/08 07:03:00,863.00,327.26
2024/11/08 07:03:00,864.00,324.62
2024/11/08 07:03:00,865.00,322.05
2024/11/08 07:03:00,866.00,318.76
2024/11/08 07:03:00,867.00,318.27
2024/11/08 07:03:00,868.00,320.51
2024/11/08 07:03:00,869.00,321.23
2024/11/08 07:03:00,870.00,321.10
2024/11/08 07:03:00,871.00,322.49
2024/11/08 07:03:00,872.00,322.02
2024/11/08 07:03:00,873.00,320.69
2024/11/08 07:03:00,874.00,320.91
2024/11/08 07:03:00,875.00,322.02
2024/11/08 07:03:00,876.00,323.14
2024/11/08 07:03:00,877.00,322.31
2024/11/08 07:03:00,878.00,320.85
2024/11/08 07:03:00,879.00,320.39
2024/11/08 07:03:00,880.00,318.73
2024/11/08 07:03:00,881.00,317.69
2024/11/08 07:03:00,882.00,319.19
2024/11/08 07:03:00,883.00,319.71
2024/11/08 07:03:00,884.00,317.31
2024/11/08 07:03:00,885.00,317.51
2024/11/08 07:03:00,886.00,316.89
2024/11/08 07:03:00,887.00,315.67
2024/11/08 07:03:00,888.00,314.66
2024/11/08 07:03:00,889.00,315.40
2024/11/08 07:03:00,890.00,313.89
2024/11/08 07:03:00,891.00,311.40
2024/11/08 07:03:00,892.00,308.65
2024/11/08 07:03:00,893.00,304.09
2024/11/08 07:03:00,894.00,298.42
2024/11/08 07:03:00,895.00,291.48
2024/11/08 07:03:00,896.00,284.96
2024/11/08 07:03:00,897.00,279.62
2024/11/08 07:03:00,898.00,274.67
2024/11/08 07:03:00,899.00,269.73
2024/11/08 07:03:00,900.00,269.23
2024/11/08 07:03:00,901.00,269.62
2024/11/08 07:03:00,902.00,270.43
2024/11/08 07:03:00,903.00,272.76
2024/11/08 07:03:00,904.00,273.85
2024/11/08 07:03:00,905.00,271.68
2024/11/08 07:03:00,906.00,267.75
2024/11/08 07:03:00,907.00,264.70
2024/11/08 07:03:00,908.00,261.40
2024/11/08 07:03:00,909.00,259.04
2024/11/08 07:03:00,910.00,258.56
2024/11/08 07:03:00,911.00,259.01
2024/11/08 07:03:00,912.00,257.89
2024/11/08 07:03:00,913.00,256.99
2024/11/08 07:03:00,914.00,256.51
2024/11/08 07:03:00,915.00,256.14
2024/11/08 07:03:00,916.00,256.35
2024/11/08 07:03:00,917.00,257.82
2024/11/08 07:03:00,918.00,260.55
2024/11/08 07:03:00,919.00,261.52
2024/11/08 07:03:00,920.00,262.23
2024/11/08 07:03:00,921.00,263.26
2024/11/08 07:03:00,922.00,262.33
2024/11/08 07:03:00,923.00,260.94
2024/11/08 07:03:00,924.00,260.63
2024/11/08 07:03:00,925.00,258.63
2024/11/08 07:03:00,926.00,254.48
2024/11/08 07:03:00,927.00,247.37
2024/11/08 07:03:00,928.00,238.89
2024/11/08 07:03:00,929.00,226.72
2024/11/08 07:03:00,930.00,212.34
2024/11/08 07:03:00,931.00,199.18
2024/11/08 07:03:00,932.00,186.25
2024/11/08 07:03:00,933.00,175.02
2024/11/08 07:03:00,934.00,165.40
2024/11/08 07:03:00,935.00,159.49
2024/11/08 07:03:00,936.00,158.27
2024/11/08 07:03:00,937.00,158.81
2024/11/08 07:03:00,938.00,161.62
2024/11/08 07:03:00,939.00,166.82
2024/11/08 07:03:00,940.00,169.79
2024/11/08 07:03:00,941.00,170.48
2024/11/08 07:03:00,942.00,170.89
2024/11/08 07:03:00,943.00,170.13
2024/11/08 07:03:00,944.00,169.41
2024/11/08 07:03:00,945.00,169.46
2024/11/08 07:03:00,946.00,170.70
2024/11/08 07:03:00,947.00,171.37
2024/11/08 07:03:00,948.00,171.10
2024/11/08 07:03:00,949.00,172.55
2024/11/08 07:03:00,950.00,173.62
2024/11/08 07:03:00,951.00,174.27
2024/11/08 07:03:00,952.00,175.23
2024/11/08 07:03:00,953.00,176.76
2024/11/08 07:03:00,954.00,178.14
2024/11/08 07:03:00,955.00,178.69
2024/11/08 07:03:00,956.00,180.43
2024/11/08 07:03:00,957.00,182.97
2024/11/08 07:03:00,958.00,184.13
2024/11/08 07:03:00,959.00,187.22
2024/11/08 07:03:00,960.00,190.24
2024/11/08 07:03:00,961.00,192.92
2024/11/08 07:03:00,962.00,196.61
2024/11/08 07:03:00,963.00,199.80
2024/11/08 07:03:00,964.00,204.33
2024/11/08 07:03:00,965.00,209.05
2024/11/08 07:03:00,966.00,214.01
2024/11/08 07:03:00,967.00,220.56
2024/11/08 07:03:00,968.00,225.82
2024/11/08 07:03:00,969.00,229.23
2024/11/08 07:03:00,970.00,231.68
2024/11/08 07:03:00,971.00,232.67
2024/11/08 07:03:00,972.00,231.88
2024/11/08 07:03:00,973.00,230.97
2024/11/08 07:03:00,974.00,231.68
2024/11/08 07:03:00,975.00,230.95
2024/11/08 07:03:00,976.00,230.11
2024/11/08 07:03:00,977.00,232.50
2024/11/08 07:03:00,978.00,234.19
2024/11/08 07:03:00,979.00,234.73
2024/11/08 07:03:00,980.00,236.33
2024/11/08 07:03:00,981.00,238.05
2024/11/08 07:03:00,982.00,239.61
2024/11/08 07:03:00,983.00,240.79
2024/11/08 07:03:00,984.00,242.90
2024/11/08 07:03:00,985.00,245.93
2024/11/08 07:03:00,986.00,247.10
2024/11/08 07:03:00,987.00,248.18
2024/11/08 07:03:00,988.00,249.61
2024/11/08 07:03:00,989.00,249.75
2024/11/08 07:03:00,990.00,250.55
2024/11/08 07:03:00,991.00,249.67
2024/11/08 07:03:00,992.00,250.09
2024/11/08 07:03:00,993.00,249.83
2024/11/08 07:03:00,994.00,248.32
2024/11/08 07:03:00,995.00,248.88
2024/11/08 07:03:00,996.00,247.72
2024/11/08 07:03:00,997.00,246.16
2024/11/08 07:03:00,998.00,246.13
2024/11/08 07:03:00,999.00,246.07
2024/11/08 07:03:00,1000.00,244.60
2024/11/08 07:03:00,1001.00,243.50
2024/11/08 07:03:00,1002.00,242.56
2024/11/08 07:03:00,1003.00,241.25
2024/11/08 07:03:00,1004.00,239.11
2024/11/08 07:03:00,1005.00,239.99
2024/11/08 07:03:00,1006.00,239.55
2024/11/08 07:03:00,1007.00,238.28
2024/11/08 07:03:00,1008.00,238.57
2024/11/08 07:03:00,1009.00,239.90
2024/11/08 07:03:00,1010.00,240.99
2024/11/08 07:03:00,1011.00,240.84
2024/11/08 07:03:00,1012.00,241.16
2024/11/08 07:03:00,1013.00,242.24
2024/11/08 07:03:00,1014.00,239.98
2024/11/08 07:03:00,1015.00,240.00
2024/11/08 07:03:00,1016.00,241.07
2024/11/08 07:03:00,1017.00,238.80
2024/11/08 07:03:00,1018.00,237.43
2024/11/08 07:03:00,1019.00,236.17
2024/11/08 07:03:00,1020.00,236.33
2024/11/08 07:03:00,1021.00,236.27
2024/11/08 07:03:00,1022.00,235.41
2024/11/08 07:03:00,1023.00,236.70
2024/11/08 07:03:00,1024.00,235.02
2024/11/08 07:03:00,1025.00,232.65
2024/11/08 07:03:00,1026.00,233.46
2024/11/08 07:03:00,1027.00,232.48
2024/11/08 07:03:00,1028.00,231.90
2024/11/08 07:03:00,1029.00,231.81
2024/11/08 07:03:00,1030.00,232.30
2024/11/08 07:03:00,1031.00,230.90
2024/11/08 07:03:00,1032.00,228.88
2024/11/08 07:03:00,1033.00,230.07
2024/11/08 07:03:00,1034.00,230.31
2024/11/08 07:03:00,1035.00,227.64
2024/11/08 07:03:00,1036.00,228.70
2024/11/08 07:03:00,1037.00,228.99
2024/11/08 07:03:00,1038.00,228.03
2024/11/08 07:03:00,1039.00,226.91
2024/11/08 07:03:00,1040.00,227.78
2024/11/08 07:03:00,1041.00,228.14
2024/11/08 07:03:00,1042.00,226.12
2024/11/08 07:03:00,1043.00,226.95
2024/11/08 07:03:00,1044.00,227.01
2024/11/08 07:03:00,1045.00,224.82
2024/11/08 07:03:00,1046.00,222.53
2024/11/08 07:03:00,1047.00,221.46
2024/11/08 07:03:00,1048.00,221.75
2024/11/08 07:03:00,1049.00,217.80
2024/11/08 07:03:00,1050.00,216.56
2024/11/08 07:03:00,1051.00,220.47
2024/11/08 07:03:00,1052.00,218.05
2024/11/08 07:03:00,1053.00,219.21
2024/11/08 07:03:00,1054.00,221.63
2024/11/08 07:03:00,1055.00,220.39
2024/11/08 07:03:00,1056.00,219.33
2024/11/08 07:03:00,1057.00,216.73
2024/11/08 07:03:00,1058.00,217.93
2024/11/08 07:03:00,1059.00,216.76
2024/11/08 07:03:00,1060.00,214.78
2024/11/08 07:03:00,1061.00,217.97
2024/11/08 07:03:00,1062.00,216.27
2024/11/08 07:03:00,1063.00,214.11
2024/11/08 07:03:00,1064.00,214.16
2024/11/08 07:03:00,1065.00,212.02
2024/11/08 07:03:00,1066.00,208.21
2024/11/08 07:03:00,1067.00,205.51
2024/11/08 07:03:00,1068.00,205.60
2024/11/08 07:03:00,1069.00,205.77
2024/11/08 07:03:00,1070.00,203.09
2024/11/08 07:03:00,1071.00,207.70
2024/11/08 07:03:00,1072.00,211.22
2024/11/08 07:03:00,1073.00,210.50
2024/11/08 07:03:00,1074.00,213.08
2024/11/08 07:03:00,1075.00,217.73
2024/11/08 07:03:00,1076.00,216.41
2024/11/08 07:03:00,1077.00,211.86
2024/11/08 07:03:00,1078.00,214.79
2024/11/08 07:03:00,1079.00,212.61
2024/11/08 07:03:00,1080.00,208.33
2024/11/08 07:03:00,1081.00,210.96
2024/11/08 07:03:00,1082.00,211.96
2024/11/08 07:03:00,1083.00,207.73
2024/11/08 07:03:00,1084.00,205.12
2024/11/08 07:03:00,1085.00,206.54
2024/11/08 07:03:00,1086.00,205.61
2024/11/08 07:03:00,1087.00,199.74
2024/11/08 07:03:00,1088.00,203.56
2024/11/08 07:03:00,1089.00,207.28
2024/11/08 07:03:00,1090.00,202.10
2024/11/08 07:03:00,1091.00,204.08
2024/11/08 07:03:00,1092.00,205.57
2024/11/08 07:03:00,1093.00,203.73
2024/11/08 07:03:00,1094.00,198.07
2024/11/08 07:03:00,1095.00,194.96
2024/11/08 07:03:00,1096.00,199.16
2024/11/08 07:03:00,1097.00,191.60
2024/11/08 07:03:00,1098.00,188.39
2024/11/08 07:03:00,1099.00,192.71
2024/11/08 07:03:00,1100.00,187.44
2024/11/08 07:04:00,Wavelength(nm),Irradiance(W/m2/um)
2024/11/08 07:04:00,300.00,6.57
2024/11/08 07:04:00,301.00,7.42
2024/11/08 07:04:00,302.00,8.07
2024/11/08 07:04:00,303.00,8.57
2024/11/08 07:04:00,304.00,9.63
2024/11/08 07:04:00,305.00,10.66
2024/11/08 07:04:00,306.00,11.56
2024/11/08 07:04:00,307.00,13.27
2024/11/08 07:04:00,308.00,15.37
2024/11/08 07:04:00,309.00,18.16
2024/11/08 07:04:00,310.00,21.25
2024/11/08 07:04:00,311.00,24.69
2024/11/08 07:04:00,312.00,28.89
2024/11/08 07:04:00,313.00,33.21
2024/11/08 07:04:00,314.00,37.88
2024/11/08 07:04:00,315.00,43.32
2024/11/08 07:04:00,316.00,49.27
2024/11/08 07:04:00,317.00,55.52
2024/11/08 07:04:00,318.00,61.45
2024/11/08 07:04:00,319.00,67.13
2024/11/08 07:04:00,320.00,73.16
2024/11/08 07:04:00,321.00,79.24
2024/11/08 07:04:00,322.00,85.99
2024/11/08 07:04:00,323.00,94.55
2024/11/08 07:04:00,324.00,103.48
2024/11/08 07:04:00,325.00,112.68
2024/11/08 07:04:00,326.00,122.50
2024/11/08 07:04:00,327.00,131.59
2024/11/08 07:04:00,328.00,138.92
2024/11/08 07:04:00,329.00,145.35
2024/11/08 07:04:00,330.00,150.74
2024/11/08 07:04:00,331.00,154.93
2024/11/08 07:04:00,332.00,157.56
2024/11/08 07:04:00,333.00,158.86
2024/11/08 07:04:00,334.00,159.86
2024/11/08 07:04:00,335.00,160.58
2024/11/08 07:04:00,336.00,161.89
2024/11/08 07:04:00,337.00,163.88
2024/11/08 07:04:00,338.00,166.90
2024/11/08 07:04:00,339.00,170.72
2024/11/08 07:04:00,340.00,173.96
2024/11/08 07:04:00,341.00,175.62
2024/11/08 07:04:00,342.00,176.58
2024/11/08 07:04:00,343.00,177.11
2024/11/08 07:04:00,344.00,177.18
2024/11/08 07:04:00,345.00,177.38
2024/11/08 07:04:00,346.00,178.28
2024/11/08 07:04:00,347.00,180.28
2024/11/08 07:04:00,348.00,183.15
2024/11/08 07:04:00,349.00,185.84
2024/11/08 07:04:00,350.00,189.00
2024/11/08 07:04:00,351.00,193.53
2024/11/08 07:04:00,352.00,197.65
2024/11/08 07:04:00,353.00,200.39
2024/11/08 07:04:00,354.00,200.59
2024/11/08 07:04:00,355.00,198.21
2024/11/08 07:04:00,356.00,194.80
2024/11/08 07:04:00,357.00,191.90
2024/11/08 07:04:00,358.00,189.26
2024/11/08 07:04:00,359.00,189.78
2024/11/08 07:04:00,360.00,194.09
2024/11/08 07:04:00,361.00,199.29
2024/11/08 07:04:00,362.00,205.47
2024/11/08 07:04:00,363.00,214.43
2024/11/08 07:04:00,364.00,224.44
2024/11/08 07:04:00,365.00,232.14
2024/11/08 07:04:00,366.00,239.05
2024/11/08 07:04:00,367.00,244.08
2024/11/08 07:04:00,368.00,246.81
2024/11/08 07:04:00,369.00,246.49
2024/11/08 07:04:00,370.00,243.41
2024/11/08 07:04:00,371.00,237.48
2024/11/08 07:04:00,372.00,231.93
2024/11/08 07:04:00,373.00,227.74
2024/11/08 07:04:00,374.00,227.88
2024/11/08 07:04:00,375.00,234.31
2024/11/08 07:04:00,376.00,242.96
2024/11/08 07:04:00,377.00,251.01
2024/11/08 07:04:00,378.00,257.11
2024/11/08 07:04:00,379.00,255.69
2024/11/08 07:04:00,380.00,245.21
2024/11/08 07:04:00,381.00,232.93
2024/11/08 07:04:00,382.00,223.32
2024/11/08 07:04:00,383.00,216.02
2024/11/08 07:04:00,384.00,213.44
2024/11/08 07:04:00,385.00,217.63
2024/11/08 07:04:00,386.00,225.19
2024/11/08 07:04:00,387.00,234.46
2024/11/08 07:04:00,388.00,245.07
2024/11/08 07:04:00,389.00,254.07
2024/11/08 07:04:00,390.00,255.69
2024/11/08 07:04:00,391.00,252.07
2024/11/08 07:04:00,392.00,248.44
2024/11/08 07:04:00,393.00,242.28
2024/11/08 07:04:00,394.00,235.11
2024/11/08 07:04:00,395.00,239.03
2024/11/08 07:04:00,396.00,256.84
2024/11/08 07:04:00,397.00,278.43
2024/11/08 07:04:00,398.00,304.18
2024/11/08 07:04:00,399.00,335.02
2024/11/08 07:04:00,400.00,362.65
2024/11/08 07:04:00,401.00,380.30
2024/11/08 07:04:00,402.00,390.26
2024/11/08 07:04:00,403.00,392.59
2024/11/08 07:04:00,404.00,391.08
2024/11/08 07:04:00,405.00,389.34
2024/11/08 07:04:00,406.00,389.38
2024/11/08 07:04:00,407.00,389.85
2024/11/08 07:04:00,408.00,392.36
2024/11/08 07:04:00,409.00,397.47
2024/11/08 07:04:00,410.00,403.43
2024/11/08 07:04:00,411.00,408.26
2024/11/08 07:04:00,412.00,413.24
2024/11/08 07:04:00,413.00,419.15
2024/11/08 07:04:00,414.00,423.08
2024/11/08 07:04:00,415.00,424.30
2024/11/08 07:04:00,416.00,424.21
2024/11/08 07:04:00,417.00,424.19
2024/11/08 07:04:00,418.00,424.58
2024/11/08 07:04:00,419.00,424.94
2024/11/08 07:04:00,420.00,425.25
2024/11/08 07:04:00,421.00,426.02
2024/11/08 07:04:00,422.00,426.98
2024/11/08 07:04:00,423.00,426.48
2024/11/08 07:04:00,424.00,424.88
2024/11/08 07:04:00,425.00,423.10
2024/11/08 07:04:00,426.00,419.80
2024/11/08 07:04:00,427.00,411.71
2024/11/08 07:04:00,428.00,401.09
2024/11/08 07:04:00,429.00,394.51
2024/11/08 07:04:00,430.00,394.69
2024/11/08 07:04:00,431.00,399.46
2024/11/08 07:04:00,432.00,410.48
2024/11/08 07:04:00,433.00,428.14
2024/11/08 07:04:00,434.00,444.38
2024/11/08 07:04:00,435.00,452.94
2024/11/08 07:04:00,436.00,456.91
2024/11/08 07:04:00,437.00,460.15
2024/11/08 07:04:00,438.00,462.48
2024/11/08 07:04:00,439.00,465.86
2024/11/08 07:04:00,440.00,473.13
2024/11/08 07:04:00,441.00,483.98
2024/11/08 07:04:00,442.00,494.14
2024/11/08 07:04:00,443.00,500.92
2024/11/08 07:04:00,444.00,506.39
2024/11/08 07:04:00,445.00,510.84
2024/11/08 07:04:00,446.00,515.06
2024/11/08 07:04:00,447.00,523.07
2024/11/08 07:04:00,448.00,532.90
2024/11/08 07:04:00,449.00,541.07
2024/11/08 07:04:00,450.00,545.50
2024/11/08 07:04:00,451.00,546.75
2024/11/08 07:04:00,452.00,545.87
2024/11/08 07:04:00,453.00,544.34
2024/11/08 07:04:00,454.00,544.68
2024/11/08 07:04:00,455.00,547.10
2024/11/08 07:04:00,456.00,550.85
2024/11/08 07:04:00,457.00,553.38
2024/11/08 07:04:00,458.00,556.34
2024/11/08 07:04:00,459.00,560.21
2024/11/08 07:04:00,460.00,563.53
2024/11/08 07:04:00,461.00,567.18
2024/11/08 07:04:00,462.00,570.01
2024/11/08 07:04:00,463.00,570.82
2024/11/08 07:04:00,464.00,568.60
2024/11/08 07:04:00,465.00,565.53
2024/11/08 07:04:00,466.00,563.00
2024/11/08 07:04:00,467.00,560.59
2024/11/08 07:04:00,468.00,559.41
2024/11/08 07:04:00,469.00,559.08
2024/11/08 07:04:00,470.00,558.73
2024/11/08 07:04:00,471.00,559.24
2024/11/08 07:04:00,472.00,560.97
2024/11/08 07:04:00,473.00,562.88
2024/11/08 07:04:00,474.00,564.29
2024/11/08 07:04:00,475.00,565.84
2024/11/08 07:04:00,476.00,566.84
2024/11/08 07:04:00,477.00,568.79
2024/11/08 07:04:00,478.00,571.28
2024/11/08 07:04:00,479.00,574.29
2024/11/08 07:04:00,480.00,577.12
2024/11/08 07:04:00,481.00,577.58
2024/11/08 07:04:00,482.00,574.10
2024/11/08 07:04:00,483.00,565.57
2024/11/08 07:04:00,484.00,553.24
2024/11/08 07:04:00,485.00,542.11
2024/11/08 07:04:00,486.00,535.63
2024/11/08 07:04:00,487.00,533.45
2024/11/08 07:04:00,488.00,537.83
2024/11/08 07:04:00,489.00,544.39
2024/11/08 07:04:00,490.00,550.08
2024/11/08 07:04:00,491.00,554.95
2024/11/08 07:04:00,492.00,557.99
2024/11/08 07:04:00,493.00,559.35
2024/11/08 07:04:00,494.00,562.45
2024/11/08 07:04:00,495.00,565.04
2024/11/08 07:04:00,496.00,564.48
2024/11/08 07:04:00,497.00,561.88
2024/11/08 07:04:00,498.00,557.78
2024/11/08 07:04:00,499.00,552.66
2024/11/08 07:04:00,500.00,546.97
2024/11/08 07:04:00,501.00,544.19
2024/11/08 07:04:00,502.00,543.58
2024/11/08 07:04:00,503.00,545.16
2024/11/08 07:04:00,504.00,548.50
2024/11/08 07:04:00,505.00,551.72
2024/11/08 07:04:00,506.00,552.94
2024/11/08 07:04:00,507.00,554.66
2024/11/08 07:04:00,508.00,554.37
2024/11/08 07:04:00,509.00,553.99
2024/11/08 07:04:00,510.00,553.66
2024/11/08 07:04:00,511.00,552.33
2024/11/08 07:04:00,512.00,548.57
2024/11/08 07:04:00,513.00,543.65
2024/11/08 07:04:00,514.00,534.84
2024/11/08 07:04:00,515.00,524.29
2024/11/08 07:04:00,516.00,516.87
2024/11/08 07:04:00,517.00,512.12
2024/11/08 07:04:00,518.00,510.87
2024/11/08 07:04:00,519.00,513.34
2024/11/08 07:04:00,520.00,519.63
2024/11/08 07:04:00,521.00,526.67
2024/11/08 07:04:00,522.00,532.57
2024/11/08 07:04:00,523.00,534.67
2024/11/08 07:04:00,524.00,533.55
2024/11/08 07:04:00,525.00,532.86
2024/11/08 07:04:00,526.00,533.24
2024/11/08 07:04:00,527.00,533.51
2024/11/08 07:04:00,528.00,536.42
2024/11/08 07:04:00,529.00,541.13
2024/11/08 07:04:00,530.00,543.80
2024/11/08 07:04:00,531.00,542.75
2024/11/08 07:04:00,532.00,542.77
2024/11/08 07:04:00,533.00,542.02
2024/11/08 07:04:00,534.00,541.86
2024/11/08 07:04:00,535.00,542.03
2024/11/08 07:04:00,536.00,542.43
2024/11/08 07:04:00,537.00,540.61
2024/11/08 07:04:00,538.00,537.38
2024/11/08 07:04:00,539.00,535.31
2024/11/08 07:04:00,540.00,534.64
2024/11/08 07:04:00,541.00,534.21
2024/11/08 07:04:00,542.00,535.05
2024/11/08 07:04:00,543.00,536.65
2024/11/08 07:04:00,544.00,537.74
2024/11/08 07:04:00,545.00,537.57
2024/11/08 07:04:00,546.00,537.14
2024/11/08 07:04:00,547.00,536.43
2024/11/08 07:04:00,548.00,536.43
2024/11/08 07:04:00,549.00,535.52
2024/11/08 07:04:00,550.00,535.29
2024/11/08 07:04:00,551.00,535.81
2024/11/08 07:04:00,552.00,536.15
2024/11/08 07:04:00,553.00,535.77
2024/11/08 07:04:00,554.00,535.21
2024/11/08 07:04:00,555.00,532.54
2024/11/08 07:04:00,556.00,529.66
2024/11/08 07:04:00,557.00,524.95
2024/11/08 07:04:00,558.00,521.82
2024/11/08 07:04:00,559.00,518.64
2024/11/08 07:04:00,560.00,516.78
2024/11/08 07:04:00,561.00,516.65
2024/11/08 07:04:00,562.00,517.14
2024/11/08 07:04:00,563.00,515.79
2024/11/08 07:04:00,564.00,515.58
2024/11/08 07:04:00,565.00,515.62
2024/11/08 07:04:00,566.00,513.73
2024/11/08 07:04:00,567.00,511.87
2024/11/08 07:04:00,568.00,510.69
2024/11/08 07:04:00,569.00,508.60
2024/11/08 07:04:00,570.00,507.21
2024/11/08 07:04:00,571.00,506.27
2024/11/08 07:04:00,572.00,506.33
2024/11/08 07:04:00,573.00,505.75
2024/11/08 07:04:00,574.00,505.45
2024/11/08 07:04:00,575.00,504.92
2024/11/08 07:04:00,576.00,502.98
2024/11/08 07:04:00,577.00,502.39
2024/11/08 07:04:00,578.00,502.26
2024/11/08 07:04:00,579.00,502.98
2024/11/08 07:04:00,580.00,505.32
2024/11/08 07:04:00,581.00,507.96
2024/11/08 07:04:00,582.00,510.39
2024/11/08 07:04:00,583.00,512.62
2024/11/08 07:04:00,584.00,513.81
2024/11/08 07:04:00,585.00,512.91
2024/11/08 07:04:00,586.00,509.88
2024/11/08 07:04:00,587.00,505.73
2024/11/08 07:04:00,588.00,502.85
2024/11/08 07:04:00,589.00,500.38
2024/11/08 07:04:00,590.00,498.78
2024/11/08 07:04:00,591.00,498.57
2024/11/08 07:04:00,592.00,499.96
2024/11/08 07:04:00,593.00,499.71
2024/11/08 07:04:00,594.00,499.37
2024/11/08 07:04:00,595.00,499.70
2024/11/08 07:04:00,596.00,500.46
2024/11/08 07:04:00,597.00,500.12
2024/11/08 07:04:00,598.00,499.41
2024/11/08 07:04:00,599.00,498.70
2024/11/08 07:04:00,600.00,497.37
2024/11/08 07:04:00,601.00,497.04
2024/11/08 07:04:00,602.00,497.38
2024/11/08 07:04:00,603.00,498.12
2024/11/08 07:04:00,604.00,498.88
2024/11/08 07:04:00,605.00,498.93
2024/11/08 07:04:00,606.00,498.23
2024/11/08 07:04:00,607.00,497.29
2024/11/08 07:04:00,608.00,495.34
2024/11/08 07:04:00,609.00,493.38
2024/11/08 07:04:00,610.00,491.55
2024/11/08 07:04:00,611.00,490.02
2024/11/08 07:04:00,612.00,487.93
2024/11/08 07:04:00,613.00,486.99
2024/11/08 07:04:00,614.00,486.16
2024/11/08 07:04:00,615.00,485.99
2024/11/08 07:04:00,616.00,486.55
2024/11/08 07:04:00,617.00,488.16
2024/11/08 07:04:00,618.00,489.19
2024/11/08 07:04:00,619.00,489.93
2024/11/08 07:04:00,620.00,489.32
2024/11/08 07:04:00,621.00,488.30
2024/11/08 07:04:00,622.00,485.61
2024/11/08 07:04:00,623.00,483.11
2024/11/08 07:04:00,624.00,481.33
2024/11/08 07:04:00,625.00,479.76
2024/11/08 07:04:00,626.00,476.73
2024/11/08 07:04:00,627.00,474.89
2024/11/08 07:04:00,628.00,472.84
2024/11/08 07:04:00,629.00,470.48
2024/11/08 07:04:00,630.00,470.08
2024/11/08 07:04:00,631.00,470.76
2024/11/08 07:04:00,632.00,471.27
2024/11/08 07:04:00,633.00,472.58
2024/11/08 07:04:00,634.00,474.34
2024/11/08 07:04:00,635.00,476.45
2024/11/08 07:04:00,636.00,479.65
2024/11/08 07:04:00,637.00,481.22
2024/11/08 07:04:00,638.00,482.88
2024/11/08 07:04:00,639.00,483.99
2024/11/08 07:04:00,640.00,484.30
2024/11/08 07:04:00,641.00,483.28
2024/11/08 07:04:00,642.00,483.67
2024/11/08 07:04:00,643.00,483.28
2024/11/08 07:04:00,644.00,482.14
2024/11/08 07:04:00,645.00,481.48
2024/11/08 07:04:00,646.00,480.37
2024/11/08 07:04:00,647.00,479.36
2024/11/08 07:04:00,648.00,478.52
2024/11/08 07:04:00,649.00,479.35
2024/11/08 07:04:00,650.00,480.17
2024/11/08 07:04:00,651.00,479.86
2024/11/08 07:04:00,652.00,478.22
2024/11/08 07:04:00,653.00,473.95
2024/11/08 07:04:00,654.00,467.98
2024/11/08 07:04:00,655.00,463.06
2024/11/08 07:04:00,656.00,460.67
2024/11/08 07:04:00,657.00,460.06
2024/11/08 07:04:00,658.00,462.46
2024/11/08 07:04:00,659.00,466.92
2024/11/08 07:04:00,660.00,469.94
2024/11/08 07:04:00,661.00,472.36
2024/11/08 07:04:00,662.00,474.84
2024/11/08 07:04:00,663.00,476.79
2024/11/08 07:04:00,664.00,478.69
2024/11/08 07:04:00,665.00,479.70
2024/11/08 07:04:00,666.00,480.30
2024/11/08 07:04:00,667.00,481.67
2024/11/08 07:04:00,668.00,481.98
2024/11/08 07:04:00,669.00,481.32
2024/11/08 07:04:00,670.00,481.27
2024/11/08 07:04:00,671.00,480.95
2024/11/08 07:04:00,672.00,479.02
2024/11/08 07:04:00,673.00,479.62
2024/11/08 07:04:00,674.00,480.74
2024/11/08 07:04:00,675.00,481.38
2024/11/08 07:04:00,676.00,481.36
2024/11/08 07:04:00,677.00,482.04
2024/11/08 07:04:00,678.00,482.04
2024/11/08 07:04:00,679.00,481.21
2024/11/08 07:04:00,680.00,479.89
2024/11/08 07:04:00,681.00,479.27
2024/11/08 07:04:00,682.00,477.86
2024/11/08 07:04:00,683.00,472.14
2024/11/08 07:04:00,684.00,460.73
2024/11/08 07:04:00,685.00,447.29
2024/11/08 07:04:00,686.00,433.15
2024/11/08 07:04:00,687.00,418.61
2024/11/08 07:04:00,688.00,409.00
2024/11/08 07:04:00,689.00,407.64
2024/11/08 07:04:00,690.00,411.67
2024/11/08 07:04:00,691.00,416.93
2024/11/08 07:04:00,692.00,424.23
2024/11/08 07:04:00,693.00,431.49
2024/11/08 07:04:00,694.00,437.11
2024/11/08 07:04:00,695.00,441.03
2024/11/08 07:04:00,696.00,444.07
2024/11/08 07:04:00,697.00,447.32
2024/11/08 07:04:00,698.00,449.56
2024/11/08 07:04:00,699.00,449.36
2024/11/08 07:04:00,700.00,449.50
2024/11/08 07:04:00,701.00,450.49
2024/11/08 07:04:00,702.00,450.44
2024/11/08 07:04:00,703.00,451.14
2024/11/08 07:04:00,704.00,452.67
2024/11/08 07:04:00,705.00,454.01
2024/11/08 07:04:00,706.00,454.36
2024/11/08 07:04:00,707.00,455.55
2024/11/08 07:04:00,708.00,456.20
2024/11/08 07:04:00,709.00,455.52
2024/11/08 07:04:00,710.00,454.46
2024/11/08 07:04:00,711.00,454.14
2024/11/08 07:04:00,712.00,453.06
2024/11/08 07:04:00,713.00,450.26
2024/11/08 07:04:00,714.00,448.11
2024/11/08 07:04:00,715.00,441.72
2024/11/08 07:04:00,716.00,434.37
2024/11/08 07:04:00,717.00,424.74
2024/11/08 07:04:00,718.00,417.89
2024/11/08 07:04:00,719.00,414.34
2024/11/08 07:04:00,720.00,412.43
2024/11/08 07:04:00,721.00,410.85
2024/11/08 07:04:00,722.00,410.76
2024/11/08 07:04:00,723.00,409.36
2024/11/08 07:04:00,724.00,408.03
2024/11/08 07:04:00,725.00,407.47
2024/11/08 07:04:00,726.00,408.19
2024/11/08 07:04:00,727.00,409.34
2024/11/08 07:04:00,728.00,410.26
2024/11/08 07:04:00,729.00,411.77
2024/11/08 07:04:00,730.00,413.43
2024/11/08 07:04:00,731.00,416.27
2024/11/08 07:04:00,732.00,420.12
2024/11/08 07:04:00,733.00,423.20
2024/11/08 07:04:00,734.00,425.49
2024/11/08 07:04:00,735.00,426.61
2024/11/08 07:04:00,736.00,426.84
2024/11/08 07:04:00,737.00,425.40
2024/11/08 07:04:00,738.00,424.96
2024/11/08 07:04:00,739.00,423.60
2024/11/08 07:04:00,740.00,423.29
2024/11/08 07:04:00,741.00,424.58
2024/11/08 07:04:00,742.00,424.63
2024/11/08 07:04:00,743.00,424.64
2024/11/08 07:04:00,744.00,424.85
2024/11/08 07:04:00,745.00,425.21
2024/11/08 07:04:00,746.00,423.42
2024/11/08 07:04:00,747.00,423.35
2024/11/08 07:04:00,748.00,423.61
2024/11/08 07:04:00,749.00,423.46
2024/11/08 07:04:00,750.00,423.40
2024/11/08 07:04:00,751.00,422.58
2024/11/08 07:04:00,752.00,422.16
2024/11/08 07:04:00,753.00,420.68
2024/11/08 07:04:00,754.00,418.97
2024/11/08 07:04:00,755.00,415.76
2024/11/08 07:04:00,756.00,405.25
2024/11/08 07:04:00,757.00,380.51
2024/11/08 07:04:00,758.00,349.39
2024/11/08 07:04:00,759.00,314.83
2024/11/08 07:04:00,760.00,279.71
2024/11/08 07:04:00,761.00,251.81
2024/11/08 07:04:00,762.00,240.77
2024/11/08 07:04:00,763.00,239.47
2024/11/08 07:04:00,764.00,246.89
2024/11/08 07:04:00,765.00,261.07
2024/11/08 07:04:00,766.00,278.64
2024/11/08 07:04:00,767.00,298.72
2024/11/08 07:04:00,768.00,315.83
2024/11/08 07:04:00,769.00,332.86
2024/11/08 07:04:00,770.00,348.30
2024/11/08 07:04:00,771.00,361.86
2024/11/08 07:04:00,772.00,371.85
2024/11/08 07:04:00,773.00,381.20
2024/11/08 07:04:00,774.00,386.94
2024/11/08 07:04:00,775.00,390.85
2024/11/08 07:04:00,776.00,392.79
2024/11/08 07:04:00,777.00,393.73
2024/11/08 07:04:00,778.00,393.09
2024/11/08 07:04:00,779.00,391.59
2024/11/08 07:04:00,780.00,391.59
2024/11/08 07:04:00,781.00,391.54
2024/11/08 07:04:00,782.00,391.85
2024/11/08 07:04:00,783.00,393.93
2024/11/08 07:04:00,784.00,394.57
2024/11/08 07:04:00,785.00,394.73
2024/11/08 07:04:00,786.00,393.15
2024/11/08 07:04:00,787.00,392.72
2024/11/08 07:04:00,788.00,391.29
2024/11/08 07:04:00,789.00,389.38
2024/11/08 07:04:00,790.00,388.53
2024/11/08 07:04:00,791.00,387.23
2024/11/08 07:04:00,792.00,385.31
2024/11/08 07:04:00,793.00,385.47
2024/11/08 07:04:00,794.00,386.09
2024/11/08 07:04:00,795.00,385.24
2024/11/08 07:04:00,796.00,386.21
2024/11/08 07:04:00,797.00,383.50
2024/11/08 07:04:00,798.00,381.65
2024/11/08 07:04:00,799.00,382.58
2024/11/08 07:04:00,800.00,380.31
2024/11/08 07:04:00,801.00,381.11
2024/11/08 07:04:00,802.00,382.38
2024/11/08 07:04:00,803.00,381.82
2024/11/08 07:04:00,804.00,380.59
2024/11/08 07:04:00,805.00,380.65
2024/11/08 07:04:00,806.00,379.65
2024/11/08 07:04:00,807.00,379.15
2024/11/08 07:04:00,808.00,377.83
2024/11/08 07:04:00,809.00,378.77
2024/11/08 07:04:00,810.00,377.26
2024/11/08 07:04:00,811.00,371.91
2024/11/08 07:04:00,812.00,369.59
2024/11/08 07:04:00,813.00,366.26
2024/11/08 07:04:00,814.00,360.52
2024/11/08 07:04:00,815.00,356.43
2024/11/08 07:04:00,816.00,354.07
2024/11/08 07:04:00,817.00,352.20
2024/11/08 07:04:00,818.00,350.88
2024/11/08 07:04:00,819.00,349.74
2024/11/08 07:04:00,820.00,349.81
2024/11/08 07:04:00,821.00,351.26
2024/11/08 07:04:00,822.00,350.85
2024/11/08 07:04:00,823.00,352.09
2024/11/08 07:04:00,824.00,353.52
2024/11/08 07:04:00,825.00,356.40
2024/11/08 07:04:00,826.00,354.68
2024/11/08 07:04:00,827.00,356.95
2024/11/08 07:04:00,828.00,358.34
2024/11/08 07:04:00,829.00,356.30
2024/11/08 07:04:00,830.00,355.81
2024/11/08 07:04:00,831.00,356.62
2024/11/08 07:04:00,832.00,354.50
2024/11/08 07:04:00,833.00,352.79
2024/11/08 07:04:00,834.00,353.14
2024/11/08 07:04:00,835.00,353.37
2024/11/08 07:04:00,836.00,352.08
2024/11/08 07:04:00,837.00,351.43
2024/11/08 07:04:00,838.00,352.56
2024/11/08 07:04:00,839.00,350.62
2024/11/08 07:04:00,840.00,347.67
2024/11/08 07:04:00,841.00,349.60
2024/11/08 07:04:00,842.00,348.51
2024/11/08 07:04:00,843.00,347.64
2024/11/08 07:04:00,844.00,346.75
2024/11/08 07:04:00,845.00,346.71
2024/11/08 07:04:00,846.00,344.60
2024/11/08 07:04:00,847.00,341.34
2024/11/08 07:04:00,848.00,338.31
2024/11/08 07:04:00,849.00,336.68
2024/11/08 07:04:00,850.00,333.63
2024/11/08 07:04:00,851.00,329.81
2024/11/08 07:04:00,852.00,327.42
2024/11/08 07:04:00,853.00,325.93
2024/11/08 07:04:00,854.00,324.38
2024/11/08 07:04:00,855.00,325.15
2024/11/08 07:04:00,856.00,327.74
2024/11/08 07:04:00,857.00,330.83
2024/11/08 07:04:00,858.00,331.49
2024/11/08 07:04:00,859.00,333.70
2024/11/08 07:04:00,860.00,333.77
2024/11/08 07:04:00,861.00,333.59
2024/11/08 07:04:00,862.00,332.42
2024/11/08 07:04:00,863.00,330.67
2024/11/08 07:04:00,864.00,328.49
2024/11/08 07:04:00,865.00,325.37
2024/11/08 07:04:00,866.00,324.27
2024/11/08 07:04:00,867.00,324.27
2024/11/08 07:04:00,868.00,323.38
2024/11/08 07:04:00,869.00,323.06
2024/11/08 07:04:00,870.00,324.12
2024/11/08 07:04:00,871.00,323.40
2024/11/08 07:04:00,872.00,323.18
2024/11/08 07:04:00,873.00,323.71
2024/11/08 07:04:00,874.00,324.13
2024/11/08 07:04:00,875.00,324.15
2024/11/08 07:04:00,876.00,323.48
2024/11/08 07:04:00,877.00,324.15
2024/11/08 07:04:00,878.00,323.40
2024/11/08 07:04:00,879.00,322.07
2024/11/08 07:04:00,880.00,321.95
2024/11/08 07:04:00,881.00,321.96
2024/11/08 07:04:00,882.00,321.69
2024/11/08 07:04:00,883.00,320.56
2024/11/08 07:04:00,884.00,319.80
2024/11/08 07:04:00,885.00,318.70
2024/11/08 07:04:00,886.00,317.50
2024/11/08 07:04:00,887.00,316.64
2024/11/08 07:04:00,888.00,317.20
2024/11/08 07:04:00,889.00,316.66
2024/11/08 07:04:00,890.00,315.83
2024/11/08 07:04:00,891.00,314.08
2024/11/08 07:04:00,892.00,310.82
2024/11/08 07:04:00,893.00,307.26
2024/11/08 07:04:00,894.00,301.76
2024/11/08 07:04:00,895.00,295.89
2024/11/08 07:04:00,896.00,289.84
2024/11/08 07:04:00,897.00,282.41
2024/11/08 07:04:00,898.00,277.01
2024/11/08 07:04:00,899.00,272.72
2024/11/08 07:04:00,900.00,270.19
2024/11/08 07:04:00,901.00,270.59
2024/11/08 07:04:00,902.00,272.55
2024/11/08 07:04:00,903.00,274.53
2024/11/08 07:04:00,904.00,275.48
2024/11/08 07:04:00,905.00,274.16
2024/11/08 07:04:00,906.00,271.40
2024/11/08 07:04:00,907.00,268.36
2024/11/08 07:04:00,908.00,265.43
2024/11/08 07:04:00,909.00,264.39
2024/11/08 07:04:00,910.00,263.88
2024/11/08 07:04:00,911.00,263.19
2024/11/08 07:04:00,912.00,262.49
2024/11/08 07:04:00,913.00,260.39
2024/11/08 07:04:00,914.00,258.77
2024/11/08 07:04:00,915.00,256.94
2024/11/08 07:04:00,916.00,257.56
2024/11/08 07:04:00,917.00,259.09
2024/11/08 07:04:00,918.00,261.61
2024/11/08 07:04:00,919.00,263.56
2024/11/08 07:04:00,920.00,265.15
2024/11/08 07:04:00,921.00,264.93
2024/11/08 07:04:00,922.00,264.36
2024/11/08 07:04:00,923.00,263.51
2024/11/08 07:04:00,924.00,262.21
2024/11/08 07:04:00,925.00,261.21
2024/11/08 07:04:00,926.00,258.29
2024/11/08 07:04:00,927.00,252.22
2024/11/08 07:04:00,928.00,243.53
2024/11/08 07:04:00,929.00,231.78
2024/11/08 07:04:00,930.00,217.34
2024/11/08 07:04:00,931.00,202.59
2024/11/08 07:04:00,932.00,188.58
2024/11/08 07:04:00,933.00,176.50
2024/11/08 07:04:00,934.00,166.98
2024/11/08 07:04:00,935.00,161.72
2024/11/08 07:04:00,936.00,160.78
2024/11/08 07:04:00,937.00,162.12
2024/11/08 07:04:00,938.00,165.72
2024/11/08 07:04:00,939.00,170.03
2024/11/08 07:04:00,940.00,172.36
2024/11/08 07:04:00,941.00,172.79
2024/11/08 07:04:00,942.00,171.40
2024/11/08 07:04:00,943.00,170.52
2024/11/08 07:04:00,944.00,170.12
2024/11/08 07:04:00,945.00,170.12
2024/11/08 07:04:00,946.00,170.91
2024/11/08 07:04:00,947.00,172.11
2024/11/08 07:04:00,948.00,172.69
2024/11/08 07:04:00,949.00,173.65
2024/11/08 07:04:00,950.00,174.86
2024/11/08 07:04:00,951.00,175.67
2024/11/08 07:04:00,952.00,176.68
2024/11/08 07:04:00,953.00,177.29
2024/11/08 07:04:00,954.00,179.48
2024/11/08 07:04:00,955.00,180.66
2024/11/08 07:04:00,956.00,182.32
2024/11/08 07:04:00,957.00,184.40
2024/11/08 07:04:00,958.00,186.27
2024/11/08 07:04:00,959.00,188.86
2024/11/08 07:04:00,960.00,191.75
2024/11/08 07:04:00,961.00,195.26
2024/11/08 07:04:00,962.00,198.90
2024/11/08 07:04:00,963.00,202.02
2024/11/08 07:04:00,964.00,206.64
2024/11/08 07:04:00,965.00,210.83
2024/11/08 07:04:00,966.00,216.31
2024/11/08 07:04:00,967.00,222.53
2024/11/08 07:04:00,968.00,227.41
2024/11/08 07:04:00,969.00,230.85
2024/11/08 07:04:00,970.00,233.83
2024/11/08 07:04:00,971.00,235.11
2024/11/08 07:04:00,972.00,234.72
2024/11/08 07:04:00,973.00,234.10
2024/11/08 07:04:00,974.00,233.76
2024/11/08 07:04:00,975.00,233.26
2024/11/08 07:04:00,976.00,233.10
2024/11/08 07:04:00,977.00,234.69
2024/11/08 07:04:00,978.00,235.92
2024/11/08 07:04:00,979.00,237.00
2024/11/08 07:04:00,980.00,238.74
2024/11/08 07:04:00,981.00,240.86
2024/11/08 07:04:00,982.00,242.70
2024/11/08 07:04:00,983.00,243.64
2024/11/08 07:04:00,984.00,244.87
2024/11/08 07:04:00,985.00,246.94
2024/11/08 07:04:00,986.00,248.20
2024/11/08 07:04:00,987.00,249.40
2024/11/08 07:04:00,988.00,250.70
2024/11/08 07:04:00,989.00,251.25
2024/11/08 07:04:00,990.00,251.21
2024/11/08 07:04:00,991.00,250.95
2024/11/08 07:04:00,992.00,250.95
2024/11/08 07:04:00,993.00,250.39
2024/11/08 07:04:00,994.00,250.42
2024/11/08 07:04:00,995.00,250.74
2024/11/08 07:04:00,996.00,250.54
2024/11/08 07:04:00,997.00,249.95
2024/11/08 07:04:00,998.00,249.15
2024/11/08 07:04:00,999.00,247.82
2024/11/08 07:04:00,1000.00,246.66
2024/11/08 07:04:00,1001.00,245.76
2024/11/08 07:04:00,1002.00,244.25
2024/11/08 07:04:00,1003.00,243.69
2024/11/08 07:04:00,1004.00,242.68
2024/11/08 07:04:00,1005.00,242.62
2024/11/08 07:04:00,1006.00,242.65
2024/11/08 07:04:00,1007.00,242.88
2024/11/08 07:04:00,1008.00,243.47
2024/11/08 07:04:00,1009.00,244.07
2024/11/08 07:04:00,1010.00,243.45
2024/11/08 07:04:00,1011.00,242.93
2024/11/08 07:04:00,1012.00,242.49
2024/11/08 07:04:00,1013.00,242.07
2024/11/08 07:04:00,1014.00,241.66
2024/11/08 07:04:00,1015.00,241.65
2024/11/08 07:04:00,1016.00,240.96
2024/11/08 07:04:00,1017.00,239.79
2024/11/08 07:04:00,1018.00,239.26
2024/11/08 07:04:00,1019.00,237.05
2024/11/08 07:04:00,1020.00,237.33
2024/11/08 07:04:00,1021.00,236.57
2024/11/08 07:04:00,1022.00,236.55
2024/11/08 07:04:00,1023.00,235.93
2024/11/08 07:04:00,1024.00,235.48
2024/11/08 07:04:00,1025.00,234.55
2024/11/08 07:04:00,1026.00,233.74
2024/11/08 07:04:00,1027.00,232.99
2024/11/08 07:04:00,1028.00,232.89
2024/11/08 07:04:00,1029.00,232.72
2024/11/08 07:04:00,1030.00,232.30
2024/11/08 07:04:00,1031.00,231.96
2024/11/08 07:04:00,1032.00,231.35
2024/11/08 07:04:00,1033.00,230.25
2024/11/08 07:04:00,1034.00,230.07
2024/11/08 07:04:00,1035.00,229.84
2024/11/08 07:04:00,1036.00,229.54
2024/11/08 07:04:00,1037.00,229.29
2024/11/08 07:04:00,1038.00,229.09
2024/11/08 07:04:00,1039.00,227.79
2024/11/08 07:04:00,1040.00,227.00
2024/11/08 07:04:00,1041.00,226.25
2024/11/08 07:04:00,1042.00,225.58
2024/11/08 07:04:00,1043.00,225.20
2024/11/08 07:04:00,1044.00,225.92
2024/11/08 07:04:00,1045.00,225.82
2024/11/08 07:04:00,1046.00,226.88
2024/11/08 07:04:00,1047.00,225.61
2024/11/08 07:04:00,1048.00,225.04
2024/11/08 07:04:00,1049.00,223.56
2024/11/08 07:04:00,1050.00,222.34
2024/11/08 07:04:00,1051.00,223.59
2024/11/08 07:04:00,1052.00,222.44
2024/11/08 07:04:00,1053.00,221.82
2024/11/08 07:04:00,1054.00,221.45
2024/11/08 07:04:00,1055.00,221.73
2024/11/08 07:04:00,1056.00,221.12
2024/11/08 07:04:00,1057.00,221.69
2024/11/08 07:04:00,1058.00,220.56
2024/11/08 07:04:00,1059.00,219.37
2024/11/08 07:04:00,1060.00,217.96
2024/11/08 07:04:00,1061.00,216.29
2024/11/08 07:04:00,1062.00,215.82
2024/11/08 07:04:00,1063.00,214.71
2024/11/08 07:04:00,1064.00,212.52
2024/11/08 07:04:00,1065.00,212.25
2024/11/08 07:04:00,1066.00,210.39
2024/11/08 07:04:00,1067.00,209.91
2024/11/08 07:04:00,1068.00,211.26
2024/11/08 07:04:00,1069.00,211.59
2024/11/08 07:04:00,1070.00,212.13
2024/11/08 07:04:00,1071.00,211.08
2024/11/08 07:04:00,1072.00,209.95
2024/11/08 07:04:00,1073.00,209.00
2024/11/08 07:04:00,1074.00,207.66
2024/11/08 07:04:00,1075.00,208.38
2024/11/08 07:04:00,1076.00,209.18
2024/11/08 07:04:00,1077.00,210.49
2024/11/08 07:04:00,1078.00,209.80
2024/11/08 07:04:00,1079.00,210.38
2024/11/08 07:04:00,1080.00,210.29
2024/11/08 07:04:00,1081.00,209.01
2024/11/08 07:04:00,1082.00,208.84
2024/11/08 07:04:00,1083.00,210.50
2024/11/08 07:04:00,1084.00,211.08
2024/11/08 07:04:00,1085.00,210.76
2024/11/08 07:04:00,1086.00,208.43
2024/11/08 07:04:00,1087.00,209.32
2024/11/08 07:04:00,1088.00,207.34
2024/11/08 07:04:00,1089.00,207.23
2024/11/08 07:04:00,1090.00,208.60
2024/11/08 07:04:00,1091.00,210.40
2024/11/08 07:04:00,1092.00,210.03
2024/11/08 07:04:00,1093.00,210.02
2024/11/08 07:04:00,1094.00,212.12
2024/11/08 07:04:00,1095.00,208.32
2024/11/08 07:04:00,1096.00,198.59
2024/11/08 07:04:00,1097.00,199.12
2024/11/08 07:04:00,1098.00,191.76
2024/11/08 07:04:00,1099.00,186.78
2024/11/08 07:04:00,1100.00,183.74
2024/11/08 07:05:00,Wavelength(nm),Irradiance(W/m2/um)
2024/11/08 07:05:00,300.00,6.65
2024/11/08 07:05:00,301.00,6.98
2024/11/08 07:05:00,302.00,7.44
2024/11/08 07:05:00,303.00,8.54
2024/11/08 07:05:00,304.00,9.63
2024/11/08 07:05:00,305.00,10.66
2024/11/08 07:05:00,306.00,11.97
2024/11/08 07:05:00,307.00,13.86
2024/11/08 07:05:00,308.00,16.19
2024/11/08 07:05:00,309.00,18.54
2024/11/08 07:05:00,310.00,21.78
2024/11/08 07:05:00,311.00,25.59
2024/11/08 07:05:00,312.00,29.48
2024/11/08 07:05:00,313.00,33.89
2024/11/08 07:05:00,314.00,39.08
2024/11/08 07:05:00,315.00,44.37
2024/11/08 07:05:00,316.00,50.25
2024/11/08 07:05:00,317.00,56.31
2024/11/08 07:05:00,318.00,62.36
2024/11/08 07:05:00,319.00,67.99
2024/11/08 07:05:00,320.00,73.68
2024/11/08 07:05:00,321.00,79.82
2024/11/08 07:05:00,322.00,87.17
2024/11/08 07:05:00,323.00,95.50
2024/11/08 07:05:00,324.00,104.48
2024/11/08 07:05:00,325.00,113.90
2024/11/08 07:05:00,326.00,123.81
2024/11/08 07:05:00,327.00,132.85
2024/11/08 07:05:00,328.00,140.30
2024/11/08 07:05:00,329.00,146.78
2024/11/08 07:05:00,330.00,152.50
2024/11/08 07:05:00,331.00,156.48
2024/11/08 07:05:00,332.00,159.33
2024/11/08 07:05:00,333.00,160.90
2024/11/08 07:05:00,334.00,161.57
2024/11/08 07:05:00,335.00,162.41
2024/11/08 07:05:00,336.00,163.58
2024/11/08 07:05:00,337.00,165.41
2024/11/08 07:05:00,338.00,168.42
2024/11/08 07:05:00,339.00,172.07
2024/11/08 07:05:00,340.00,175.11
2024/11/08 07:05:00,341.00,176.89
2024/11/08 07:05:00,342.00,177.45
2024/11/08 07:05:00,343.00,178.39
2024/11/08 07:05:00,344.00,178.51
2024/11/08 07:05:00,345.00,178.59
2024/11/08 07:05:00,346.00,179.46
2024/11/08 07:05:00,347.00,181.74
2024/11/08 07:05:00,348.00,184.49
2024/11/08 07:05:00,349.00,187.37
2024/11/08 07:05:00,350.00,190.54
2024/11/08 07:05:00,351.00,195.43
2024/11/08 07:05:00,352.00,199.64
2024/11/08 07:05:00,353.00,202.05
2024/11/08 07:05:00,354.00,202.17
2024/11/08 07:05:00,355.00,199.84
2024/11/08 07:05:00,356.00,196.59
2024/11/08 07:05:00,357.00,193.97
2024/11/08 07:05:00,358.00,191.39
2024/11/08 07:05:00,359.00,192.14
2024/11/08 07:05:00,360.00,196.55
2024/11/08 07:05:00,361.00,201.21
2024/11/08 07:05:00,362.00,206.87
2024/11/08 07:05:00,363.00,215.99
2024/11/08 07:05:00,364.00,225.65
2024/11/08 07:05:00,365.00,233.49
2024/11/08 07:05:00,366.00,240.43
2024/11/08 07:05:00,367.00,245.97
2024/11/08 07:05:00,368.00,248.64
2024/11/08 07:05:00,369.00,248.22
2024/11/08 07:05:00,370.00,244.95
2024/11/08 07:05:00,371.00,239.33
2024/11/08 07:05:00,372.00,233.29
2024/11/08 07:05:00,373.00,229.31
2024/11/08 07:05:00,374.00,229.94
2024/11/08 07:05:00,375.00,236.28
2024/11/08 07:05:00,376.00,244.79
2024/11/08 07:05:00,377.00,252.78
2024/11/08 07:05:00,378.00,258.51
2024/11/08 07:05:00,379.00,256.91
2024/11/08 07:05:00,380.00,246.39
2024/11/08 07:05:00,381.00,234.46
2024/11/08 07:05:00,382.00,225.05
2024/11/08 07:05:00,383.00,217.44
2024/11/08 07:05:00,384.00,214.78
2024/11/08 07:05:00,385.00,218.96
2024/11/08 07:05:00,386.00,226.38
2024/11/08 07:05:00,387.00,235.75
2024/11/08 07:05:00,388.00,246.62
2024/11/08 07:05:00,389.00,255.93
2024/11/08 07:05:00,390.00,257.63
2024/11/08 07:05:00,391.00,253.73
2024/11/08 07:05:00,392.00,250.01
2024/11/08 07:05:00,393.00,243.91
2024/11/08 07:05:00,394.00,236.24
2024/11/08 07:05:00,395.00,240.05
2024/11/08 07:05:00,396.00,258.11
2024/11/08 07:05:00,397.00,280.02
2024/11/08 07:05:00,398.00,305.90
2024/11/08 07:05:00,399.00,337.10
2024/11/08 07:05:00,400.00,365.31
2024/11/08 07:05:00,401.00,383.35
2024/11/08 07:05:00,402.00,393.10
2024/11/08 07:05:00,403.00,395.84
2024/11/08 07:05:00,404.00,394.22
2024/11/08 07:05:00,405.00,392.53
2024/11/08 07:05:00,406.00,392.40
2024/11/08 07:05:00,407.00,392.63
2024/11/08 07:05:00,408.00,394.88
2024/11/08 07:05:00,409.00,400.90
2024/11/08 07:05:00,410.00,406.21
2024/11/08 07:05:00,411.00,411.26
2024/11/08 07:05:00,412.00,416.78
2024/11/08 07:05:00,413.00,422.45
2024/11/08 07:05:00,414.00,425.69
2024/11/08 07:05:00,415.00,427.03
2024/11/08 07:05:00,416.00,426.86
2024/11/08 07:05:00,417.00,426.75
2024/11/08 07:05:00,418.00,427.00
2024/11/08 07:05:00,419.00,427.71
2024/11/08 07:05:00,420.00,428.31
2024/11/08 07:05:00,421.00,429.09
2024/11/08 07:05:00,422.00,430.40
2024/11/08 07:05:00,423.00,430.68
2024/11/08 07:05:00,424.00,428.99
2024/11/08 07:05:00,425.00,427.20
2024/11/08 07:05:00,426.00,424.03
2024/11/08 07:05:00,427.00,415.40
2024/11/08 07:05:00,428.00,404.53
2024/11/08 07:05:00,429.00,397.93
2024/11/08 07:05:00,430.00,398.13
2024/11/08 07:05:00,431.00,402.58
2024/11/08 07:05:00,432.00,413.72
2024/11/08 07:05:00,433.00,430.45
2024/11/08 07:05:00,434.00,446.99
2024/11/08 07:05:00,435.00,455.24
2024/11/08 07:05:00,436.00,459.54
2024/11/08 07:05:00,437.00,462.84
2024/11/08 07:05:00,438.00,466.02
2024/11/08 07:05:00,439.00,469.77
2024/11/08 07:05:00,440.00,476.78
2024/11/08 07:05:00,441.00,487.58
2024/11/08 07:05:00,442.00,497.53
2024/11/08 07:05:00,443.00,504.76
2024/11/08 07:05:00,444.00,509.30
2024/11/08 07:05:00,445.00,513.98
2024/11/08 07:05:00,446.00,518.74
2024/11/08 07:05:00,447.00,525.91
2024/11/08 07:05:00,448.00,535.27
2024/11/08 07:05:00,449.00,543.97
2024/11/08 07:05:00,450.00,548.49
2024/11/08 07:05:00,451.00,549.84
2024/11/08 07:05:00,452.00,550.04
2024/11/08 07:05:00,453.00,548.90
2024/11/08 07:05:00,454.00,549.92
2024/11/08 07:05:00,455.00,552.74
2024/11/08 07:05:00,456.00,555.88
2024/11/08 07:05:00,457.00,559.01
2024/11/08 07:05:00,458.00,562.19
2024/11/08 07:05:00,459.00,564.88
2024/11/08 07:05:00,460.00,567.92
2024/11/08 07:05:00,461.00,571.96
2024/11/08 07:05:00,462.00,574.75
2024/11/08 07:05:00,463.00,574.06
2024/11/08 07:05:00,464.00,571.77
2024/11/08 07:05:00,465.00,568.17
2024/11/08 07:05:00,466.00,564.32
2024/11/08 07:05:00,467.00,560.97
2024/11/08 07:05:00,468.00,560.57
2024/11/08 07:05:00,469.00,560.75
2024/11/08 07:05:00,470.00,561.95
2024/11/08 07:05:00,471.00,563.68
2024/11/08 07:05:00,472.00,565.80
2024/11/08 07:05:00,473.00,567.98
2024/11/08 07:05:00,474.00,568.81
2024/11/08 07:05:00,475.00,569.69
2024/11/08 07:05:00,476.00,571.46
2024/11/08 07:05:00,477.00,574.34
2024/11/08 07:05:00,478.00,576.15
2024/11/08 07:05:00,479.00,578.85
2024/11/08 07:05:00,480.00,581.65
2024/11/08 07:05:00,481.00,581.36
2024/11/08 07:05:00,482.00,577.05
2024/11/08 07:05:00,483.00,568.36
2024/11/08 07:05:00,484.00,557.00
2024/11/08 07:05:00,485.00,545.75
2024/11/08 07:05:00,486.00,539.46
2024/11/08 07:05:00,487.00,538.08
2024/11/08 07:05:00,488.00,542.83
2024/11/08 07:05:00,489.00,549.72
2024/11/08 07:05:00,490.00,554.73
2024/11/08 07:05:00,491.00,558.28
2024/11/08 07:05:00,492.00,561.98
2024/11/08 07:05:00,493.00,562.50
2024/11/08 07:05:00,494.00,563.76
2024/11/08 07:05:00,495.00,566.94
2024/11/08 07:05:00,496.00,567.43
2024/11/08 07:05:00,497.00,564.26
2024/11/08 07:05:00,498.00,560.94
2024/11/08 07:05:00,499.00,557.08
2024/11/08 07:05:00,500.00,551.82
2024/11/08 07:05:00,501.00,548.45
2024/11/08 07:05:00,502.00,546.98
2024/11/08 07:05:00,503.00,547.70
2024/11/08 07:05:00,504.00,549.43
2024/11/08 07:05:00,505.00,552.03
2024/11/08 07:05:00,506.00,554.39
2024/11/08 07:05:00,507.00,556.23
2024/11/08 07:05:00,508.00,557.76
2024/11/08 07:05:00,509.00,558.38
2024/11/08 07:05:00,510.00,558.57
2024/11/08 07:05:00,511.00,557.17
2024/11/08 07:05:00,512.00,554.40
2024/11/08 07:05:00,513.00,549.08
2024/11/08 07:05:00,514.00,541.00
2024/11/08 07:05:00,515.00,529.95
2024/11/08 07:05:00,516.00,521.72
2024/11/08 07:05:00,517.00,516.54
2024/11/08 07:05:00,518.00,515.24
2024/11/08 07:05:00,519.00,517.23
2024/11/08 07:05:00,520.00,523.56
2024/11/08 07:05:00,521.00,530.58
2024/11/08 07:05:00,522.00,537.30
2024/11/08 07:05:00,523.00,539.22
2024/11/08 07:05:00,524.00,538.70
2024/11/08 07:05:00,525.00,538.99
2024/11/08 07:05:00,526.00,538.94
2024/11/08 07:05:00,527.00,538.60
2024/11/08 07:05:00,528.00,541.47
2024/11/08 07:05:00,529.00,546.43
2024/11/08 07:05:00,530.00,548.27
2024/11/08 07:05:00,531.00,548.66
2024/11/08 07:05:00,532.00,548.15
2024/11/08 07:05:00,533.00,547.18
2024/11/08 07:05:00,534.00,545.66
2024/11/08 07:05:00,535.00,545.79
2024/11/08 07:05:00,536.00,546.92
2024/11/08 07:05:00,537.00,545.26
2024/11/08 07:05:00,538.00,541.68
2024/11/08 07:05:00,539.00,539.04
2024/11/08 07:05:00,540.00,537.75
2024/11/08 07:05:00,541.00,536.16
2024/11/08 07:05:00,542.00,535.57
2024/11/08 07:05:00,543.00,537.21
2024/11/08 07:05:00,544.00,538.50
2024/11/08 07:05:00,545.00,538.67
2024/11/08 07:05:00,546.00,537.86
2024/11/08 07:05:00,547.00,539.09
2024/11/08 07:05:00,548.00,540.29
2024/11/08 07:05:00,549.00,540.65
2024/11/08 07:05:00,550.00,541.00
2024/11/08 07:05:00,551.00,541.72
2024/11/08 07:05:00,552.00,542.16
2024/11/08 07:05:00,553.00,541.02
2024/11/08 07:05:00,554.00,538.12
2024/11/08 07:05:00,555.00,535.93
2024/11/08 07:05:00,556.00,532.50
2024/11/08 07:05:00,557.00,527.76
2024/11/08 07:05:00,558.00,524.26
2024/11/08 07:05:00,559.00,523.24
2024/11/08 07:05:00,560.00,521.81
2024/11/08 07:05:00,561.00,522.03
2024/11/08 07:05:00,562.00,522.03
2024/11/08 07:05:00,563.00,521.56
2024/11/08 07:05:00,564.00,520.15
2024/11/08 07:05:00,565.00,518.86
2024/11/08 07:05:00,566.00,517.63
2024/11/08 07:05:00,567.00,515.89
2024/11/08 07:05:00,568.00,514.30
2024/11/08 07:05:00,569.00,512.77
2024/11/08 07:05:00,570.00,512.07
2024/11/08 07:05:00,571.00,511.31
2024/11/08 07:05:00,572.00,510.86
2024/11/08 07:05:00,573.00,509.56
2024/11/08 07:05:00,574.00,509.91
2024/11/08 07:05:00,575.00,507.91
2024/11/08 07:05:00,576.00,505.91
2024/11/08 07:05:00,577.00,505.52
2024/11/08 07:05:00,578.00,506.58
2024/11/08 07:05:00,579.00,507.67
2024/11/08 07:05:00,580.00,510.96
2024/11/08 07:05:00,581.00,514.40
2024/11/08 07:05:00,582.00,517.56
2024/11/08 07:05:00,583.00,518.04
2024/11/08 07:05:00,584.00,518.82
2024/11/08 07:05:00,585.00,518.39
2024/11/08 07:05:00,586.00,514.28
2024/11/08 07:05:00,587.00,509.77
2024/11/08 07:05:00,588.00,507.16
2024/11/08 07:05:00,589.00,503.74
2024/11/08 07:05:00,590.00,501.30
2024/11/08 07:05:00,591.00,501.83
2024/11/08 07:05:00,592.00,502.56
2024/11/08 07:05:00,593.00,504.11
2024/11/08 07:05:00,594.00,504.25
2024/11/08 07:05:00,595.00,504.57
2024/11/08 07:05:00,596.00,504.46
2024/11/08 07:05:00,597.00,504.18
2024/11/08 07:05:00,598.00,502.56
2024/11/08 07:05:00,599.00,502.35
2024/11/08 07:05:00,600.00,501.10
2024/11/08 07:05:00,601.00,501.60
2024/11/08 07:05:00,602.00,501.43
2024/11/08 07:05:00,603.00,501.95
2024/11/08 07:05:00,604.00,502.21
2024/11/08 07:05:00,605.00,501.32
2024/11/08 07:05:00,606.00,500.43
2024/11/08 07:05:00,607.00,500.11
2024/11/08 07:05:00,608.00,498.92
2024/11/08 07:05:00,609.00,496.71
2024/11/08 07:05:00,610.00,495.82
2024/11/08 07:05:00,611.00,493.88
2024/11/08 07:05:00,612.00,492.22
2024/11/08 07:05:00,613.00,490.46
2024/11/08 07:05:00,614.00,489.66
2024/11/08 07:05:00,615.00,489.17
2024/11/08 07:05:00,616.00,488.91
2024/11/08 07:05:00,617.00,488.16
2024/11/08 07:05:00,618.00,489.64
2024/11/08 07:05:00,619.00,489.27
2024/11/08 07:05:00,620.00,488.79
2024/11/08 07:05:00,621.00,488.65
2024/11/08 07:05:00,622.00,487.88
2024/11/08 07:05:00,623.00,486.26
2024/11/08 07:05:00,624.00,484.54
2024/11/08 07:05:00,625.00,482.92
2024/11/08 07:05:00,626.00,481.39
2024/11/08 07:05:00,627.00,479.20
2024/11/08 07:05:00,628.00,476.60
2024/11/08 07:05:00,629.00,476.56
2024/11/08 07:05:00,630.00,475.50
2024/11/08 07:05:00,631.00,475.50
2024/11/08 07:05:00,632.00,476.93
2024/11/08 07:05:00,633.00,478.65
2024/11/08 07:05:00,634.00,480.16
2024/11/08 07:05:00,635.00,482.43
2024/11/08 07:05:00,636.00,483.78
2024/11/08 07:05:00,637.00,485.73
2024/11/08 07:05:00,638.00,486.18
2024/11/08 07:05:00,639.00,486.46
2024/11/08 07:05:00,640.00,486.97
2024/11/08 07:05:00,641.00,486.50
2024/11/08 07:05:00,642.00,485.92
2024/11/08 07:05:00,643.00,486.68
2024/11/08 07:05:00,644.00,486.18
2024/11/08 07:05:00,645.00,486.66
2024/11/08 07:05:00,646.00,485.76
2024/11/08 07:05:00,647.00,484.15
2024/11/08 07:05:00,648.00,483.84
2024/11/08 07:05:00,649.00,483.51
2024/11/08 07:05:00,650.00,482.63
2024/11/08 07:05:00,651.00,482.37
2024/11/08 07:05:00,652.00,480.26
2024/11/08 07:05:00,653.00,474.25
2024/11/08 07:05:00,654.00,468.69
2024/11/08 07:05:00,655.00,463.99
2024/11/08 07:05:00,656.00,462.28
2024/11/08 07:05:00,657.00,462.46
2024/11/08 07:05:00,658.00,466.45
2024/11/08 07:05:00,659.00,471.76
2024/11/08 07:05:00,660.00,474.94
2024/11/08 07:05:00,661.00,476.33
2024/11/08 07:05:00,662.00,478.93
2024/11/08 07:05:00,663.00,480.32
2024/11/08 07:05:00,664.00,481.83
2024/11/08 07:05:00,665.00,483.18
2024/11/08 07:05:00,666.00,484.59
2024/11/08 07:05:00,667.00,486.18
2024/11/08 07:05:00,668.00,486.11
2024/11/08 07:05:00,669.00,485.36
2024/11/08 07:05:00,670.00,486.02
2024/11/08 07:05:00,671.00,485.06
2024/11/08 07:05:00,672.00,484.45
2024/11/08 07:05:00,673.00,484.56
2024/11/08 07:05:00,674.00,484.46
2024/11/08 07:05:00,675.00,484.35
2024/11/08 07:05:00,676.00,485.26
2024/11/08 07:05:00,677.00,484.63
2024/11/08 07:05:00,678.00,485.76
2024/11/08 07:05:00,679.00,485.51
2024/11/08 07:05:00,680.00,484.59
2024/11/08 07:05:00,681.00,483.12
2024/11/08 07:05:00,682.00,481.52
2024/11/08 07:05:00,683.00,475.53
2024/11/08 07:05:00,684.00,464.86
2024/11/08 07:05:00,685.00,450.41
2024/11/08 07:05:00,686.00,436.26
2024/11/08 07:05:00,687.00,422.99
2024/11/08 07:05:00,688.00,413.72
2024/11/08 07:05:00,689.00,411.84
2024/11/08 07:05:00,690.00,415.78
2024/11/08 07:05:00,691.00,422.01
2024/11/08 07:05:00,692.00,427.54
2024/11/08 07:05:00,693.00,434.13
2024/11/08 07:05:00,694.00,439.91
2024/11/08 07:05:00,695.00,444.50
2024/11/08 07:05:00,696.00,447.36
2024/11/08 07:05:00,697.00,450.87
2024/11/08 07:05:00,698.00,452.66
2024/11/08 07:05:00,699.00,453.99
2024/11/08 07:05:00,700.00,454.17
2024/11/08 07:05:00,701.00,454.52
2024/11/08 07:05:00,702.00,455.70
2024/11/08 07:05:00,703.00,456.73
2024/11/08 07:05:00,704.00,457.32
2024/11/08 07:05:00,705.00,458.36
2024/11/08 07:05:00,706.00,458.18
2024/11/08 07:05:00,707.00,458.58
2024/11/08 07:05:00,708.00,458.22
2024/11/08 07:05:00,709.00,457.72
2024/11/08 07:05:00,710.00,457.22
2024/11/08 07:05:00,711.00,456.23
2024/11/08 07:05:00,712.00,454.79
2024/11/08 07:05:00,713.00,453.49
2024/11/08 07:05:00,714.00,449.45
2024/11/08 07:05:00,715.00,444.44
2024/11/08 07:05:00,716.00,438.38
2024/11/08 07:05:00,717.00,429.36
2024/11/08 07:05:00,718.00,422.17
2024/11/08 07:05:00,719.00,417.07
2024/11/08 07:05:00,720.00,412.96
2024/11/08 07:05:00,721.00,410.97
2024/11/08 07:05:00,722.00,411.29
2024/11/08 07:05:00,723.00,411.61
2024/11/08 07:05:00,724.00,411.59
2024/11/08 07:05:00,725.00,411.67
2024/11/08 07:05:00,726.00,413.81
2024/11/08 07:05:00,727.00,413.85
2024/11/08 07:05:00,728.00,413.53
2024/11/08 07:05:00,729.00,416.42
2024/11/08 07:05:00,730.00,419.40
2024/11/08 07:05:00,731.00,420.50
2024/11/08 07:05:00,732.00,424.76
2024/11/08 07:05:00,733.00,426.42
2024/11/08 07:05:00,734.00,427.06
2024/11/08 07:05:00,735.00,427.81
2024/11/08 07:05:00,736.00,426.95
2024/11/08 07:05:00,737.00,427.60
2024/11/08 07:05:00,738.00,427.23
2024/11/08 07:05:00,739.00,425.98
2024/11/08 07:05:00,740.00,425.95
2024/11/08 07:05:00,741.00,426.50
2024/11/08 07:05:00,742.00,427.17
2024/11/08 07:05:00,743.00,427.99
2024/11/08 07:05:00,744.00,429.18
2024/11/08 07:05:00,745.00,428.62
2024/11/08 07:05:00,746.00,428.06
2024/11/08 07:05:00,747.00,426.18
2024/11/08 07:05:00,748.00,426.31
2024/11/08 07:05:00,749.00,425.31
2024/11/08 07:05:00,750.00,423.34
2024/11/08 07:05:00,751.00,423.40
2024/11/08 07:05:00,752.00,423.87
2024/11/08 07:05:00,753.00,420.87
2024/11/08 07:05:00,754.00,418.35
2024/11/08 07:05:00,755.00,418.43
2024/11/08 07:05:00,756.00,406.82
2024/11/08 07:05:00,757.00,382.37
2024/11/08 07:05:00,758.00,352.89
2024/11/08 07:05:00,759.00,319.36
2024/11/08 07:05:00,760.00,283.90
2024/11/08 07:05:00,761.00,257.01
2024/11/08 07:05:00,762.00,246.00
2024/11/08 07:05:00,763.00,246.07
2024/11/08 07:05:00,764.00,252.04
2024/11/08 07:05:00,765.00,264.30
2024/11/08 07:05:00,766.00,283.99
2024/11/08 07:05:00,767.00,302.84
2024/11/08 07:05:00,768.00,321.22
2024/11/08 07:05:00,769.00,339.86
2024/11/08 07:05:00,770.00,357.44
2024/11/08 07:05:00,771.00,366.37
2024/11/08 07:05:00,772.00,376.74
2024/11/08 07:05:00,773.00,384.28
2024/11/08 07:05:00,774.00,387.91
2024/11/08 07:05:00,775.00,389.66
2024/11/08 07:05:00,776.00,391.49
2024/11/08 07:05:00,777.00,392.66
2024/11/08 07:05:00,778.00,392.64
2024/11/08 07:05:00,779.00,391.79
2024/11/08 07:05:00,780.00,393.34
2024/11/08 07:05:00,781.00,396.77
2024/11/08 07:05:00,782.00,394.87
2024/11/08 07:05:00,783.00,395.63
2024/11/08 07:05:00,784.00,397.31
2024/11/08 07:05:00,785.00,395.08
2024/11/08 07:05:00,786.00,394.05
2024/11/08 07:05:00,787.00,394.52
2024/11/08 07:05:00,788.00,395.32
2024/11/08 07:05:00,789.00,395.53
2024/11/08 07:05:00,790.00,393.24
2024/11/08 07:05:00,791.00,393.93
2024/11/08 07:05:00,792.00,392.87
2024/11/08 07:05:00,793.00,388.95
2024/11/08 07:05:00,794.00,385.96
2024/11/08 07:05:00,795.00,387.77
2024/11/08 07:05:00,796.00,384.46
2024/11/08 07:05:00,797.00,382.07
2024/11/08 07:05:00,798.00,383.08
2024/11/08 07:05:00,799.00,384.75
2024/11/08 07:05:00,800.00,382.69
2024/11/08 07:05:00,801.00,383.22
2024/11/08 07:05:00,802.00,383.59
2024/11/08 07:05:00,803.00,381.39
2024/11/08 07:05:00,804.00,379.17
2024/11/08 07:05:00,805.00,378.74
2024/11/08 07:05:00,806.00,380.32
2024/11/08 07:05:00,807.00,380.75
2024/11/08 07:05:00,808.00,381.20
2024/11/08 07:05:00,809.00,382.97
2024/11/08 07:05:00,810.00,382.96
2024/11/08 07:05:00,811.00,379.60
2024/11/08 07:05:00,812.00,377.00
2024/11/08 07:05:00,813.00,374.50
2024/11/08 07:05:00,814.00,367.39
2024/11/08 07:05:00,815.00,363.65
2024/11/08 07:05:00,816.00,359.23
2024/11/08 07:05:00,817.00,359.24
2024/11/08 07:05:00,818.00,356.83
2024/11/08 07:05:00,819.00,355.52
2024/11/08 07:05:00,820.00,357.38
2024/11/08 07:05:00,821.00,358.87
2024/11/08 07:05:00,822.00,356.29
2024/11/08 07:05:00,823.00,356.97
2024/11/08 07:05:00,824.00,361.78
2024/11/08 07:05:00,825.00,359.68
2024/11/08 07:05:00,826.00,358.25
2024/11/08 07:05:00,827.00,360.84
2024/11/08 07:05:00,828.00,361.89
2024/11/08 07:05:00,829.00,358.95
2024/11/08 07:05:00,830.00,359.71
2024/11/08 07:05:00,831.00,359.29
2024/11/08 07:05:00,832.00,358.22
2024/11/08 07:05:00,833.00,355.42
2024/11/08 07:05:00,834.00,355.18
2024/11/08 07:05:00,835.00,357.42
2024/11/08 07:05:00,836.00,357.45
2024/11/08 07:05:00,837.00,357.37
2024/11/08 07:05:00,838.00,357.21
2024/11/08 07:05:00,839.00,356.40
2024/11/08 07:05:00,840.00,354.03
2024/11/08 07:05:00,841.00,352.53
2024/11/08 07:05:00,842.00,352.60
2024/11/08 07:05:00,843.00,351.79
2024/11/08 07:05:00,844.00,349.99
2024/11/08 07:05:00,845.00,349.79
2024/11/08 07:05:00,846.00,346.97
2024/11/08 07:05:00,847.00,342.84
2024/11/08 07:05:00,848.00,340.80
2024/11/08 07:05:00,849.00,339.32
2024/11/08 07:05:00,850.00,336.07
2024/11/08 07:05:00,851.00,332.45
2024/11/08 07:05:00,852.00,330.05
2024/11/08 07:05:00,853.00,328.53
2024/11/08 07:05:00,854.00,326.72
2024/11/08 07:05:00,855.00,327.35
2024/11/08 07:05:00,856.00,331.11
2024/11/08 07:05:00,857.00,332.60
2024/11/08 07:05:00,858.00,333.35
2024/11/08 07:05:00,859.00,334.36
2024/11/08 07:05:00,860.00,335.49
2024/11/08 07:05:00,861.00,335.37
2024/11/08 07:05:00,862.00,334.45
2024/11/08 07:05:00,863.00,332.13
2024/11/08 07:05:00,864.00,329.01
2024/11/08 07:05:00,865.00,326.17
2024/11/08 07:05:00,866.00,324.27
2024/11/08 07:05:00,867.00,325.06
2024/11/08 07:05:00,868.00,325.16
2024/11/08 07:05:00,869.00,325.94
2024/11/08 07:05:00,870.00,326.62
2024/11/08 07:05:00,871.00,327.12
2024/11/08 07:05:00,872.00,326.34
2024/11/08 07:05:00,873.00,327.09
2024/11/08 07:05:00,874.00,328.33
2024/11/08 07:05:00,875.00,327.40
2024/11/08 07:05:00,876.00,326.99
2024/11/08 07:05:00,877.00,326.83
2024/11/08 07:05:00,878.00,325.97
2024/11/08 07:05:00,879.00,323.11
2024/11/08 07:05:00,880.00,322.89
2024/11/08 07:05:00,881.00,323.51
2024/11/08 07:05:00,882.00,322.87
2024/11/08 07:05:00,883.00,322.33
2024/11/08 07:05:00,884.00,322.49
2024/11/08 07:05:00,885.00,322.36
2024/11/08 07:05:00,886.00,320.48
2024/11/08 07:05:00,887.00,319.91
2024/11/08 07:05:00,888.00,319.47
2024/11/08 07:05:00,889.00,318.59
2024/11/08 07:05:00,890.00,316.97
2024/11/08 07:05:00,891.00,314.80
2024/11/08 07:05:00,892.00,312.24
2024/11/08 07:05:00,893.00,307.68
2024/11/08 07:05:00,894.00,303.16
2024/11/08 07:05:00,895.00,297.86
2024/11/08 07:05:00,896.00,291.62
2024/11/08 07:05:00,897.00,284.85
2024/11/08 07:05:00,898.00,279.73
2024/11/08 07:05:00,899.00,275.37
2024/11/08 07:05:00,900.00,272.68
2024/11/08 07:05:00,901.00,273.30
2024/11/08 07:05:00,902.00,274.88
2024/11/08 07:05:00,903.00,276.81
2024/11/08 07:05:00,904.00,278.34
2024/11/08 07:05:00,905.00,277.05
2024/11/08 07:05:00,906.00,274.47
2024/11/08 07:05:00,907.00,271.54
2024/11/08 07:05:00,908.00,269.44
2024/11/08 07:05:00,909.00,267.90
2024/11/08 07:05:00,910.00,267.65
2024/11/08 07:05:00,911.00,265.99
2024/11/08 07:05:00,912.00,264.59
2024/11/08 07:05:00,913.00,263.33
2024/11/08 07:05:00,914.00,261.22
2024/11/08 07:05:00,915.00,259.95
2024/11/08 07:05:00,916.00,261.10
2024/11/08 07:05:00,917.00,262.96
2024/11/08 07:05:00,918.00,264.56
2024/11/08 07:05:00,919.00,266.98
2024/11/08 07:05:00,920.00,268.87
2024/11/08 07:05:00,921.00,269.28
2024/11/08 07:05:00,922.00,269.18
2024/11/08 07:05:00,923.00,268.75
2024/11/08 07:05:00,924.00,267.41
2024/11/08 07:05:00,925.00,264.63
2024/11/08 07:05:00,926.00,260.65
2024/11/08 07:05:00,927.00,254.30
2024/11/08 07:05:00,928.00,244.73
2024/11/08 07:05:00,929.00,232.64
2024/11/08 07:05:00,930.00,218.82
2024/11/08 07:05:00,931.00,205.25
2024/11/08 07:05:00,932.00,191.01
2024/11/08 07:05:00,933.00,179.46
2024/11/08 07:05:00,934.00,170.64
2024/11/08 07:05:00,935.00,164.22
2024/11/08 07:05:00,936.00,162.05
2024/11/08 07:05:00,937.00,163.41
2024/11/08 07:05:00,938.00,167.58
2024/11/08 07:05:00,939.00,171.76
2024/11/08 07:05:00,940.00,174.96
2024/11/08 07:05:00,941.00,176.10
2024/11/08 07:05:00,942.00,175.46
2024/11/08 07:05:00,943.00,173.67
2024/11/08 07:05:00,944.00,172.61
2024/11/08 07:05:00,945.00,173.53
2024/11/08 07:05:00,946.00,172.88
2024/11/08 07:05:00,947.00,173.89
2024/11/08 07:05:00,948.00,174.66
2024/11/08 07:05:00,949.00,176.67
2024/11/08 07:05:00,950.00,177.35
2024/11/08 07:05:00,951.00,178.48
2024/11/08 07:05:00,952.00,179.24
2024/11/08 07:05:00,953.00,179.94
2024/11/08 07:05:00,954.00,181.44
2024/11/08 07:05:00,955.00,182.81
2024/11/08 07:05:00,956.00,185.12
2024/11/08 07:05:00,957.00,187.39
2024/11/08 07:05:00,958.00,188.92
2024/11/08 07:05:00,959.00,192.33
2024/11/08 07:05:00,960.00,194.82
2024/11/08 07:05:00,961.00,196.91
2024/11/08 07:05:00,962.00,201.18
2024/11/08 07:05:00,963.00,204.32
2024/11/08 07:05:00,964.00,207.64
2024/11/08 07:05:00,965.00,213.46
2024/11/08 07:05:00,966.00,219.37
2024/11/08 07:05:00,967.00,224.47
2024/11/08 07:05:00,968.00,229.97
2024/11/08 07:05:00,969.00,233.09
2024/11/08 07:05:00,970.00,235.40
2024/11/08 07:05:00,971.00,235.91
2024/11/08 07:05:00,972.00,235.48
2024/11/08 07:05:00,973.00,235.47
2024/11/08 07:05:00,974.00,235.69
2024/11/08 07:05:00,975.00,236.27
2024/11/08 07:05:00,976.00,237.37
2024/11/08 07:05:00,977.00,238.89
2024/11/08 07:05:00,978.00,239.23
2024/11/08 07:05:00,979.00,239.28
2024/11/08 07:05:00,980.00,240.77
2024/11/08 07:05:00,981.00,241.58
2024/11/08 07:05:00,982.00,242.74
2024/11/08 07:05:00,983.00,244.39
2024/11/08 07:05:00,984.00,246.15
2024/11/08 07:05:00,985.00,247.64
2024/11/08 07:05:00,986.00,248.78
2024/11/08 07:05:00,987.00,251.12
2024/11/08 07:05:00,988.00,251.97
2024/11/08 07:05:00,989.00,252.49
2024/11/08 07:05:00,990.00,253.37
2024/11/08 07:05:00,991.00,253.96
2024/11/08 07:05:00,992.00,253.50
2024/11/08 07:05:00,993.00,253.84
2024/11/08 07:05:00,994.00,253.55
2024/11/08 07:05:00,995.00,252.72
2024/11/08 07:05:00,996.00,253.06
2024/11/08 07:05:00,997.00,251.91
2024/11/08 07:05:00,998.00,252.09
2024/11/08 07:05:00,999.00,251.23
2024/11/08 07:05:00,1000.00,249.72
2024/11/08 07:05:00,1001.00,248.54
2024/11/08 07:05:00,1002.00,246.19
2024/11/08 07:05:00,1003.00,244.33
2024/11/08 07:05:00,1004.00,243.81
2024/11/08 07:05:00,1005.00,243.61
2024/11/08 07:05:00,1006.00,243.10
2024/11/08 07:05:00,1007.00,243.20
2024/11/08 07:05:00,1008.00,243.98
2024/11/08 07:05:00,1009.00,244.24
2024/11/08 07:05:00,1010.00,244.11
2024/11/08 07:05:00,1011.00,245.28
2024/11/08 07:05:00,1012.00,244.79
2024/11/08 07:05:00,1013.00,243.59
2024/11/08 07:05:00,1014.00,242.87
2024/11/08 07:05:00,1015.00,242.86
2024/11/08 07:05:00,1016.00,241.66
2024/11/08 07:05:00,1017.00,240.82
2024/11/08 07:05:00,1018.00,241.00
2024/11/08 07:05:00,1019.00,239.87
2024/11/08 07:05:00,1020.00,239.21
2024/11/08 07:05:00,1021.00,239.99
2024/11/08 07:05:00,1022.00,240.35
2024/11/08 07:05:00,1023.00,239.44
2024/11/08 07:05:00,1024.00,239.30
2024/11/08 07:05:00,1025.00,238.63
2024/11/08 07:05:00,1026.00,237.08
2024/11/08 07:05:00,1027.00,235.02
2024/11/08 07:05:00,1028.00,234.40
2024/11/08 07:05:00,1029.00,233.56
2024/11/08 07:05:00,1030.00,232.76
2024/11/08 07:05:00,1031.00,232.95
2024/11/08 07:05:00,1032.00,233.76
2024/11/08 07:05:00,1033.00,233.30
2024/11/08 07:05:00,1034.00,234.06
2024/11/08 07:05:00,1035.00,233.66
2024/11/08 07:05:00,1036.00,233.85
2024/11/08 07:05:00,1037.00,233.55
2024/11/08 07:05:00,1038.00,232.22
2024/11/08 07:05:00,1039.00,231.92
2024/11/08 07:05:00,1040.00,231.57
2024/11/08 07:05:00,1041.00,231.31
2024/11/08 07:05:00,1042.00,230.69
2024/11/08 07:05:00,1043.00,230.20
2024/11/08 07:05:00,1044.00,229.81
2024/11/08 07:05:00,1045.00,227.98
2024/11/08 07:05:00,1046.00,228.03
2024/11/08 07:05:00,1047.00,225.78
2024/11/08 07:05:00,1048.00,224.79
2024/11/08 07:05:00,1049.00,225.17
2024/11/08 07:05:00,1050.00,223.72
2024/11/08 07:05:00,1051.00,225.71
2024/11/08 07:05:00,1052.00,224.35
2024/11/08 07:05:00,1053.00,225.07
2024/11/08 07:05:00,1054.00,223.82
2024/11/08 07:05:00,1055.00,222.79
2024/11/08 07:05:00,1056.00,222.78
2024/11/08 07:05:00,1057.00,220.83
2024/11/08 07:05:00,1058.00,217.93
2024/11/08 07:05:00,1059.00,217.74
2024/11/08 07:05:00,1060.00,217.33
2024/11/08 07:05:00,1061.00,214.16
2024/11/08 07:05:00,1062.00,216.53
2024/11/08 07:05:00,1063.00,220.24
2024/11/08 07:05:00,1064.00,219.79
2024/11/08 07:05:00,1065.00,220.14
2024/11/08 07:05:00,1066.00,219.68
2024/11/08 07:05:00,1067.00,216.91
2024/11/08 07:05:00,1068.00,212.23
2024/11/08 07:05:00,1069.00,210.91
2024/11/08 07:05:00,1070.00,211.54
2024/11/08 07:05:00,1071.00,209.57
2024/11/08 07:05:00,1072.00,210.02
2024/11/08 07:05:00,1073.00,210.70
2024/11/08 07:05:00,1074.00,210.64
2024/11/08 07:05:00,1075.00,211.51
2024/11/08 07:05:00,1076.00,211.33
2024/11/08 07:05:00,1077.00,215.14
2024/11/08 07:05:00,1078.00,212.96
2024/11/08 07:05:00,1079.00,210.05
2024/11/08 07:05:00,1080.00,213.52
2024/11/08 07:05:00,1081.00,212.85
2024/11/08 07:05:00,1082.00,211.06
2024/11/08 07:05:00,1083.00,214.97
2024/11/08 07:05:00,1084.00,216.11
2024/11/08 07:05:00,1085.00,211.30
2024/11/08 07:05:00,1086.00,210.89
2024/11/08 07:05:00,1087.00,209.56
2024/11/08 07:05:00,1088.00,207.53
2024/11/08 07:05:00,1089.00,205.00
2024/11/08 07:05:00,1090.00,204.84
2024/11/08 07:05:00,1091.00,209.28
2024/11/08 07:05:00,1092.00,206.67
2024/11/08 07:05:00,1093.00,205.95
2024/11/08 07:05:00,1094.00,211.49
2024/11/08 07:05:00,1095.00,205.48
2024/11/08 07:05:00,1096.00,202.80
2024/11/08 07:05:00,1097.00,202.95
2024/11/08 07:05:00,1098.00,205.70
2024/11/08 07:05:00,1099.00,199.46
2024/11/08 07:05:00,1100.00,199.12
2024/11/08 07:06:00,Wavelength(nm),Irradiance(W/m2/um)
2024/11/08 07:06:00,300.00,6.49
2024/11/08 07:06:00,301.00,6.82
2024/11/08 07:06:00,302.00,7.38
2024/11/08 07:06:00,303.00,8.26
2024/11/08 07:06:00,304.00,9.15
2024/11/08 07:06:00,305.00,10.38
2024/11/08 07:06:00,306.00,11.91
2024/11/08 07:06:00,307.00,13.63
2024/11/08 07:06:00,308.00,15.77
2024/11/08 07:06:00,309.00,18.51
2024/11/08 07:06:00,310.00,21.74
2024/11/08 07:06:00,311.00,25.42
2024/11/08 07:06:00,312.00,29.59
2024/11/08 07:06:00,313.00,34.04
2024/11/08 07:06:00,314.00,39.21
2024/11/08 07:06:00,315.00,44.48
2024/11/08 07:06:00,316.00,50.46
2024/11/08 07:06:00,317.00,56.78
2024/11/08 07:06:00,318.00,63.14
2024/11/08 07:06:00,319.00,68.71
2024/11/08 07:06:00,320.00,74.64
2024/11/08 07:06:00,321.00,80.67
2024/11/08 07:06:00,322.00,87.74
2024/11/08 07:06:00,323.00,95.96
2024/11/08 07:06:00,324.00,104.94
2024/11/08 07:06:00,325.00,114.56
2024/11/08 07:06:00,326.00,124.65
2024/11/08 07:06:00,327.00,134.00
2024/11/08 07:06:00,328.00,141.58
2024/11/08 07:06:00,329.00,148.37
2024/11/08 07:06:00,330.00,154.07
2024/11/08 07:06:00,331.00,157.87
2024/11/08 07:06:00,332.00,160.56
2024/11/08 07:06:00,333.00,161.99
2024/11/08 07:06:00,334.00,162.59
2024/11/08 07:06:00,335.00,163.48
2024/11/08 07:06:00,336.00,164.92
2024/11/08 07:06:00,337.00,166.82
2024/11/08 07:06:00,338.00,169.82
2024/11/08 07:06:00,339.00,173.69
2024/11/08 07:06:00,340.00,176.79
2024/11/08 07:06:00,341.00,178.47
2024/11/08 07:06:00,342.00,179.14
2024/11/08 07:06:00,343.00,179.91
2024/11/08 07:06:00,344.00,180.08
2024/11/08 07:06:00,345.00,180.23
2024/11/08 07:06:00,346.00,181.16
2024/11/08 07:06:00,347.00,183.40
2024/11/08 07:06:00,348.00,186.11
2024/11/08 07:06:00,349.00,188.79
2024/11/08 07:06:00,350.00,192.10
2024/11/08 07:06:00,351.00,196.79
2024/11/08 07:06:00,352.00,201.10
2024/11/08 07:06:00,353.00,203.83
2024/11/08 07:06:00,354.00,204.40
2024/11/08 07:06:00,355.00,201.97
2024/11/08 07:06:00,356.00,198.65
2024/11/08 07:06:00,357.00,195.92
2024/11/08 07:06:00,358.00,193.28
2024/11/08 07:06:00,359.00,193.48
2024/11/08 07:06:00,360.00,197.57
2024/11/08 07:06:00,361.00,202.26
2024/11/08 07:06:00,362.00,207.98
2024/11/08 07:06:00,363.00,217.02
2024/11/08 07:06:00,364.00,226.60
2024/11/08 07:06:00,365.00,234.68
2024/11/08 07:06:00,366.00,241.91
2024/11/08 07:06:00,367.00,247.39
2024/11/08 07:06:00,368.00,250.20
2024/11/08 07:06:00,369.00,250.04
2024/11/08 07:06:00,370.00,246.90
2024/11/08 07:06:00,371.00,240.92
2024/11/08 07:06:00,372.00,235.16
2024/11/08 07:06:00,373.00,230.99
2024/11/08 07:06:00,374.00,231.35
2024/11/08 07:06:00,375.00,237.85
2024/11/08 07:06:00,376.00,246.62
2024/11/08 07:06:00,377.00,254.98
2024/11/08 07:06:00,378.00,260.99
2024/11/08 07:06:00,379.00,259.59
2024/11/08 07:06:00,380.00,249.19
2024/11/08 07:06:00,381.00,237.12
2024/11/08 07:06:00,382.00,227.19
2024/11/08 07:06:00,383.00,219.58
2024/11/08 07:06:00,384.00,216.87
2024/11/08 07:06:00,385.00,220.96
2024/11/08 07:06:00,386.00,228.19
2024/11/08 07:06:00,387.00,237.43
2024/11/08 07:06:00,388.00,248.50
2024/11/08 07:06:00,389.00,257.71
2024/11/08 07:06:00,390.00,259.24
2024/11/08 07:06:00,391.00,255.64
2024/11/08 07:06:00,392.00,251.99
2024/11/08 07:06:00,393.00,245.75
2024/11/08 07:06:00,394.00,238.11
2024/11/08 07:06:00,395.00,242.06
2024/11/08 07:06:00,396.00,260.00
2024/11/08 07:06:00,397.00,281.83
2024/11/08 07:06:00,398.00,307.51
2024/11/08 07:06:00,399.00,338.89
2024/11/08 07:06:00,400.00,367.10
2024/11/08 07:06:00,401.00,385.11
2024/11/08 07:06:00,402.00,394.96
2024/11/08 07:06:00,403.00,397.75
2024/11/08 07:06:00,404.00,396.17
2024/11/08 07:06:00,405.00,394.46
2024/11/08 07:06:00,406.00,394.30
2024/11/08 07:06:00,407.00,395.10
2024/11/08 07:06:00,408.00,397.54
2024/11/08 07:06:00,409.00,402.88
2024/11/08 07:06:00,410.00,408.72
2024/11/08 07:06:00,411.00,413.80
2024/11/08 07:06:00,412.00,419.07
2024/11/08 07:06:00,413.00,424.57
2024/11/08 07:06:00,414.00,428.23
2024/11/08 07:06:00,415.00,429.66
2024/11/08 07:06:00,416.00,429.49
2024/11/08 07:06:00,417.00,429.10
2024/11/08 07:06:00,418.00,429.90
2024/11/08 07:06:00,419.00,430.86
2024/11/08 07:06:00,420.00,431.16
2024/11/08 07:06:00,421.00,432.00
2024/11/08 07:06:00,422.00,433.41
2024/11/08 07:06:00,423.00,433.56
2024/11/08 07:06:00,424.00,431.63
2024/11/08 07:06:00,425.00,429.94
2024/11/08 07:06:00,426.00,427.07
2024/11/08 07:06:00,427.00,418.64
2024/11/08 07:06:00,428.00,406.90
2024/11/08 07:06:00,429.00,400.66
2024/11/08 07:06:00,430.00,400.50
2024/11/08 07:06:00,431.00,404.95
2024/11/08 07:06:00,432.00,416.16
2024/11/08 07:06:00,433.00,433.87
2024/11/08 07:06:00,434.00,450.52
2024/11/08 07:06:00,435.00,458.97
2024/11/08 07:06:00,436.00,463.07
2024/11/08 07:06:00,437.00,466.60
2024/11/08 07:06:00,438.00,469.79
2024/11/08 07:06:00,439.00,472.59
2024/11/08 07:06:00,440.00,480.65
2024/11/08 07:06:00,441.00,491.51
2024/11/08 07:06:00,442.00,501.77
2024/11/08 07:06:00,443.00,508.99
2024/11/08 07:06:00,444.00,514.83
2024/11/08 07:06:00,445.00,518.62
2024/11/08 07:06:00,446.00,522.79
2024/11/08 07:06:00,447.00,529.72
2024/11/08 07:06:00,448.00,539.58
2024/11/08 07:06:00,449.00,547.37
2024/11/08 07:06:00,450.00,552.00
2024/11/08 07:06:00,451.00,553.36
2024/11/08 07:06:00,452.00,553.10
2024/11/08 07:06:00,453.00,551.30
2024/11/08 07:06:00,454.00,551.36
2024/11/08 07:06:00,455.00,554.90
2024/11/08 07:06:00,456.00,559.46
2024/11/08 07:06:00,457.00,562.77
2024/11/08 07:06:00,458.00,566.17
2024/11/08 07:06:00,459.00,570.23
2024/11/08 07:06:00,460.00,573.09
2024/11/08 07:06:00,461.00,575.19
2024/11/08 07:06:00,462.00,577.12
2024/11/08 07:06:00,463.00,576.87
2024/11/08 07:06:00,464.00,574.71
2024/11/08 07:06:00,465.00,569.91
2024/11/08 07:06:00,466.00,567.16
2024/11/08 07:06:00,467.00,565.78
2024/11/08 07:06:00,468.00,564.64
2024/11/08 07:06:00,469.00,564.51
2024/11/08 07:06:00,470.00,566.53
2024/11/08 07:06:00,471.00,568.42
2024/11/08 07:06:00,472.00,570.21
2024/11/08 07:06:00,473.00,571.71
2024/11/08 07:06:00,474.00,572.13
2024/11/08 07:06:00,475.00,573.38
2024/11/08 07:06:00,476.00,574.57
2024/11/08 07:06:00,477.00,576.15
2024/11/08 07:06:00,478.00,579.80
2024/11/08 07:06:00,479.00,583.23
2024/11/08 07:06:00,480.00,585.67
2024/11/08 07:06:00,481.00,585.91
2024/11/08 07:06:00,482.00,581.81
2024/11/08 07:06:00,483.00,573.36
2024/11/08 07:06:00,484.00,561.11
2024/11/08 07:06:00,485.00,549.98
2024/11/08 07:06:00,486.00,544.12
2024/11/08 07:06:00,487.00,542.79
2024/11/08 07:06:00,488.00,545.53
2024/11/08 07:06:00,489.00,553.17
2024/11/08 07:06:00,490.00,558.92
2024/11/08 07:06:00,491.00,562.33
2024/11/08 07:06:00,492.00,564.72
2024/11/08 07:06:00,493.00,567.45
2024/11/08 07:06:00,494.00,569.68
2024/11/08 07:06:00,495.00,571.19
2024/11/08 07:06:00,496.00,570.75
2024/11/08 07:06:00,497.00,569.06
2024/11/08 07:06:00,498.00,565.12
2024/11/08 07:06:00,499.00,558.99
2024/11/08 07:06:00,500.00,555.14
2024/11/08 07:06:00,501.00,552.41
2024/11/08 07:06:00,502.00,551.23
2024/11/08 07:06:00,503.00,551.61
2024/11/08 07:06:00,504.00,555.82
2024/11/08 07:06:00,505.00,558.73
2024/11/08 07:06:00,506.00,561.14
2024/11/08 07:06:00,507.00,561.60
2024/11/08 07:06:00,508.00,563.60
2024/11/08 07:06:00,509.00,562.63
2024/11/08 07:06:00,510.00,561.18
2024/11/08 07:06:00,511.00,559.32
2024/11/08 07:06:00,512.00,557.32
2024/11/08 07:06:00,513.00,551.70
2024/11/08 07:06:00,514.00,542.66
2024/11/08 07:06:00,515.00,532.28
2024/11/08 07:06:00,516.00,525.76
2024/11/08 07:06:00,517.00,520.30
2024/11/08 07:06:00,518.00,518.24
2024/11/08 07:06:00,519.00,522.88
2024/11/08 07:06:00,520.00,530.79
2024/11/08 07:06:00,521.00,537.02
2024/11/08 07:06:00,522.00,543.33
2024/11/08 07:06:00,523.00,546.62
2024/11/08 07:06:00,524.00,545.78
2024/11/08 07:06:00,525.00,543.40
2024/11/08 07:06:00,526.00,542.80
2024/11/08 07:06:00,527.00,543.57
2024/11/08 07:06:00,528.00,545.03
2024/11/08 07:06:00,529.00,547.58
2024/11/08 07:06:00,530.00,550.47
2024/11/08 07:06:00,531.00,551.08
2024/11/08 07:06:00,532.00,550.07
2024/11/08 07:06:00,533.00,549.16
2024/11/08 07:06:00,534.00,548.97
2024/11/08 07:06:00,535.00,549.98
2024/11/08 07:06:00,536.00,549.32
2024/11/08 07:06:00,537.00,547.67
2024/11/08 07:06:00,538.00,546.29
2024/11/08 07:06:00,539.00,544.67
2024/11/08 07:06:00,540.00,541.43
2024/11/08 07:06:00,541.00,540.46
2024/11/08 07:06:00,542.00,541.28
2024/11/08 07:06:00,543.00,541.65
2024/11/08 07:06:00,544.00,542.12
2024/11/08 07:06:00,545.00,543.03
2024/11/08 07:06:00,546.00,544.85
2024/11/08 07:06:00,547.00,545.24
2024/11/08 07:06:00,548.00,544.40
2024/11/08 07:06:00,549.00,544.21
2024/11/08 07:06:00,550.00,545.11
2024/11/08 07:06:00,551.00,543.72
2024/11/08 07:06:00,552.00,543.32
2024/11/08 07:06:00,553.00,543.21
2024/11/08 07:06:00,554.00,542.38
2024/11/08 07:06:00,555.00,539.28
2024/11/08 07:06:00,556.00,535.90
2024/11/08 07:06:00,557.00,532.27
2024/11/08 07:06:00,558.00,530.35
2024/11/08 07:06:00,559.00,527.44
2024/11/08 07:06:00,560.00,526.42
2024/11/08 07:06:00,561.00,528.48
2024/11/08 07:06:00,562.00,527.84
2024/11/08 07:06:00,563.00,526.31
2024/11/08 07:06:00,564.00,526.00
2024/11/08 07:06:00,565.00,525.53
2024/11/08 07:06:00,566.00,521.66
2024/11/08 07:06:00,567.00,519.11
2024/11/08 07:06:00,568.00,517.54
2024/11/08 07:06:00,569.00,515.54
2024/11/08 07:06:00,570.00,513.83
2024/11/08 07:06:00,571.00,513.50
2024/11/08 07:06:00,572.00,514.82
2024/11/08 07:06:00,573.00,514.38
2024/11/08 07:06:00,574.00,514.20
2024/11/08 07:06:00,575.00,512.47
2024/11/08 07:06:00,576.00,511.25
2024/11/08 07:06:00,577.00,510.48
2024/11/08 07:06:00,578.00,510.44
2024/11/08 07:06:00,579.00,512.15
2024/11/08 07:06:00,580.00,515.89
2024/11/08 07:06:00,581.00,517.82
2024/11/08 07:06:00,582.00,519.50
2024/11/08 07:06:00,583.00,521.40
2024/11/08 07:06:00,584.00,521.03
2024/11/08 07:06:00,585.00,519.14
2024/11/08 07:06:00,586.00,515.50
2024/11/08 07:06:00,587.00,512.67
2024/11/08 07:06:00,588.00,510.88
2024/11/08 07:06:00,589.00,508.25
2024/11/08 07:06:00,590.00,506.28
2024/11/08 07:06:00,591.00,508.43
2024/11/08 07:06:00,592.00,508.46
2024/11/08 07:06:00,593.00,508.24
2024/11/08 07:06:00,594.00,509.23
2024/11/08 07:06:00,595.00,510.13
2024/11/08 07:06:00,596.00,509.41
2024/11/08 07:06:00,597.00,509.02
2024/11/08 07:06:00,598.00,508.37
2024/11/08 07:06:00,599.00,506.48
2024/11/08 07:06:00,600.00,504.12
2024/11/08 07:06:00,601.00,502.98
2024/11/08 07:06:00,602.00,503.08
2024/11/08 07:06:00,603.00,502.22
2024/11/08 07:06:00,604.00,502.09
2024/11/08 07:06:00,605.00,502.09
2024/11/08 07:06:00,606.00,503.09
2024/11/08 07:06:00,607.00,501.64
2024/11/08 07:06:00,608.00,500.28
2024/11/08 07:06:00,609.00,500.47
2024/11/08 07:06:00,610.00,500.62
2024/11/08 07:06:00,611.00,497.77
2024/11/08 07:06:00,612.00,497.26
2024/11/08 07:06:00,613.00,497.02
2024/11/08 07:06:00,614.00,494.31
2024/11/08 07:06:00,615.00,492.58
2024/11/08 07:06:00,616.00,492.32
2024/11/08 07:06:00,617.00,493.12
2024/11/08 07:06:00,618.00,493.77
2024/11/08 07:06:00,619.00,494.48
2024/11/08 07:06:00,620.00,494.72
2024/11/08 07:06:00,621.00,495.45
2024/11/08 07:06:00,622.00,492.96
2024/11/08 07:06:00,623.00,491.39
2024/11/08 07:06:00,624.00,490.41
2024/11/08 07:06:00,625.00,487.73
2024/11/08 07:06:00,626.00,484.28
2024/11/08 07:06:00,627.00,481.37
2024/11/08 07:06:00,628.00,479.55
2024/11/08 07:06:00,629.00,477.29
2024/11/08 07:06:00,630.00,475.89
2024/11/08 07:06:00,631.00,476.55
2024/11/08 07:06:00,632.00,479.37
2024/11/08 07:06:00,633.00,480.32
2024/11/08 07:06:00,634.00,482.83
2024/11/08 07:06:00,635.00,486.50
2024/11/08 07:06:00,636.00,488.87
2024/11/08 07:06:00,637.00,489.90
2024/11/08 07:06:00,638.00,490.05
2024/11/08 07:06:00,639.00,490.97
2024/11/08 07:06:00,640.00,490.70
2024/11/08 07:06:00,641.00,489.57
2024/11/08 07:06:00,642.00,490.07
2024/11/08 07:06:00,643.00,491.73
2024/11/08 07:06:00,644.00,490.82
2024/11/08 07:06:00,645.00,490.44
2024/11/08 07:06:00,646.00,489.24
2024/11/08 07:06:00,647.00,488.45
2024/11/08 07:06:00,648.00,486.86
2024/11/08 07:06:00,649.00,485.69
2024/11/08 07:06:00,650.00,485.33
2024/11/08 07:06:00,651.00,485.86
2024/11/08 07:06:00,652.00,483.07
2024/11/08 07:06:00,653.00,478.21
2024/11/08 07:06:00,654.00,473.77
2024/11/08 07:06:00,655.00,469.28
2024/11/08 07:06:00,656.00,466.41
2024/11/08 07:06:00,657.00,466.13
2024/11/08 07:06:00,658.00,469.88
2024/11/08 07:06:00,659.00,473.95
2024/11/08 07:06:00,660.00,477.32
2024/11/08 07:06:00,661.00,480.59
2024/11/08 07:06:00,662.00,482.40
2024/11/08 07:06:00,663.00,483.57
2024/11/08 07:06:00,664.00,485.04
2024/11/08 07:06:00,665.00,486.58
2024/11/08 07:06:00,666.00,487.61
2024/11/08 07:06:00,667.00,489.80
2024/11/08 07:06:00,668.00,490.08
2024/11/08 07:06:00,669.00,490.69
2024/11/08 07:06:00,670.00,489.82
2024/11/08 07:06:00,671.00,488.06
2024/11/08 07:06:00,672.00,487.58
2024/11/08 07:06:00,673.00,488.04
2024/11/08 07:06:00,674.00,487.27
2024/11/08 07:06:00,675.00,488.10
2024/11/08 07:06:00,676.00,488.91
2024/11/08 07:06:00,677.00,488.33
2024/11/08 07:06:00,678.00,488.16
2024/11/08 07:06:00,679.00,487.85
2024/11/08 07:06:00,680.00,487.77
2024/11/08 07:06:00,681.00,486.25
2024/11/08 07:06:00,682.00,484.05
2024/11/08 07:06:00,683.00,479.35
2024/11/08 07:06:00,684.00,468.64
2024/11/08 07:06:00,685.00,453.35
2024/11/08 07:06:00,686.00,439.36
2024/11/08 07:06:00,687.00,426.48
2024/11/08 07:06:00,688.00,417.20
2024/11/08 07:06:00,689.00,415.47
2024/11/08 07:06:00,690.00,419.61
2024/11/08 07:06:00,691.00,426.62
2024/11/08 07:06:00,692.00,433.37
2024/11/08 07:06:00,693.00,439.01
2024/11/08 07:06:00,694.00,445.41
2024/11/08 07:06:00,695.00,448.79
2024/11/08 07:06:00,696.00,450.90
2024/11/08 07:06:00,697.00,452.97
2024/11/08 07:06:00,698.00,455.65
2024/11/08 07:06:00,699.00,456.98
2024/11/08 07:06:00,700.00,457.51
2024/11/08 07:06:00,701.00,457.42
2024/11/08 07:06:00,702.00,459.56
2024/11/08 07:06:00,703.00,459.08
2024/11/08 07:06:00,704.00,459.03
2024/11/08 07:06:00,705.00,461.43
2024/11/08 07:06:00,706.00,462.78
2024/11/08 07:06:00,707.00,461.87
2024/11/08 07:06:00,708.00,461.89
2024/11/08 07:06:00,709.00,461.84
2024/11/08 07:06:00,710.00,460.80
2024/11/08 07:06:00,711.00,458.45
2024/11/08 07:06:00,712.00,455.80
2024/11/08 07:06:00,713.00,455.12
2024/11/08 07:06:00,714.00,450.27
2024/11/08 07:06:00,715.00,444.72
2024/11/08 07:06:00,716.00,439.33
2024/11/08 07:06:00,717.00,432.76
2024/11/08 07:06:00,718.00,424.90
2024/11/08 07:06:00,719.00,419.81
2024/11/08 07:06:00,720.00,416.56
2024/11/08 07:06:00,721.00,414.70
2024/11/08 07:06:00,722.00,413.20
2024/11/08 07:06:00,723.00,412.90
2024/11/08 07:06:00,724.00,414.34
2024/11/08 07:06:00,725.00,413.71
2024/11/08 07:06:00,726.00,415.61
2024/11/08 07:06:00,727.00,418.30
2024/11/08 07:06:00,728.00,420.34
2024/11/08 07:06:00,729.00,421.41
2024/11/08 07:06:00,730.00,422.83
2024/11/08 07:06:00,731.00,427.03
2024/11/08 07:06:00,732.00,429.41
2024/11/08 07:06:00,733.00,429.24
2024/11/08 07:06:00,734.00,431.07
2024/11/08 07:06:00,735.00,432.24
2024/11/08 07:06:00,736.00,428.57
2024/11/08 07:06:00,737.00,428.64
2024/11/08 07:06:00,738.00,428.23
2024/11/08 07:06:00,739.00,427.08
2024/11/08 07:06:00,740.00,427.29
2024/11/08 07:06:00,741.00,427.18
2024/11/08 07:06:00,742.00,428.55
2024/11/08 07:06:00,743.00,430.92
2024/11/08 07:06:00,744.00,429.86
2024/11/08 07:06:00,745.00,431.26
2024/11/08 07:06:00,746.00,431.28
2024/11/08 07:06:00,747.00,428.64
2024/11/08 07:06:00,748.00,427.28
2024/11/08 07:06:00,749.00,428.06
2024/11/08 07:06:00,750.00,427.00
2024/11/08 07:06:00,751.00,427.08
2024/11/08 07:06:00,752.00,426.21
2024/11/08 07:06:00,753.00,427.90
2024/11/08 07:06:00,754.00,425.60
2024/11/08 07:06:00,755.00,422.28
2024/11/08 07:06:00,756.00,413.69
2024/11/08 07:06:00,757.00,391.30
2024/11/08 07:06:00,758.00,357.24
2024/11/08 07:06:00,759.00,324.81
2024/11/08 07:06:00,760.00,290.17
2024/11/08 07:06:00,761.00,261.12
2024/11/08 07:06:00,762.00,246.63
2024/11/08 07:06:00,763.00,243.05
2024/11/08 07:06:00,764.00,250.14
2024/11/08 07:06:00,765.00,260.44
2024/11/08 07:06:00,766.00,278.63
2024/11/08 07:06:00,767.00,302.74
2024/11/08 07:06:00,768.00,321.80
2024/11/08 07:06:00,769.00,339.09
2024/11/08 07:06:00,770.00,355.21
2024/11/08 07:06:00,771.00,368.06
2024/11/08 07:06:00,772.00,378.04
2024/11/08 07:06:00,773.00,384.14
2024/11/08 07:06:00,774.00,390.75
2024/11/08 07:06:00,775.00,394.70
2024/11/08 07:06:00,776.00,395.41
2024/11/08 07:06:00,777.00,397.41
2024/11/08 07:06:00,778.00,400.48
2024/11/08 07:06:00,779.00,399.21
2024/11/08 07:06:00,780.00,399.52
2024/11/08 07:06:00,781.00,399.28
2024/11/08 07:06:00,782.00,401.23
2024/11/08 07:06:00,783.00,400.75
2024/11/08 07:06:00,784.00,400.92
2024/11/08 07:06:00,785.00,404.06
2024/11/08 07:06:00,786.00,403.98
2024/11/08 07:06:00,787.00,400.24
2024/11/08 07:06:00,788.00,399.67
2024/11/08 07:06:00,789.00,398.12
2024/11/08 07:06:00,790.00,394.55
2024/11/08 07:06:00,791.00,391.41
2024/11/08 07:06:00,792.00,390.25
2024/11/08 07:06:00,793.00,389.94
2024/11/08 07:06:00,794.00,388.22
2024/11/08 07:06:00,795.00,387.03
2024/11/08 07:06:00,796.00,391.59
2024/11/08 07:06:00,797.00,390.15
2024/11/08 07:06:00,798.00,387.77
2024/11/08 07:06:00,799.00,388.17
2024/11/08 07:06:00,800.00,387.57
2024/11/08 07:06:00,801.00,384.85
2024/11/08 07:06:00,802.00,384.72
2024/11/08 07:06:00,803.00,384.77
2024/11/08 07:06:00,804.00,387.05
2024/11/08 07:06:00,805.00,385.02
2024/11/08 07:06:00,806.00,386.54
2024/11/08 07:06:00,807.00,391.46
2024/11/08 07:06:00,808.00,389.40
2024/11/08 07:06:00,809.00,387.91
2024/11/08 07:06:00,810.00,387.48
2024/11/08 07:06:00,811.00,384.33
2024/11/08 07:06:00,812.00,377.11
2024/11/08 07:06:00,813.00,371.19
2024/11/08 07:06:00,814.00,367.49
2024/11/08 07:06:00,815.00,362.75
2024/11/08 07:06:00,816.00,356.91
2024/11/08 07:06:00,817.00,355.90
2024/11/08 07:06:00,818.00,355.88
2024/11/08 07:06:00,819.00,353.59
2024/11/08 07:06:00,820.00,355.09
2024/11/08 07:06:00,821.00,355.90
2024/11/08 07:06:00,822.00,358.03
2024/11/08 07:06:00,823.00,358.98
2024/11/08 07:06:00,824.00,359.02
2024/11/08 07:06:00,825.00,360.91
2024/11/08 07:06:00,826.00,360.73
2024/11/08 07:06:00,827.00,361.03
2024/11/08 07:06:00,828.00,362.55
2024/11/08 07:06:00,829.00,362.74
2024/11/08 07:06:00,830.00,361.44
2024/11/08 07:06:00,831.00,361.46
2024/11/08 07:06:00,832.00,359.94
2024/11/08 07:06:00,833.00,358.74
2024/11/08 07:06:00,834.00,356.98
2024/11/08 07:06:00,835.00,357.13
2024/11/08 07:06:00,836.00,357.87
2024/11/08 07:06:00,837.00,354.95
2024/11/08 07:06:00,838.00,354.78
2024/11/08 07:06:00,839.00,354.24
2024/11/08 07:06:00,840.00,353.67
2024/11/08 07:06:00,841.00,353.36
2024/11/08 07:06:00,842.00,353.54
2024/11/08 07:06:00,843.00,354.21
2024/11/08 07:06:00,844.00,352.53
2024/11/08 07:06:00,845.00,350.78
2024/11/08 07:06:00,846.00,350.49
2024/11/08 07:06:00,847.00,347.32
2024/11/08 07:06:00,848.00,344.40
2024/11/08 07:06:00,849.00,343.78
2024/11/08 07:06:00,850.00,340.71
2024/11/08 07:06:00,851.00,336.61
2024/11/08 07:06:00,852.00,333.19
2024/11/08 07:06:00,853.00,330.62
2024/11/08 07:06:00,854.00,329.64
2024/11/08 07:06:00,855.00,330.20
2024/11/08 07:06:00,856.00,332.64
2024/11/08 07:06:00,857.00,335.31
2024/11/08 07:06:00,858.00,336.87
2024/11/08 07:06:00,859.00,337.18
2024/11/08 07:06:00,860.00,337.39
2024/11/08 07:06:00,861.00,338.36
2024/11/08 07:06:00,862.00,336.76
2024/11/08 07:06:00,863.00,334.22
2024/11/08 07:06:00,864.00,332.36
2024/11/08 07:06:00,865.00,329.61
2024/11/08 07:06:00,866.00,327.54
2024/11/08 07:06:00,867.00,327.41
2024/11/08 07:06:00,868.00,328.09
2024/11/08 07:06:00,869.00,328.60
2024/11/08 07:06:00,870.00,328.86
2024/11/08 07:06:00,871.00,327.88
2024/11/08 07:06:00,872.00,328.72
2024/11/08 07:06:00,873.00,328.73
2024/11/08 07:06:00,874.00,328.35
2024/11/08 07:06:00,875.00,329.84
2024/11/08 07:06:00,876.00,329.41
2024/11/08 07:06:00,877.00,328.29
2024/11/08 07:06:00,878.00,327.64
2024/11/08 07:06:00,879.00,327.45
2024/11/08 07:06:00,880.00,326.11
2024/11/08 07:06:00,881.00,325.04
2024/11/08 07:06:00,882.00,325.63
2024/11/08 07:06:00,883.00,325.49
2024/11/08 07:06:00,884.00,323.42
2024/11/08 07:06:00,885.00,323.17
2024/11/08 07:06:00,886.00,322.69
2024/11/08 07:06:00,887.00,320.59
2024/11/08 07:06:00,888.00,320.54
2024/11/08 07:06:00,889.00,321.06
2024/11/08 07:06:00,890.00,319.32
2024/11/08 07:06:00,891.00,318.00
2024/11/08 07:06:00,892.00,315.32
2024/11/08 07:06:00,893.00,312.73
2024/11/08 07:06:00,894.00,306.55
2024/11/08 07:06:00,895.00,300.14
2024/11/08 07:06:00,896.00,293.78
2024/11/08 07:06:00,897.00,286.85
2024/11/08 07:06:00,898.00,279.79
2024/11/08 07:06:00,899.00,275.52
2024/11/08 07:06:00,900.00,273.66
2024/11/08 07:06:00,901.00,274.12
2024/11/08 07:06:00,902.00,276.27
2024/11/08 07:06:00,903.00,278.15
2024/11/08 07:06:00,904.00,279.27
2024/11/08 07:06:00,905.00,277.05
2024/11/08 07:06:00,906.00,274.08
2024/11/08 07:06:00,907.00,270.51
2024/11/08 07:06:00,908.00,268.15
2024/11/08 07:06:00,909.00,267.57
2024/11/08 07:06:00,910.00,267.12
2024/11/08 07:06:00,911.00,266.71
2024/11/08 07:06:00,912.00,265.99
2024/11/08 07:06:00,913.00,264.01
2024/11/08 07:06:00,914.00,263.88
2024/11/08 07:06:00,915.00,262.25
2024/11/08 07:06:00,916.00,262.92
2024/11/08 07:06:00,917.00,264.44
2024/11/08 07:06:00,918.00,266.07
2024/11/08 07:06:00,919.00,267.39
2024/11/08 07:06:00,920.00,268.18
2024/11/08 07:06:00,921.00,268.36
2024/11/08 07:06:00,922.00,268.35
2024/11/08 07:06:00,923.00,267.21
2024/11/08 07:06:00,924.00,266.26
2024/11/08 07:06:00,925.00,265.55
2024/11/08 07:06:00,926.00,261.11
2024/11/08 07:06:00,927.00,254.74
2024/11/08 07:06:00,928.00,246.10
2024/11/08 07:06:00,929.00,234.08
2024/11/08 07:06:00,930.00,219.68
2024/11/08 07:06:00,931.00,204.99
2024/11/08 07:06:00,932.00,192.02
2024/11/08 07:06:00,933.00,179.82
2024/11/08 07:06:00,934.00,170.36
2024/11/08 07:06:00,935.00,165.52
2024/11/08 07:06:00,936.00,164.33
2024/11/08 07:06:00,937.00,165.37
2024/11/08 07:06:00,938.00,169.25
2024/11/08 07:06:00,939.00,173.81
2024/11/08 07:06:00,940.00,176.03
2024/11/08 07:06:00,941.00,176.64
2024/11/08 07:06:00,942.00,176.04
2024/11/08 07:06:00,943.00,174.85
2024/11/08 07:06:00,944.00,174.23
2024/11/08 07:06:00,945.00,174.90
2024/11/08 07:06:00,946.00,175.27
2024/11/08 07:06:00,947.00,175.92
2024/11/08 07:06:00,948.00,176.62
2024/11/08 07:06:00,949.00,176.91
2024/11/08 07:06:00,950.00,177.47
2024/11/08 07:06:00,951.00,179.08
2024/11/08 07:06:00,952.00,179.52
2024/11/08 07:06:00,953.00,181.55
2024/11/08 07:06:00,954.00,183.57
2024/11/08 07:06:00,955.00,185.84
2024/11/08 07:06:00,956.00,187.11
2024/11/08 07:06:00,957.00,190.17
2024/11/08 07:06:00,958.00,192.73
2024/11/08 07:06:00,959.00,194.90
2024/11/08 07:06:00,960.00,197.26
2024/11/08 07:06:00,961.00,200.69
2024/11/08 07:06:00,962.00,202.58
2024/11/08 07:06:00,963.00,205.21
2024/11/08 07:06:00,964.00,209.58
2024/11/08 07:06:00,965.00,214.59
2024/11/08 07:06:00,966.00,220.02
2024/11/08 07:06:00,967.00,225.51
2024/11/08 07:06:00,968.00,230.80
2024/11/08 07:06:00,969.00,235.08
2024/11/08 07:06:00,970.00,237.28
2024/11/08 07:06:00,971.00,238.35
2024/11/08 07:06:00,972.00,237.91
2024/11/08 07:06:00,973.00,236.83
2024/11/08 07:06:00,974.00,235.92
2024/11/08 07:06:00,975.00,235.61
2024/11/08 07:06:00,976.00,236.44
2024/11/08 07:06:00,977.00,237.84
2024/11/08 07:06:00,978.00,238.75
2024/11/08 07:06:00,979.00,240.51
2024/11/08 07:06:00,980.00,242.62
2024/11/08 07:06:00,981.00,244.20
2024/11/08 07:06:00,982.00,246.64
2024/11/08 07:06:00,983.00,248.52
2024/11/08 07:06:00,984.00,250.12
2024/11/08 07:06:00,985.00,251.06
2024/11/08 07:06:00,986.00,252.58
2024/11/08 07:06:00,987.00,253.03
2024/11/08 07:06:00,988.00,253.50
2024/11/08 07:06:00,989.00,253.77
2024/11/08 07:06:00,990.00,254.00
2024/11/08 07:06:00,991.00,254.18
2024/11/08 07:06:00,992.00,254.36
2024/11/08 07:06:00,993.00,254.07
2024/11/08 07:06:00,994.00,253.44
2024/11/08 07:06:00,995.00,253.45
2024/11/08 07:06:00,996.00,252.94
2024/11/08 07:06:00,997.00,252.11
2024/11/08 07:06:00,998.00,252.76
2024/11/08 07:06:00,999.00,253.60
2024/11/08 07:06:00,1000.00,252.80
2024/11/08 07:06:00,1001.00,252.37
2024/11/08 07:06:00,1002.00,251.21
2024/11/08 07:06:00,1003.00,249.70
2024/11/08 07:06:00,1004.00,248.41
2024/11/08 07:06:00,1005.00,247.89
2024/11/08 07:06:00,1006.00,247.97
2024/11/08 07:06:00,1007.00,247.75
2024/11/08 07:06:00,1008.00,247.53
2024/11/08 07:06:00,1009.00,246.98
2024/11/08 07:06:00,1010.00,246.96
2024/11/08 07:06:00,1011.00,246.63
2024/11/08 07:06:00,1012.00,246.37
2024/11/08 07:06:00,1013.00,245.54
2024/11/08 07:06:00,1014.00,244.67
2024/11/08 07:06:00,1015.00,242.64
2024/11/08 07:06:00,1016.00,242.04
2024/11/08 07:06:00,1017.00,241.28
2024/11/08 07:06:00,1018.00,240.97
2024/11/08 07:06:00,1019.00,241.26
2024/11/08 07:06:00,1020.00,242.00
2024/11/08 07:06:00,1021.00,242.13
2024/11/08 07:06:00,1022.00,242.37
2024/11/08 07:06:00,1023.00,242.06
2024/11/08 07:06:00,1024.00,241.08
2024/11/08 07:06:00,1025.00,239.92
2024/11/08 07:06:00,1026.00,238.20
2024/11/08 07:06:00,1027.00,236.31
2024/11/08 07:06:00,1028.00,236.12
2024/11/08 07:06:00,1029.00,235.66
2024/11/08 07:06:00,1030.00,236.29
2024/11/08 07:06:00,1031.00,236.35
2024/11/08 07:06:00,1032.00,236.82
2024/11/08 07:06:00,1033.00,235.95
2024/11/08 07:06:00,1034.00,235.17
2024/11/08 07:06:00,1035.00,234.08
2024/11/08 07:06:00,1036.00,233.71
2024/11/08 07:06:00,1037.00,232.10
2024/11/08 07:06:00,1038.00,230.95
2024/11/08 07:06:00,1039.00,231.55
2024/11/08 07:06:00,1040.00,231.00
2024/11/08 07:06:00,1041.00,232.03
2024/11/08 07:06:00,1042.00,231.99
2024/11/08 07:06:00,1043.00,231.76
2024/11/08 07:06:00,1044.00,230.95
2024/11/08 07:06:00,1045.00,229.32
2024/11/08 07:06:00,1046.00,227.74
2024/11/08 07:06:00,1047.00,226.67
2024/11/08 07:06:00,1048.00,226.33
2024/11/08 07:06:00,1049.00,225.55
2024/11/08 07:06:00,1050.00,223.51
2024/11/08 07:06:00,1051.00,225.56
2024/11/08 07:06:00,1052.00,224.78
2024/11/08 07:06:00,1053.00,224.94
2024/11/08 07:06:00,1054.00,224.59
2024/11/08 07:06:00,1055.00,225.64
2024/11/08 07:06:00,1056.00,224.65
2024/11/08 07:06:00,1057.00,223.74
2024/11/08 07:06:00,1058.00,222.67
2024/11/08 07:06:00,1059.00,220.80
2024/11/08 07:06:00,1060.00,219.47
2024/11/08 07:06:00,1061.00,219.78
2024/11/08 07:06:00,1062.00,219.10
2024/11/08 07:06:00,1063.00,219.35
2024/11/08 07:06:00,1064.00,219.79
2024/11/08 07:06:00,1065.00,219.06
2024/11/08 07:06:00,1066.00,218.15
2024/11/08 07:06:00,1067.00,217.51
2024/11/08 07:06:00,1068.00,216.58
2024/11/08 07:06:00,1069.00,215.66
2024/11/08 07:06:00,1070.00,213.22
2024/11/08 07:06:00,1071.00,210.37
2024/11/08 07:06:00,1072.00,210.08
2024/11/08 07:06:00,1073.00,209.40
2024/11/08 07:06:00,1074.00,211.66
2024/11/08 07:06:00,1075.00,213.91
2024/11/08 07:06:00,1076.00,216.13
2024/11/08 07:06:00,1077.00,217.30
2024/11/08 07:06:00,1078.00,214.82
2024/11/08 07:06:00,1079.00,213.32
2024/11/08 07:06:00,1080.00,211.81
2024/11/08 07:06:00,1081.00,209.01
2024/11/08 07:06:00,1082.00,209.75
2024/11/08 07:06:00,1083.00,211.42
2024/11/08 07:06:00,1084.00,212.81
2024/11/08 07:06:00,1085.00,210.30
2024/11/08 07:06:00,1086.00,210.39
2024/11/08 07:06:00,1087.00,211.10
2024/11/08 07:06:00,1088.00,208.37
2024/11/08 07:06:00,1089.00,210.34
2024/11/08 07:06:00,1090.00,210.44
2024/11/08 07:06:00,1091.00,208.92
2024/11/08 07:06:00,1092.00,210.07
2024/11/08 07:06:00,1093.00,209.57
2024/11/08 07:06:00,1094.00,210.92
2024/11/08 07:06:00,1095.00,208.80
2024/11/08 07:06:00,1096.00,207.23
2024/11/08 07:06:00,1097.00,205.73
2024/11/08 07:06:00,1098.00,202.41
2024/11/08 07:06:00,1099.00,201.31
2024/11/08 07:06:00,1100.00,198.70
2024/11/08 07:07:00,Wavelength(nm),Irradiance(W/m2/um)
2024/11/08 07:07:00,300.00,6.74
2024/11/08 07:07:00,301.00,7.19
2024/11/08 07:07:00,302.00,7.94
2024/11/08 07:07:00,303.00,8.76
2024/11/08 07:07:00,304.00,9.61
2024/11/08 07:07:00,305.00,10.69
2024/11/08 07:07:00,306.00,11.90
2024/11/08 07:07:00,307.00,13.60
2024/11/08 07:07:00,308.00,15.99
2024/11/08 07:07:00,309.00,18.94
2024/11/08 07:07:00,310.00,22.38
2024/11/08 07:07:00,311.00,26.27
2024/11/08 07:07:00,312.00,30.39
2024/11/08 07:07:00,313.00,34.86
2024/11/08 07:07:00,314.00,40.00
2024/11/08 07:07:00,315.00,45.57
2024/11/08 07:07:00,316.00,51.43
2024/11/08 07:07:00,317.00,57.98
2024/11/08 07:07:00,318.00,64.20
2024/11/08 07:07:00,319.00,69.88
2024/11/08 07:07:00,320.00,75.47
2024/11/08 07:07:00,321.00,81.64
2024/11/08 07:07:00,322.00,88.79
2024/11/08 07:07:00,323.00,97.28
2024/11/08 07:07:00,324.00,106.25
2024/11/08 07:07:00,325.00,116.06
2024/11/08 07:07:00,326.00,126.58
2024/11/08 07:07:00,327.00,136.01
2024/11/08 07:07:00,328.00,143.79
2024/11/08 07:07:00,329.00,150.85
2024/11/08 07:07:00,330.00,156.32
2024/11/08 07:07:00,331.00,159.94
2024/11/08 07:07:00,332.00,162.34
2024/11/08 07:07:00,333.00,163.33
2024/11/08 07:07:00,334.00,163.80
2024/11/08 07:07:00,335.00,164.58
2024/11/08 07:07:00,336.00,166.03
2024/11/08 07:07:00,337.00,168.04
2024/11/08 07:07:00,338.00,171.14
2024/11/08 07:07:00,339.00,175.07
2024/11/08 07:07:00,340.00,178.41
2024/11/08 07:07:00,341.00,180.15
2024/11/08 07:07:00,342.00,180.85
2024/11/08 07:07:00,343.00,181.66
2024/11/08 07:07:00,344.00,181.87
2024/11/08 07:07:00,345.00,181.72
2024/11/08 07:07:00,346.00,182.47
2024/11/08 07:07:00,347.00,184.83
2024/11/08 07:07:00,348.00,187.64
2024/11/08 07:07:00,349.00,190.33
2024/11/08 07:07:00,350.00,193.77
2024/11/08 07:07:00,351.00,198.61
2024/11/08 07:07:00,352.00,202.99
2024/11/08 07:07:00,353.00,205.74
2024/11/08 07:07:00,354.00,205.96
2024/11/08 07:07:00,355.00,203.75
2024/11/08 07:07:00,356.00,200.36
2024/11/08 07:07:00,357.00,197.50
2024/11/08 07:07:00,358.00,194.95
2024/11/08 07:07:00,359.00,195.51
2024/11/08 07:07:00,360.00,199.67
2024/11/08 07:07:00,361.00,204.75
2024/11/08 07:07:00,362.00,210.68
2024/11/08 07:07:00,363.00,219.98
2024/11/08 07:07:00,364.00,229.82
2024/11/08 07:07:00,365.00,237.97
2024/11/08 07:07:00,366.00,245.11
2024/11/08 07:07:00,367.00,250.55
2024/11/08 07:07:00,368.00,252.92
2024/11/08 07:07:00,369.00,252.59
2024/11/08 07:07:00,370.00,249.15
2024/11/08 07:07:00,371.00,243.04
2024/11/08 07:07:00,372.00,236.78
2024/11/08 07:07:00,373.00,232.74
2024/11/08 07:07:00,374.00,233.21
2024/11/08 07:07:00,375.00,239.56
2024/11/08 07:07:00,376.00,248.59
2024/11/08 07:07:00,377.00,257.21
2024/11/08 07:07:00,378.00,263.27
2024/11/08 07:07:00,379.00,261.96
2024/11/08 07:07:00,380.00,251.44
2024/11/08 07:07:00,381.00,238.96
2024/11/08 07:07:00,382.00,228.87
2024/11/08 07:07:00,383.00,221.31
2024/11/08 07:07:00,384.00,218.68
2024/11/08 07:07:00,385.00,222.81
2024/11/08 07:07:00,386.00,230.38
2024/11/08 07:07:00,387.00,240.09
2024/11/08 07:07:00,388.00,250.99
2024/11/08 07:07:00,389.00,260.02
2024/11/08 07:07:00,390.00,261.69
2024/11/08 07:07:00,391.00,257.72
2024/11/08 07:07:00,392.00,254.11
2024/11/08 07:07:00,393.00,248.18
2024/11/08 07:07:00,394.00,240.83
2024/11/08 07:07:00,395.00,244.76
2024/11/08 07:07:00,396.00,263.45
2024/11/08 07:07:00,397.00,285.36
2024/11/08 07:07:00,398.00,311.48
2024/11/08 07:07:00,399.00,343.12
2024/11/08 07:07:00,400.00,371.61
2024/11/08 07:07:00,401.00,389.61
2024/11/08 07:07:00,402.00,399.91
2024/11/08 07:07:00,403.00,402.30
2024/11/08 07:07:00,404.00,400.58
2024/11/08 07:07:00,405.00,398.90
2024/11/08 07:07:00,406.00,398.83
2024/11/08 07:07:00,407.00,399.12
2024/11/08 07:07:00,408.00,401.55
2024/11/08 07:07:00,409.00,406.90
2024/11/08 07:07:00,410.00,412.52
2024/11/08 07:07:00,411.00,417.49
2024/11/08 07:07:00,412.00,422.99
2024/11/08 07:07:00,413.00,428.99
2024/11/08 07:07:00,414.00,433.05
2024/11/08 07:07:00,415.00,434.50
2024/11/08 07:07:00,416.00,433.95
2024/11/08 07:07:00,417.00,433.94
2024/11/08 07:07:00,418.00,434.19
2024/11/08 07:07:00,419.00,434.21
2024/11/08 07:07:00,420.00,434.48
2024/11/08 07:07:00,421.00,435.61
2024/11/08 07:07:00,422.00,436.79
2024/11/08 07:07:00,423.00,437.00
2024/11/08 07:07:00,424.00,435.70
2024/11/08 07:07:00,425.00,434.64
2024/11/08 07:07:00,426.00,431.67
2024/11/08 07:07:00,427.00,422.52
2024/11/08 07:07:00,428.00,411.33
2024/11/08 07:07:00,429.00,404.70
2024/11/08 07:07:00,430.00,404.56
2024/11/08 07:07:00,431.00,409.08
2024/11/08 07:07:00,432.00,420.48
2024/11/08 07:07:00,433.00,438.12
2024/11/08 07:07:00,434.00,455.22
2024/11/08 07:07:00,435.00,462.83
2024/11/08 07:07:00,436.00,467.23
2024/11/08 07:07:00,437.00,470.91
2024/11/08 07:07:00,438.00,473.26
2024/11/08 07:07:00,439.00,476.80
2024/11/08 07:07:00,440.00,484.97
2024/11/08 07:07:00,441.00,496.00
2024/11/08 07:07:00,442.00,505.81
2024/11/08 07:07:00,443.00,512.67
2024/11/08 07:07:00,444.00,517.46
2024/11/08 07:07:00,445.00,521.59
2024/11/08 07:07:00,446.00,525.81
2024/11/08 07:07:00,447.00,533.62
2024/11/08 07:07:00,448.00,544.41
2024/11/08 07:07:00,449.00,552.98
2024/11/08 07:07:00,450.00,557.64
2024/11/08 07:07:00,451.00,558.71
2024/11/08 07:07:00,452.00,558.14
2024/11/08 07:07:00,453.00,556.78
2024/11/08 07:07:00,454.00,558.03
2024/11/08 07:07:00,455.00,561.32
2024/11/08 07:07:00,456.00,566.06
2024/11/08 07:07:00,457.00,568.52
2024/11/08 07:07:00,458.00,571.30
2024/11/08 07:07:00,459.00,574.38
2024/11/08 07:07:00,460.00,576.09
2024/11/08 07:07:00,461.00,579.00
2024/11/08 07:07:00,462.00,581.91
2024/11/08 07:07:00,463.00,581.97
2024/11/08 07:07:00,464.00,579.68
2024/11/08 07:07:00,465.00,576.61
2024/11/08 07:07:00,466.00,574.53
2024/11/08 07:07:00,467.00,572.76
2024/11/08 07:07:00,468.00,571.71
2024/11/08 07:07:00,469.00,571.94
2024/11/08 07:07:00,470.00,573.26
2024/11/08 07:07:00,471.00,574.26
2024/11/08 07:07:00,472.00,575.16
2024/11/08 07:07:00,473.00,576.07
2024/11/08 07:07:00,474.00,576.30
2024/11/08 07:07:00,475.00,576.93
2024/11/08 07:07:00,476.00,578.26
2024/11/08 07:07:00,477.00,580.88
2024/11/08 07:07:00,478.00,584.23
2024/11/08 07:07:00,479.00,587.21
2024/11/08 07:07:00,480.00,590.66
2024/11/08 07:07:00,481.00,591.52
2024/11/08 07:07:00,482.00,587.70
2024/11/08 07:07:00,483.00,579.23
2024/11/08 07:07:00,484.00,567.23
2024/11/08 07:07:00,485.00,556.15
2024/11/08 07:07:00,486.00,550.08
2024/11/08 07:07:00,487.00,547.41
2024/11/08 07:07:00,488.00,551.71
2024/11/08 07:07:00,489.00,559.04
2024/11/08 07:07:00,490.00,563.88
2024/11/08 07:07:00,491.00,566.98
2024/11/08 07:07:00,492.00,571.05
2024/11/08 07:07:00,493.00,573.67
2024/11/08 07:07:00,494.00,575.73
2024/11/08 07:07:00,495.00,577.38
2024/11/08 07:07:00,496.00,577.53
2024/11/08 07:07:00,497.00,574.99
2024/11/08 07:07:00,498.00,568.98
2024/11/08 07:07:00,499.00,563.64
2024/11/08 07:07:00,500.00,560.40
2024/11/08 07:07:00,501.00,557.45
2024/11/08 07:07:00,502.00,556.40
2024/11/08 07:07:00,503.00,558.38
2024/11/08 07:07:00,504.00,561.87
2024/11/08 07:07:00,505.00,564.68
2024/11/08 07:07:00,506.00,565.74
2024/11/08 07:07:00,507.00,567.91
2024/11/08 07:07:00,508.00,569.16
2024/11/08 07:07:00,509.00,567.69
2024/11/08 07:07:00,510.00,566.57
2024/11/08 07:07:00,511.00,566.19
2024/11/08 07:07:00,512.00,562.46
2024/11/08 07:07:00,513.00,556.90
2024/11/08 07:07:00,514.00,548.67
2024/11/08 07:07:00,515.00,538.22
2024/11/08 07:07:00,516.00,530.15
2024/11/08 07:07:00,517.00,524.12
2024/11/08 07:07:00,518.00,522.90
2024/11/08 07:07:00,519.00,527.25
2024/11/08 07:07:00,520.00,533.17
2024/11/08 07:07:00,521.00,539.60
2024/11/08 07:07:00,522.00,547.23
2024/11/08 07:07:00,523.00,548.95
2024/11/08 07:07:00,524.00,546.89
2024/11/08 07:07:00,525.00,545.91
2024/11/08 07:07:00,526.00,546.55
2024/11/08 07:07:00,527.00,546.81
2024/11/08 07:07:00,528.00,549.08
2024/11/08 07:07:00,529.00,553.38
2024/11/08 07:07:00,530.00,557.01
2024/11/08 07:07:00,531.00,556.25
2024/11/08 07:07:00,532.00,554.74
2024/11/08 07:07:00,533.00,554.76
2024/11/08 07:07:00,534.00,554.03
2024/11/08 07:07:00,535.00,553.71
2024/11/08 07:07:00,536.00,553.03
2024/11/08 07:07:00,537.00,552.76
2024/11/08 07:07:00,538.00,550.66
2024/11/08 07:07:00,539.00,547.46
2024/11/08 07:07:00,540.00,545.68
2024/11/08 07:07:00,541.00,547.00
2024/11/08 07:07:00,542.00,546.53
2024/11/08 07:07:00,543.00,545.61
2024/11/08 07:07:00,544.00,546.83
2024/11/08 07:07:00,545.00,547.00
2024/11/08 07:07:00,546.00,546.23
2024/11/08 07:07:00,547.00,545.91
2024/11/08 07:07:00,548.00,547.04
2024/11/08 07:07:00,549.00,548.40
2024/11/08 07:07:00,550.00,548.98
2024/11/08 07:07:00,551.00,548.57
2024/11/08 07:07:00,552.00,549.62
2024/11/08 07:07:00,553.00,548.98
2024/11/08 07:07:00,554.00,547.07
2024/11/08 07:07:00,555.00,545.10
2024/11/08 07:07:00,556.00,542.81
2024/11/08 07:07:00,557.00,539.17
2024/11/08 07:07:00,558.00,535.55
2024/11/08 07:07:00,559.00,533.62
2024/11/08 07:07:00,560.00,532.94
2024/11/08 07:07:00,561.00,532.44
2024/11/08 07:07:00,562.00,531.31
2024/11/08 07:07:00,563.00,531.23
2024/11/08 07:07:00,564.00,530.86
2024/11/08 07:07:00,565.00,529.63
2024/11/08 07:07:00,566.00,526.34
2024/11/08 07:07:00,567.00,524.77
2024/11/08 07:07:00,568.00,523.39
2024/11/08 07:07:00,569.00,520.49
2024/11/08 07:07:00,570.00,519.91
2024/11/08 07:07:00,571.00,521.41
2024/11/08 07:07:00,572.00,520.31
2024/11/08 07:07:00,573.00,519.21
2024/11/08 07:07:00,574.00,519.12
2024/11/08 07:07:00,575.00,516.81
2024/11/08 07:07:00,576.00,514.91
2024/11/08 07:07:00,577.00,514.92
2024/11/08 07:07:00,578.00,514.49
2024/11/08 07:07:00,579.00,516.73
2024/11/08 07:07:00,580.00,518.59
2024/11/08 07:07:00,581.00,520.17
2024/11/08 07:07:00,582.00,522.37
2024/11/08 07:07:00,583.00,525.50
2024/11/08 07:07:00,584.00,525.23
2024/11/08 07:07:00,585.00,524.00
2024/11/08 07:07:00,586.00,521.78
2024/11/08 07:07:00,587.00,518.72
2024/11/08 07:07:00,588.00,514.12
2024/11/08 07:07:00,589.00,511.63
2024/11/08 07:07:00,590.00,511.36
2024/11/08 07:07:00,591.00,510.71
2024/11/08 07:07:00,592.00,510.95
2024/11/08 07:07:00,593.00,513.00
2024/11/08 07:07:00,594.00,513.57
2024/11/08 07:07:00,595.00,512.97
2024/11/08 07:07:00,596.00,513.01
2024/11/08 07:07:00,597.00,512.40
2024/11/08 07:07:00,598.00,511.18
2024/11/08 07:07:00,599.00,508.34
2024/11/08 07:07:00,600.00,507.33
2024/11/08 07:07:00,601.00,507.54
2024/11/08 07:07:00,602.00,508.04
2024/11/08 07:07:00,603.00,508.18
2024/11/08 07:07:00,604.00,509.87
2024/11/08 07:07:00,605.00,510.04
2024/11/08 07:07:00,606.00,509.66
2024/11/08 07:07:00,607.00,508.77
2024/11/08 07:07:00,608.00,507.21
2024/11/08 07:07:00,609.00,507.18
2024/11/08 07:07:00,610.00,505.07
2024/11/08 07:07:00,611.00,502.14
2024/11/08 07:07:00,612.00,501.19
2024/11/08 07:07:00,613.00,499.71
2024/11/08 07:07:00,614.00,495.91
2024/11/08 07:07:00,615.00,494.85
2024/11/08 07:07:00,616.00,495.34
2024/11/08 07:07:00,617.00,495.70
2024/11/08 07:07:00,618.00,495.46
2024/11/08 07:07:00,619.00,497.50
2024/11/08 07:07:00,620.00,499.51
2024/11/08 07:07:00,621.00,498.68
2024/11/08 07:07:00,622.00,496.76
2024/11/08 07:07:00,623.00,496.79
2024/11/08 07:07:00,624.00,494.03
2024/11/08 07:07:00,625.00,490.60
2024/11/08 07:07:00,626.00,487.63
2024/11/08 07:07:00,627.00,485.52
2024/11/08 07:07:00,628.00,483.36
2024/11/08 07:07:00,629.00,482.05
2024/11/08 07:07:00,630.00,481.80
2024/11/08 07:07:00,631.00,483.96
2024/11/08 07:07:00,632.00,484.51
2024/11/08 07:07:00,633.00,485.41
2024/11/08 07:07:00,634.00,488.58
2024/11/08 07:07:00,635.00,490.75
2024/11/08 07:07:00,636.00,491.22
2024/11/08 07:07:00,637.00,491.50
2024/11/08 07:07:00,638.00,493.00
2024/11/08 07:07:00,639.00,493.02
2024/11/08 07:07:00,640.00,492.88
2024/11/08 07:07:00,641.00,493.67
2024/11/08 07:07:00,642.00,496.31
2024/11/08 07:07:00,643.00,496.53
2024/11/08 07:07:00,644.00,495.04
2024/11/08 07:07:00,645.00,495.27
2024/11/08 07:07:00,646.00,494.09
2024/11/08 07:07:00,647.00,492.35
2024/11/08 07:07:00,648.00,490.67
2024/11/08 07:07:00,649.00,491.25
2024/11/08 07:07:00,650.00,491.34
2024/11/08 07:07:00,651.00,489.59
2024/11/08 07:07:00,652.00,487.91
2024/11/08 07:07:00,653.00,482.96
2024/11/08 07:07:00,654.00,476.36
2024/11/08 07:07:00,655.00,471.44
2024/11/08 07:07:00,656.00,469.10
2024/11/08 07:07:00,657.00,469.55
2024/11/08 07:07:00,658.00,473.98
2024/11/08 07:07:00,659.00,477.47
2024/11/08 07:07:00,660.00,481.57
2024/11/08 07:07:00,661.00,485.46
2024/11/08 07:07:00,662.00,485.73
2024/11/08 07:07:00,663.00,486.51
2024/11/08 07:07:00,664.00,489.53
2024/11/08 07:07:00,665.00,490.52
2024/11/08 07:07:00,666.00,492.04
2024/11/08 07:07:00,667.00,492.54
2024/11/08 07:07:00,668.00,493.97
2024/11/08 07:07:00,669.00,494.27
2024/11/08 07:07:00,670.00,493.01
2024/11/08 07:07:00,671.00,492.10
2024/11/08 07:07:00,672.00,492.75
2024/11/08 07:07:00,673.00,491.28
2024/11/08 07:07:00,674.00,491.47
2024/11/08 07:07:00,675.00,491.94
2024/11/08 07:07:00,676.00,491.68
2024/11/08 07:07:00,677.00,491.39
2024/11/08 07:07:00,678.00,491.05
2024/11/08 07:07:00,679.00,490.82
2024/11/08 07:07:00,680.00,490.34
2024/11/08 07:07:00,681.00,488.75
2024/11/08 07:07:00,682.00,487.39
2024/11/08 07:07:00,683.00,482.43
2024/11/08 07:07:00,684.00,470.66
2024/11/08 07:07:00,685.00,455.80
2024/11/08 07:07:00,686.00,442.45
2024/11/08 07:07:00,687.00,429.03
2024/11/08 07:07:00,688.00,419.77
2024/11/08 07:07:00,689.00,417.23
2024/11/08 07:07:00,690.00,423.03
2024/11/08 07:07:00,691.00,428.97
2024/11/08 07:07:00,692.00,435.13
2024/11/08 07:07:00,693.00,442.21
2024/11/08 07:07:00,694.00,449.04
2024/11/08 07:07:00,695.00,453.17
2024/11/08 07:07:00,696.00,456.19
2024/11/08 07:07:00,697.00,459.23
2024/11/08 07:07:00,698.00,461.04
2024/11/08 07:07:00,699.00,461.59
2024/11/08 07:07:00,700.00,460.91
2024/11/08 07:07:00,701.00,462.14
2024/11/08 07:07:00,702.00,461.84
2024/11/08 07:07:00,703.00,460.87
2024/11/08 07:07:00,704.00,461.67
2024/11/08 07:07:00,705.00,461.88
2024/11/08 07:07:00,706.00,461.50
2024/11/08 07:07:00,707.00,461.16
2024/11/08 07:07:00,708.00,463.45
2024/11/08 07:07:00,709.00,465.23
2024/11/08 07:07:00,710.00,464.66
2024/11/08 07:07:00,711.00,463.68
2024/11/08 07:07:00,712.00,464.54
2024/11/08 07:07:00,713.00,460.18
2024/11/08 07:07:00,714.00,454.16
2024/11/08 07:07:00,715.00,448.04
2024/11/08 07:07:00,716.00,440.38
2024/11/08 07:07:00,717.00,432.69
2024/11/08 07:07:00,718.00,425.08
2024/11/08 07:07:00,719.00,421.61
2024/11/08 07:07:00,720.00,421.32
2024/11/08 07:07:00,721.00,420.41
2024/11/08 07:07:00,722.00,421.18
2024/11/08 07:07:00,723.00,423.32
2024/11/08 07:07:00,724.00,421.89
2024/11/08 07:07:00,725.00,420.53
2024/11/08 07:07:00,726.00,421.83
2024/11/08 07:07:00,727.00,419.61
2024/11/08 07:07:00,728.00,420.30
2024/11/08 07:07:00,729.00,420.67
2024/11/08 07:07:00,730.00,423.82
2024/11/08 07:07:00,731.00,426.19
2024/11/08 07:07:00,732.00,429.41
2024/11/08 07:07:00,733.00,431.65
2024/11/08 07:07:00,734.00,435.40
2024/11/08 07:07:00,735.00,434.97
2024/11/08 07:07:00,736.00,434.53
2024/11/08 07:07:00,737.00,434.07
2024/11/08 07:07:00,738.00,434.74
2024/11/08 07:07:00,739.00,434.90
2024/11/08 07:07:00,740.00,432.96
2024/11/08 07:07:00,741.00,434.30
2024/11/08 07:07:00,742.00,435.51
2024/11/08 07:07:00,743.00,434.35
2024/11/08 07:07:00,744.00,434.13
2024/11/08 07:07:00,745.00,434.89
2024/11/08 07:07:00,746.00,433.04
2024/11/08 07:07:00,747.00,430.88
2024/11/08 07:07:00,748.00,428.80
2024/11/08 07:07:00,749.00,428.72
2024/11/08 07:07:00,750.00,429.31
2024/11/08 07:07:00,751.00,426.84
2024/11/08 07:07:00,752.00,429.42
2024/11/08 07:07:00,753.00,430.18
2024/11/08 07:07:00,754.00,428.44
2024/11/08 07:07:00,755.00,425.31
2024/11/08 07:07:00,756.00,416.05
2024/11/08 07:07:00,757.00,391.69
2024/11/08 07:07:00,758.00,358.18
2024/11/08 07:07:00,759.00,324.29
2024/11/08 07:07:00,760.00,290.28
2024/11/08 07:07:00,761.00,261.02
2024/11/08 07:07:00,762.00,246.11
2024/11/08 07:07:00,763.00,247.66
2024/11/08 07:07:00,764.00,253.17
2024/11/08 07:07:00,765.00,267.53
2024/11/08 07:07:00,766.00,286.10
2024/11/08 07:07:00,767.00,306.88
2024/11/08 07:07:00,768.00,327.27
2024/11/08 07:07:00,769.00,343.86
2024/11/08 07:07:00,770.00,358.67
2024/11/08 07:07:00,771.00,372.94
2024/11/08 07:07:00,772.00,382.24
2024/11/08 07:07:00,773.00,388.93
2024/11/08 07:07:00,774.00,396.52
2024/11/08 07:07:00,775.00,398.97
2024/11/08 07:07:00,776.00,400.42
2024/11/08 07:07:00,777.00,399.67
2024/11/08 07:07:00,778.00,400.91
2024/11/08 07:07:00,779.00,402.43
2024/11/08 07:07:00,780.00,399.96
2024/11/08 07:07:00,781.00,403.42
2024/11/08 07:07:00,782.00,406.92
2024/11/08 07:07:00,783.00,404.99
2024/11/08 07:07:00,784.00,403.76
2024/11/08 07:07:00,785.00,405.79
2024/11/08 07:07:00,786.00,403.35
2024/11/08 07:07:00,787.00,400.92
2024/11/08 07:07:00,788.00,399.67
2024/11/08 07:07:00,789.00,401.36
2024/11/08 07:07:00,790.00,398.82
2024/11/08 07:07:00,791.00,396.08
2024/11/08 07:07:00,792.00,397.36
2024/11/08 07:07:00,793.00,396.39
2024/11/08 07:07:00,794.00,391.60
2024/11/08 07:07:00,795.00,391.77
2024/11/08 07:07:00,796.00,392.74
2024/11/08 07:07:00,797.00,391.13
2024/11/08 07:07:00,798.00,387.78
2024/11/08 07:07:00,799.00,390.22
2024/11/08 07:07:00,800.00,391.15
2024/11/08 07:07:00,801.00,387.11
2024/11/08 07:07:00,802.00,385.32
2024/11/08 07:07:00,803.00,388.59
2024/11/08 07:07:00,804.00,387.73
2024/11/08 07:07:00,805.00,386.43
2024/11/08 07:07:00,806.00,387.24
2024/11/08 07:07:00,807.00,391.00
2024/11/08 07:07:00,808.00,392.44
2024/11/08 07:07:00,809.00,389.05
2024/11/08 07:07:00,810.00,391.63
2024/11/08 07:07:00,811.00,390.83
2024/11/08 07:07:00,812.00,382.81
2024/11/08 07:07:00,813.00,375.74
2024/11/08 07:07:00,814.00,372.84
2024/11/08 07:07:00,815.00,367.46
2024/11/08 07:07:00,816.00,362.88
2024/11/08 07:07:00,817.00,360.63
2024/11/08 07:07:00,818.00,362.63
2024/11/08 07:07:00,819.00,361.11
2024/11/08 07:07:00,820.00,357.69
2024/11/08 07:07:00,821.00,361.12
2024/11/08 07:07:00,822.00,362.65
2024/11/08 07:07:00,823.00,360.74
2024/11/08 07:07:00,824.00,364.29
2024/11/08 07:07:00,825.00,367.04
2024/11/08 07:07:00,826.00,365.35
2024/11/08 07:07:00,827.00,363.62
2024/11/08 07:07:00,828.00,363.78
2024/11/08 07:07:00,829.00,363.54
2024/11/08 07:07:00,830.00,358.86
2024/11/08 07:07:00,831.00,358.30
2024/11/08 07:07:00,832.00,359.86
2024/11/08 07:07:00,833.00,357.13
2024/11/08 07:07:00,834.00,357.44
2024/11/08 07:07:00,835.00,360.82
2024/11/08 07:07:00,836.00,361.20
2024/11/08 07:07:00,837.00,362.28
2024/11/08 07:07:00,838.00,360.00
2024/11/08 07:07:00,839.00,358.97
2024/11/08 07:07:00,840.00,358.04
2024/11/08 07:07:00,841.00,355.03
2024/11/08 07:07:00,842.00,354.31
2024/11/08 07:07:00,843.00,356.00
2024/11/08 07:07:00,844.00,354.15
2024/11/08 07:07:00,845.00,352.54
2024/11/08 07:07:00,846.00,352.38
2024/11/08 07:07:00,847.00,349.32
2024/11/08 07:07:00,848.00,345.45
2024/11/08 07:07:00,849.00,342.91
2024/11/08 07:07:00,850.00,341.15
2024/11/08 07:07:00,851.00,336.89
2024/11/08 07:07:00,852.00,333.88
2024/11/08 07:07:00,853.00,333.51
2024/11/08 07:07:00,854.00,331.97
2024/11/08 07:07:00,855.00,331.57
2024/11/08 07:07:00,856.00,333.65
2024/11/08 07:07:00,857.00,335.96
2024/11/08 07:07:00,858.00,337.22
2024/11/08 07:07:00,859.00,338.06
2024/11/08 07:07:00,860.00,339.46
2024/11/08 07:07:00,861.00,341.82
2024/11/08 07:07:00,862.00,339.56
2024/11/08 07:07:00,863.00,336.60
2024/11/08 07:07:00,864.00,334.55
2024/11/08 07:07:00,865.00,331.64
2024/11/08 07:07:00,866.00,328.92
2024/11/08 07:07:00,867.00,329.37
2024/11/08 07:07:00,868.00,331.19
2024/11/08 07:07:00,869.00,332.35
2024/11/08 07:07:00,870.00,331.63
2024/11/08 07:07:00,871.00,333.72
2024/11/08 07:07:00,872.00,334.57
2024/11/08 07:07:00,873.00,332.69
2024/11/08 07:07:00,874.00,332.90
2024/11/08 07:07:00,875.00,333.50
2024/11/08 07:07:00,876.00,331.53
2024/11/08 07:07:00,877.00,330.47
2024/11/08 07:07:00,878.00,330.25
2024/11/08 07:07:00,879.00,329.76
2024/11/08 07:07:00,880.00,328.02
2024/11/08 07:07:00,881.00,327.49
2024/11/08 07:07:00,882.00,327.48
2024/11/08 07:07:00,883.00,326.27
2024/11/08 07:07:00,884.00,324.34
2024/11/08 07:07:00,885.00,324.42
2024/11/08 07:07:00,886.00,324.06
2024/11/08 07:07:00,887.00,323.09
2024/11/08 07:07:00,888.00,322.50
2024/11/08 07:07:00,889.00,323.29
2024/11/08 07:07:00,890.00,321.93
2024/11/08 07:07:00,891.00,319.22
2024/11/08 07:07:00,892.00,316.99
2024/11/08 07:07:00,893.00,312.23
2024/11/08 07:07:00,894.00,306.45
2024/11/08 07:07:00,895.00,301.35
2024/11/08 07:07:00,896.00,295.05
2024/11/08 07:07:00,897.00,288.41
2024/11/08 07:07:00,898.00,282.88
2024/11/08 07:07:00,899.00,278.84
2024/11/08 07:07:00,900.00,277.31
2024/11/08 07:07:00,901.00,277.05
2024/11/08 07:07:00,902.00,278.43
2024/11/08 07:07:00,903.00,281.06
2024/11/08 07:07:00,904.00,281.05
2024/11/08 07:07:00,905.00,278.73
2024/11/08 07:07:00,906.00,276.40
2024/11/08 07:07:00,907.00,274.02
2024/11/08 07:07:00,908.00,271.83
2024/11/08 07:07:00,909.00,270.04
2024/11/08 07:07:00,910.00,270.11
2024/11/08 07:07:00,911.00,269.62
2024/11/08 07:07:00,912.00,267.26
2024/11/08 07:07:00,913.00,267.10
2024/11/08 07:07:00,914.00,266.19
2024/11/08 07:07:00,915.00,264.77
2024/11/08 07:07:00,916.00,265.66
2024/11/08 07:07:00,917.00,267.50
2024/11/08 07:07:00,918.00,268.69
2024/11/08 07:07:00,919.00,270.44
2024/11/08 07:07:00,920.00,271.51
2024/11/08 07:07:00,921.00,272.50
2024/11/08 07:07:00,922.00,270.58
2024/11/08 07:07:00,923.00,270.10
2024/11/08 07:07:00,924.00,269.61
2024/11/08 07:07:00,925.00,268.12
2024/11/08 07:07:00,926.00,263.94
2024/11/08 07:07:00,927.00,258.37
2024/11/08 07:07:00,928.00,249.88
2024/11/08 07:07:00,929.00,237.04
2024/11/08 07:07:00,930.00,221.85
2024/11/08 07:07:00,931.00,208.03
2024/11/08 07:07:00,932.00,193.62
2024/11/08 07:07:00,933.00,181.12
2024/11/08 07:07:00,934.00,172.18
2024/11/08 07:07:00,935.00,166.50
2024/11/08 07:07:00,936.00,164.43
2024/11/08 07:07:00,937.00,166.31
2024/11/08 07:07:00,938.00,170.73
2024/11/08 07:07:00,939.00,176.03
2024/11/08 07:07:00,940.00,178.63
2024/11/08 07:07:00,941.00,179.45
2024/11/08 07:07:00,942.00,178.67
2024/11/08 07:07:00,943.00,175.44
2024/11/08 07:07:00,944.00,174.03
2024/11/08 07:07:00,945.00,174.88
2024/11/08 07:07:00,946.00,175.62
2024/11/08 07:07:00,947.00,176.35
2024/11/08 07:07:00,948.00,177.42
2024/11/08 07:07:00,949.00,179.59
2024/11/08 07:07:00,950.00,179.82
2024/11/08 07:07:00,951.00,181.19
2024/11/08 07:07:00,952.00,182.75
2024/11/08 07:07:00,953.00,183.55
2024/11/08 07:07:00,954.00,184.32
2024/11/08 07:07:00,955.00,185.60
2024/11/08 07:07:00,956.00,187.46
2024/11/08 07:07:00,957.00,189.61
2024/11/08 07:07:00,958.00,192.39
2024/11/08 07:07:00,959.00,196.07
2024/11/08 07:07:00,960.00,200.19
2024/11/08 07:07:00,961.00,202.87
2024/11/08 07:07:00,962.00,206.00
2024/11/08 07:07:00,963.00,210.03
2024/11/08 07:07:00,964.00,212.69
2024/11/08 07:07:00,965.00,217.28
2024/11/08 07:07:00,966.00,222.45
2024/11/08 07:07:00,967.00,228.59
2024/11/08 07:07:00,968.00,233.58
2024/11/08 07:07:00,969.00,237.78
2024/11/08 07:07:00,970.00,241.18
2024/11/08 07:07:00,971.00,241.31
2024/11/08 07:07:00,972.00,239.48
2024/11/08 07:07:00,973.00,238.04
2024/11/08 07:07:00,974.00,237.13
2024/11/08 07:07:00,975.00,236.30
2024/11/08 07:07:00,976.00,236.55
2024/11/08 07:07:00,977.00,239.12
2024/11/08 07:07:00,978.00,240.15
2024/11/08 07:07:00,979.00,242.24
2024/11/08 07:07:00,980.00,244.46
2024/11/08 07:07:00,981.00,246.94
2024/11/08 07:07:00,982.00,248.19
2024/11/08 07:07:00,983.00,249.80
2024/11/08 07:07:00,984.00,251.17
2024/11/08 07:07:00,985.00,251.59
2024/11/08 07:07:00,986.00,252.70
2024/11/08 07:07:00,987.00,254.88
2024/11/08 07:07:00,988.00,256.72
2024/11/08 07:07:00,989.00,256.77
2024/11/08 07:07:00,990.00,257.49
2024/11/08 07:07:00,991.00,258.37
2024/11/08 07:07:00,992.00,256.82
2024/11/08 07:07:00,993.00,255.89
2024/11/08 07:07:00,994.00,256.45
2024/11/08 07:07:00,995.00,255.59
2024/11/08 07:07:00,996.00,253.87
2024/11/08 07:07:00,997.00,253.85
2024/11/08 07:07:00,998.00,254.22
2024/11/08 07:07:00,999.00,252.03
2024/11/08 07:07:00,1000.00,252.61
2024/11/08 07:07:00,1001.00,252.57
2024/11/08 07:07:00,1002.00,250.75
2024/11/08 07:07:00,1003.00,248.88
2024/11/08 07:07:00,1004.00,247.82
2024/11/08 07:07:00,1005.00,246.91
2024/11/08 07:07:00,1006.00,245.88
2024/11/08 07:07:00,1007.00,245.63
2024/11/08 07:07:00,1008.00,246.86
2024/11/08 07:07:00,1009.00,246.17
2024/11/08 07:07:00,1010.00,246.84
2024/11/08 07:07:00,1011.00,247.56
2024/11/08 07:07:00,1012.00,248.66
2024/11/08 07:07:00,1013.00,248.23
2024/11/08 07:07:00,1014.00,248.48
2024/11/08 07:07:00,1015.00,247.92
2024/11/08 07:07:00,1016.00,246.45
2024/11/08 07:07:00,1017.00,244.23
2024/11/08 07:07:00,1018.00,243.22
2024/11/08 07:07:00,1019.00,243.75
2024/11/08 07:07:00,1020.00,242.30
2024/11/08 07:07:00,1021.00,242.70
2024/11/08 07:07:00,1022.00,244.08
2024/11/08 07:07:00,1023.00,242.12
2024/11/08 07:07:00,1024.00,241.34
2024/11/08 07:07:00,1025.00,241.27
2024/11/08 07:07:00,1026.00,240.18
2024/11/08 07:07:00,1027.00,238.34
2024/11/08 07:07:00,1028.00,238.28
2024/11/08 07:07:00,1029.00,239.18
2024/11/08 07:07:00,1030.00,237.77
2024/11/08 07:07:00,1031.00,238.02
2024/11/08 07:07:00,1032.00,238.13
2024/11/08 07:07:00,1033.00,236.98
2024/11/08 07:07:00,1034.00,235.47
2024/11/08 07:07:00,1035.00,235.09
2024/11/08 07:07:00,1036.00,235.54
2024/11/08 07:07:00,1037.00,232.80
2024/11/08 07:07:00,1038.00,232.09
2024/11/08 07:07:00,1039.00,232.61
2024/11/08 07:07:00,1040.00,231.06
2024/11/08 07:07:00,1041.00,230.79
2024/11/08 07:07:00,1042.00,231.99
2024/11/08 07:07:00,1043.00,232.82
2024/11/08 07:07:00,1044.00,231.00
2024/11/08 07:07:00,1045.00,228.93
2024/11/08 07:07:00,1046.00,230.61
2024/11/08 07:07:00,1047.00,228.53
2024/11/08 07:07:00,1048.00,227.02
2024/11/08 07:07:00,1049.00,228.63
2024/11/08 07:07:00,1050.00,228.52
2024/11/08 07:07:00,1051.00,228.31
2024/11/08 07:07:00,1052.00,227.83
2024/11/08 07:07:00,1053.00,227.73
2024/11/08 07:07:00,1054.00,225.66
2024/11/08 07:07:00,1055.00,224.62
2024/11/08 07:07:00,1056.00,225.44
2024/11/08 07:07:00,1057.00,226.99
2024/11/08 07:07:00,1058.00,224.80
2024/11/08 07:07:00,1059.00,225.22
2024/11/08 07:07:00,1060.00,226.15
2024/11/08 07:07:00,1061.00,220.92
2024/11/08 07:07:00,1062.00,218.17
2024/11/08 07:07:00,1063.00,218.61
2024/11/08 07:07:00,1064.00,218.76
2024/11/08 07:07:00,1065.00,217.76
2024/11/08 07:07:00,1066.00,219.94
2024/11/08 07:07:00,1067.00,223.57
2024/11/08 07:07:00,1068.00,220.23
2024/11/08 07:07:00,1069.00,218.57
2024/11/08 07:07:00,1070.00,219.22
2024/11/08 07:07:00,1071.00,215.17
2024/11/08 07:07:00,1072.00,209.74
2024/11/08 07:07:00,1073.00,209.80
2024/11/08 07:07:00,1074.00,211.48
2024/11/08 07:07:00,1075.00,207.02
2024/11/08 07:07:00,1076.00,211.34
2024/11/08 07:07:00,1077.00,217.60
2024/11/08 07:07:00,1078.00,214.76
2024/11/08 07:07:00,1079.00,214.36
2024/11/08 07:07:00,1080.00,216.16
2024/11/08 07:07:00,1081.00,218.42
2024/11/08 07:07:00,1082.00,215.83
2024/11/08 07:07:00,1083.00,216.03
2024/11/08 07:07:00,1084.00,218.45
2024/11/08 07:07:00,1085.00,214.49
2024/11/08 07:07:00,1086.00,210.39
2024/11/08 07:07:00,1087.00,210.09
2024/11/08 07:07:00,1088.00,208.61
2024/11/08 07:07:00,1089.00,205.06
2024/11/08 07:07:00,1090.00,202.52
2024/11/08 07:07:00,1091.00,205.57
2024/11/08 07:07:00,1092.00,204.22
2024/11/08 07:07:00,1093.00,200.66
2024/11/08 07:07:00,1094.00,205.46
2024/11/08 07:07:00,1095.00,206.11
2024/11/08 07:07:00,1096.00,204.05
2024/11/08 07:07:00,1097.00,207.92
2024/11/08 07:07:00,1098.00,210.22
2024/11/08 07:07:00,1099.00,204.88
2024/11/08 07:07:00,1100.00,205.07
2024/11/08 07:08:00,Wavelength(nm),Irradiance(W/m2/um)
2024/11/08 07:08:00,300.00,6.44
2024/11/08 07:08:00,301.00,7.12
2024/11/08 07:08:00,302.00,7.83
2024/11/08 07:08:00,303.00,9.00
2024/11/08 07:08:00,304.00,9.88
2024/11/08 07:08:00,305.00,10.83
2024/11/08 07:08:00,306.00,12.44
2024/11/08 07:08:00,307.00,14.04
2024/11/08 07:08:00,308.00,16.04
2024/11/08 07:08:00,309.00,19.08
2024/11/08 07:08:00,310.00,22.67
2024/11/08 07:08:00,311.00,26.31
2024/11/08 07:08:00,312.00,30.62
2024/11/08 07:08:00,313.00,35.49
2024/11/08 07:08:00,314.00,40.96
2024/11/08 07:08:00,315.00,46.41
2024/11/08 07:08:00,316.00,52.40
2024/11/08 07:08:00,317.00,59.06
2024/11/08 07:08:00,318.00,65.16
2024/11/08 07:08:00,319.00,70.52
2024/11/08 07:08:00,320.00,76.55
2024/11/08 07:08:00,321.00,82.86
2024/11/08 07:08:00,322.00,89.99
2024/11/08 07:08:00,323.00,98.47
2024/11/08 07:08:00,324.00,107.75
2024/11/08 07:08:00,325.00,117.84
2024/11/08 07:08:00,326.00,128.00
2024/11/08 07:08:00,327.00,137.29
2024/11/08 07:08:00,328.00,145.48
2024/11/08 07:08:00,329.00,152.00
2024/11/08 07:08:00,330.00,157.32
2024/11/08 07:08:00,331.00,161.29
2024/11/08 07:08:00,332.00,164.33
2024/11/08 07:08:00,333.00,165.23
2024/11/08 07:08:00,334.00,165.89
2024/11/08 07:08:00,335.00,166.57
2024/11/08 07:08:00,336.00,168.46
2024/11/08 07:08:00,337.00,169.87
2024/11/08 07:08:00,338.00,173.01
2024/11/08 07:08:00,339.00,177.32
2024/11/08 07:08:00,340.00,180.82
2024/11/08 07:08:00,341.00,182.15
2024/11/08 07:08:00,342.00,183.27
2024/11/08 07:08:00,343.00,184.07
2024/11/08 07:08:00,344.00,184.39
2024/11/08 07:08:00,345.00,184.51
2024/11/08 07:08:00,346.00,185.56
2024/11/08 07:08:00,347.00,187.97
2024/11/08 07:08:00,348.00,190.79
2024/11/08 07:08:00,349.00,193.21
2024/11/08 07:08:00,350.00,196.46
2024/11/08 07:08:00,351.00,201.17
2024/11/08 07:08:00,352.00,205.43
2024/11/08 07:08:00,353.00,208.04
2024/11/08 07:08:00,354.00,208.39
2024/11/08 07:08:00,355.00,205.88
2024/11/08 07:08:00,356.00,202.26
2024/11/08 07:08:00,357.00,199.16
2024/11/08 07:08:00,358.00,196.66
2024/11/08 07:08:00,359.00,197.08
2024/11/08 07:08:00,360.00,201.55
2024/11/08 07:08:00,361.00,207.03
2024/11/08 07:08:00,362.00,213.31
2024/11/08 07:08:00,363.00,222.39
2024/11/08 07:08:00,364.00,232.53
2024/11/08 07:08:00,365.00,240.55
2024/11/08 07:08:00,366.00,248.02
2024/11/08 07:08:00,367.00,253.51
2024/11/08 07:08:00,368.00,256.20
2024/11/08 07:08:00,369.00,255.75
2024/11/08 07:08:00,370.00,252.34
2024/11/08 07:08:00,371.00,246.18
2024/11/08 07:08:00,372.00,239.96
2024/11/08 07:08:00,373.00,236.10
2024/11/08 07:08:00,374.00,236.81
2024/11/08 07:08:00,375.00,243.38
2024/11/08 07:08:00,376.00,252.14
2024/11/08 07:08:00,377.00,260.63
2024/11/08 07:08:00,378.00,266.32
2024/11/08 07:08:00,379.00,264.73
2024/11/08 07:08:00,380.00,254.01
2024/11/08 07:08:00,381.00,241.52
2024/11/08 07:08:00,382.00,231.28
2024/11/08 07:08:00,383.00,223.98
2024/11/08 07:08:00,384.00,221.08
2024/11/08 07:08:00,385.00,225.47
2024/11/08 07:08:00,386.00,233.27
2024/11/08 07:08:00,387.00,242.95
2024/11/08 07:08:00,388.00,254.25
2024/11/08 07:08:00,389.00,263.78
2024/11/08 07:08:00,390.00,265.52
2024/11/08 07:08:00,391.00,261.52
2024/11/08 07:08:00,392.00,258.06
2024/11/08 07:08:00,393.00,251.71
2024/11/08 07:08:00,394.00,244.03
2024/11/08 07:08:00,395.00,247.90
2024/11/08 07:08:00,396.00,266.54
2024/11/08 07:08:00,397.00,288.56
2024/11/08 07:08:00,398.00,315.17
2024/11/08 07:08:00,399.00,347.22
2024/11/08 07:08:00,400.00,376.16
2024/11/08 07:08:00,401.00,394.67
2024/11/08 07:08:00,402.00,405.19
2024/11/08 07:08:00,403.00,407.60
2024/11/08 07:08:00,404.00,405.91
2024/11/08 07:08:00,405.00,404.16
2024/11/08 07:08:00,406.00,403.55
2024/11/08 07:08:00,407.00,404.10
2024/11/08 07:08:00,408.00,406.46
2024/11/08 07:08:00,409.00,411.87
2024/11/08 07:08:00,410.00,418.00
2024/11/08 07:08:00,411.00,423.92
2024/11/08 07:08:00,412.00,429.47
2024/11/08 07:08:00,413.00,435.70
2024/11/08 07:08:00,414.00,439.78
2024/11/08 07:08:00,415.00,440.94
2024/11/08 07:08:00,416.00,440.38
2024/11/08 07:08:00,417.00,440.13
2024/11/08 07:08:00,418.00,440.40
2024/11/08 07:08:00,419.00,441.09
2024/11/08 07:08:00,420.00,441.73
2024/11/08 07:08:00,421.00,442.96
2024/11/08 07:08:00,422.00,443.63
2024/11/08 07:08:00,423.00,443.16
2024/11/08 07:08:00,424.00,441.23
2024/11/08 07:08:00,425.00,439.09
2024/11/08 07:08:00,426.00,435.74
2024/11/08 07:08:00,427.00,427.06
2024/11/08 07:08:00,428.00,416.08
2024/11/08 07:08:00,429.00,409.77
2024/11/08 07:08:00,430.00,409.98
2024/11/08 07:08:00,431.00,414.25
2024/11/08 07:08:00,432.00,425.48
2024/11/08 07:08:00,433.00,443.49
2024/11/08 07:08:00,434.00,460.07
2024/11/08 07:08:00,435.00,468.78
2024/11/08 07:08:00,436.00,473.38
2024/11/08 07:08:00,437.00,477.33
2024/11/08 07:08:00,438.00,480.02
2024/11/08 07:08:00,439.00,483.81
2024/11/08 07:08:00,440.00,491.60
2024/11/08 07:08:00,441.00,502.81
2024/11/08 07:08:00,442.00,512.72
2024/11/08 07:08:00,443.00,519.48
2024/11/08 07:08:00,444.00,524.33
2024/11/08 07:08:00,445.00,528.86
2024/11/08 07:08:00,446.00,532.74
2024/11/08 07:08:00,447.00,540.74
2024/11/08 07:08:00,448.00,551.41
2024/11/08 07:08:00,449.00,560.75
2024/11/08 07:08:00,450.00,564.99
2024/11/08 07:08:00,451.00,566.43
2024/11/08 07:08:00,452.00,566.09
2024/11/08 07:08:00,453.00,564.47
2024/11/08 07:08:00,454.00,564.37
2024/11/08 07:08:00,455.00,567.23
2024/11/08 07:08:00,456.00,571.78
2024/11/08 07:08:00,457.00,575.01
2024/11/08 07:08:00,458.00,578.08
2024/11/08 07:08:00,459.00,581.82
2024/11/08 07:08:00,460.00,584.47
2024/11/08 07:08:00,461.00,586.69
2024/11/08 07:08:00,462.00,589.01
2024/11/08 07:08:00,463.00,589.10
2024/11/08 07:08:00,464.00,586.70
2024/11/08 07:08:00,465.00,583.77
2024/11/08 07:08:00,466.00,581.76
2024/11/08 07:08:00,467.00,580.39
2024/11/08 07:08:00,468.00,578.89
2024/11/08 07:08:00,469.00,578.97
2024/11/08 07:08:00,470.00,580.00
2024/11/08 07:08:00,471.00,581.56
2024/11/08 07:08:00,472.00,582.54
2024/11/08 07:08:00,473.00,584.98
2024/11/08 07:08:00,474.00,585.17
2024/11/08 07:08:00,475.00,586.09
2024/11/08 07:08:00,476.00,587.50
2024/11/08 07:08:00,477.00,589.09
2024/11/08 07:08:00,478.00,591.51
2024/11/08 07:08:00,479.00,595.24
2024/11/08 07:08:00,480.00,597.38
2024/11/08 07:08:00,481.00,596.88
2024/11/08 07:08:00,482.00,592.78
2024/11/08 07:08:00,483.00,584.30
2024/11/08 07:08:00,484.00,572.09
2024/11/08 07:08:00,485.00,560.98
2024/11/08 07:08:00,486.00,555.25
2024/11/08 07:08:00,487.00,555.01
2024/11/08 07:08:00,488.00,558.93
2024/11/08 07:08:00,489.00,566.20
2024/11/08 07:08:00,490.00,571.52
2024/11/08 07:08:00,491.00,575.50
2024/11/08 07:08:00,492.00,577.67
2024/11/08 07:08:00,493.00,579.01
2024/11/08 07:08:00,494.00,582.00
2024/11/08 07:08:00,495.00,584.51
2024/11/08 07:08:00,496.00,583.96
2024/11/08 07:08:00,497.00,581.46
2024/11/08 07:08:00,498.00,578.23
2024/11/08 07:08:00,499.00,572.02
2024/11/08 07:08:00,500.00,566.83
2024/11/08 07:08:00,501.00,564.12
2024/11/08 07:08:00,502.00,563.12
2024/11/08 07:08:00,503.00,564.01
2024/11/08 07:08:00,504.00,566.84
2024/11/08 07:08:00,505.00,570.56
2024/11/08 07:08:00,506.00,572.11
2024/11/08 07:08:00,507.00,572.81
2024/11/08 07:08:00,508.00,573.21
2024/11/08 07:08:00,509.00,572.66
2024/11/08 07:08:00,510.00,571.45
2024/11/08 07:08:00,511.00,569.66
2024/11/08 07:08:00,512.00,567.67
2024/11/08 07:08:00,513.00,563.32
2024/11/08 07:08:00,514.00,555.29
2024/11/08 07:08:00,515.00,544.55
2024/11/08 07:08:00,516.00,537.94
2024/11/08 07:08:00,517.00,532.52
2024/11/08 07:08:00,518.00,529.52
2024/11/08 07:08:00,519.00,532.84
2024/11/08 07:08:00,520.00,539.96
2024/11/08 07:08:00,521.00,546.28
2024/11/08 07:08:00,522.00,552.37
2024/11/08 07:08:00,523.00,555.17
2024/11/08 07:08:00,524.00,554.49
2024/11/08 07:08:00,525.00,553.53
2024/11/08 07:08:00,526.00,552.51
2024/11/08 07:08:00,527.00,552.99
2024/11/08 07:08:00,528.00,555.72
2024/11/08 07:08:00,529.00,558.65
2024/11/08 07:08:00,530.00,560.83
2024/11/08 07:08:00,531.00,562.22
2024/11/08 07:08:00,532.00,562.70
2024/11/08 07:08:00,533.00,562.87
2024/11/08 07:08:00,534.00,562.93
2024/11/08 07:08:00,535.00,564.75
2024/11/08 07:08:00,536.00,564.47
2024/11/08 07:08:00,537.00,561.50
2024/11/08 07:08:00,538.00,558.34
2024/11/08 07:08:00,539.00,556.04
2024/11/08 07:08:00,540.00,553.12
2024/11/08 07:08:00,541.00,552.11
2024/11/08 07:08:00,542.00,553.48
2024/11/08 07:08:00,543.00,554.77
2024/11/08 07:08:00,544.00,555.50
2024/11/08 07:08:00,545.00,556.05
2024/11/08 07:08:00,546.00,557.10
2024/11/08 07:08:00,547.00,557.38
2024/11/08 07:08:00,548.00,556.32
2024/11/08 07:08:00,549.00,556.25
2024/11/08 07:08:00,550.00,556.77
2024/11/08 07:08:00,551.00,555.81
2024/11/08 07:08:00,552.00,555.97
2024/11/08 07:08:00,553.00,555.07
2024/11/08 07:08:00,554.00,553.95
2024/11/08 07:08:00,555.00,551.13
2024/11/08 07:08:00,556.00,548.11
2024/11/08 07:08:00,557.00,544.45
2024/11/08 07:08:00,558.00,542.18
2024/11/08 07:08:00,559.00,538.66
2024/11/08 07:08:00,560.00,538.33
2024/11/08 07:08:00,561.00,537.88
2024/11/08 07:08:00,562.00,537.44
2024/11/08 07:08:00,563.00,536.72
2024/11/08 07:08:00,564.00,536.39
2024/11/08 07:08:00,565.00,536.33
2024/11/08 07:08:00,566.00,534.30
2024/11/08 07:08:00,567.00,532.22
2024/11/08 07:08:00,568.00,529.72
2024/11/08 07:08:00,569.00,528.50
2024/11/08 07:08:00,570.00,527.06
2024/11/08 07:08:00,571.00,526.85
2024/11/08 07:08:00,572.00,525.49
2024/11/08 07:08:00,573.00,526.30
2024/11/08 07:08:00,574.00,525.34
2024/11/08 07:08:00,575.00,523.28
2024/11/08 07:08:00,576.00,522.51
2024/11/08 07:08:00,577.00,523.18
2024/11/08 07:08:00,578.00,522.46
2024/11/08 07:08:00,579.00,524.18
2024/11/08 07:08:00,580.00,527.48
2024/11/08 07:08:00,581.00,529.91
2024/11/08 07:08:00,582.00,531.22
2024/11/08 07:08:00,583.00,532.59
2024/11/08 07:08:00,584.00,533.61
2024/11/08 07:08:00,585.00,532.47
2024/11/08 07:08:00,586.00,527.95
2024/11/08 07:08:00,587.00,524.73
2024/11/08 07:08:00,588.00,522.71
2024/11/08 07:08:00,589.00,518.74
2024/11/08 07:08:00,590.00,515.48
2024/11/08 07:08:00,591.00,515.52
2024/11/08 07:08:00,592.00,516.53
2024/11/08 07:08:00,593.00,516.87
2024/11/08 07:08:00,594.00,516.79
2024/11/08 07:08:00,595.00,518.59
2024/11/08 07:08:00,596.00,520.07
2024/11/08 07:08:00,597.00,519.58
2024/11/08 07:08:00,598.00,518.07
2024/11/08 07:08:00,599.00,516.93
2024/11/08 07:08:00,600.00,515.54
2024/11/08 07:08:00,601.00,514.50
2024/11/08 07:08:00,602.00,513.74
2024/11/08 07:08:00,603.00,514.73
2024/11/08 07:08:00,604.00,515.33
2024/11/08 07:08:00,605.00,513.92
2024/11/08 07:08:00,606.00,514.19
2024/11/08 07:08:00,607.00,513.73
2024/11/08 07:08:00,608.00,511.68
2024/11/08 07:08:00,609.00,511.22
2024/11/08 07:08:00,610.00,511.19
2024/11/08 07:08:00,611.00,509.36
2024/11/08 07:08:00,612.00,508.89
2024/11/08 07:08:00,613.00,506.64
2024/11/08 07:08:00,614.00,505.47
2024/11/08 07:08:00,615.00,503.98
2024/11/08 07:08:00,616.00,503.00
2024/11/08 07:08:00,617.00,502.76
2024/11/08 07:08:00,618.00,504.93
2024/11/08 07:08:00,619.00,504.70
2024/11/08 07:08:00,620.00,504.30
2024/11/08 07:08:00,621.00,503.84
2024/11/08 07:08:00,622.00,502.61
2024/11/08 07:08:00,623.00,500.35
2024/11/08 07:08:00,624.00,498.37
2024/11/08 07:08:00,625.00,497.86
2024/11/08 07:08:00,626.00,495.34
2024/11/08 07:08:00,627.00,492.79
2024/11/08 07:08:00,628.00,490.66
2024/11/08 07:08:00,629.00,489.05
2024/11/08 07:08:00,630.00,487.44
2024/11/08 07:08:00,631.00,488.12
2024/11/08 07:08:00,632.00,490.15
2024/11/08 07:08:00,633.00,492.64
2024/11/08 07:08:00,634.00,494.83
2024/11/08 07:08:00,635.00,496.48
2024/11/08 07:08:00,636.00,499.24
2024/11/08 07:08:00,637.00,499.56
2024/11/08 07:08:00,638.00,499.80
2024/11/08 07:08:00,639.00,500.40
2024/11/08 07:08:00,640.00,500.73
2024/11/08 07:08:00,641.00,500.14
2024/11/08 07:08:00,642.00,500.99
2024/11/08 07:08:00,643.00,501.22
2024/11/08 07:08:00,644.00,502.02
2024/11/08 07:08:00,645.00,501.40
2024/11/08 07:08:00,646.00,500.14
2024/11/08 07:08:00,647.00,498.29
2024/11/08 07:08:00,648.00,497.31
2024/11/08 07:08:00,649.00,496.41
2024/11/08 07:08:00,650.00,496.03
2024/11/08 07:08:00,651.00,495.27
2024/11/08 07:08:00,652.00,494.40
2024/11/08 07:08:00,653.00,489.14
2024/11/08 07:08:00,654.00,482.46
2024/11/08 07:08:00,655.00,479.31
2024/11/08 07:08:00,656.00,476.26
2024/11/08 07:08:00,657.00,475.28
2024/11/08 07:08:00,658.00,478.97
2024/11/08 07:08:00,659.00,483.89
2024/11/08 07:08:00,660.00,486.13
2024/11/08 07:08:00,661.00,488.00
2024/11/08 07:08:00,662.00,490.46
2024/11/08 07:08:00,663.00,493.11
2024/11/08 07:08:00,664.00,493.96
2024/11/08 07:08:00,665.00,495.76
2024/11/08 07:08:00,666.00,499.11
2024/11/08 07:08:00,667.00,498.81
2024/11/08 07:08:00,668.00,498.01
2024/11/08 07:08:00,669.00,498.22
2024/11/08 07:08:00,670.00,497.44
2024/11/08 07:08:00,671.00,495.78
2024/11/08 07:08:00,672.00,495.46
2024/11/08 07:08:00,673.00,494.44
2024/11/08 07:08:00,674.00,494.89
2024/11/08 07:08:00,675.00,495.38
2024/11/08 07:08:00,676.00,495.37
2024/11/08 07:08:00,677.00,497.74
2024/11/08 07:08:00,678.00,498.97
2024/11/08 07:08:00,679.00,499.29
2024/11/08 07:08:00,680.00,498.26
2024/11/08 07:08:00,681.00,497.16
2024/11/08 07:08:00,682.00,494.28
2024/11/08 07:08:00,683.00,488.13
2024/11/08 07:08:00,684.00,476.82
2024/11/08 07:08:00,685.00,463.93
2024/11/08 07:08:00,686.00,448.90
2024/11/08 07:08:00,687.00,434.70
2024/11/08 07:08:00,688.00,426.14
2024/11/08 07:08:00,689.00,423.66
2024/11/08 07:08:00,690.00,427.24
2024/11/08 07:08:00,691.00,433.73
2024/11/08 07:08:00,692.00,441.93
2024/11/08 07:08:00,693.00,448.03
2024/11/08 07:08:00,694.00,453.59
2024/11/08 07:08:00,695.00,458.14
2024/11/08 07:08:00,696.00,461.46
2024/11/08 07:08:00,697.00,463.21
2024/11/08 07:08:00,698.00,464.96
2024/11/08 07:08:00,699.00,466.40
2024/11/08 07:08:00,700.00,465.83
2024/11/08 07:08:00,701.00,465.67
2024/11/08 07:08:00,702.00,465.27
2024/11/08 07:08:00,703.00,466.87
2024/11/08 07:08:00,704.00,467.68
2024/11/08 07:08:00,705.00,467.38
2024/11/08 07:08:00,706.00,468.76
2024/11/08 07:08:00,707.00,469.82
2024/11/08 07:08:00,708.00,469.52
2024/11/08 07:08:00,709.00,469.64
2024/11/08 07:08:00,710.00,469.96
2024/11/08 07:08:00,711.00,469.71
2024/11/08 07:08:00,712.00,468.91
2024/11/08 07:08:00,713.00,465.31
2024/11/08 07:08:00,714.00,462.34
2024/11/08 07:08:00,715.00,456.05
2024/11/08 07:08:00,716.00,447.05
2024/11/08 07:08:00,717.00,440.33
2024/11/08 07:08:00,718.00,434.51
2024/11/08 07:08:00,719.00,428.24
2024/11/08 07:08:00,720.00,427.24
2024/11/08 07:08:00,721.00,424.81
2024/11/08 07:08:00,722.00,425.21
2024/11/08 07:08:00,723.00,423.73
2024/11/08 07:08:00,724.00,423.81
2024/11/08 07:08:00,725.00,424.58
2024/11/08 07:08:00,726.00,424.55
2024/11/08 07:08:00,727.00,424.24
2024/11/08 07:08:00,728.00,426.26
2024/11/08 07:08:00,729.00,427.67
2024/11/08 07:08:00,730.00,428.94
2024/11/08 07:08:00,731.00,432.99
2024/11/08 07:08:00,732.00,434.92
2024/11/08 07:08:00,733.00,437.85
2024/11/08 07:08:00,734.00,439.54
2024/11/08 07:08:00,735.00,439.86
2024/11/08 07:08:00,736.00,440.59
2024/11/08 07:08:00,737.00,439.29
2024/11/08 07:08:00,738.00,438.82
2024/11/08 07:08:00,739.00,438.25
2024/11/08 07:08:00,740.00,438.61
2024/11/08 07:08:00,741.00,438.41
2024/11/08 07:08:00,742.00,438.52
2024/11/08 07:08:00,743.00,439.07
2024/11/08 07:08:00,744.00,439.77
2024/11/08 07:08:00,745.00,438.99
2024/11/08 07:08:00,746.00,438.77
2024/11/08 07:08:00,747.00,439.78
2024/11/08 07:08:00,748.00,437.17
2024/11/08 07:08:00,749.00,436.44
2024/11/08 07:08:00,750.00,437.02
2024/11/08 07:08:00,751.00,435.84
2024/11/08 07:08:00,752.00,433.51
2024/11/08 07:08:00,753.00,432.33
2024/11/08 07:08:00,754.00,431.10
2024/11/08 07:08:00,755.00,427.81
2024/11/08 07:08:00,756.00,416.63
2024/11/08 07:08:00,757.00,394.96
2024/11/08 07:08:00,758.00,363.62
2024/11/08 07:08:00,759.00,327.50
2024/11/08 07:08:00,760.00,292.80
2024/11/08 07:08:00,761.00,263.33
2024/11/08 07:08:00,762.00,249.99
2024/11/08 07:08:00,763.00,249.70
2024/11/08 07:08:00,764.00,256.13
2024/11/08 07:08:00,765.00,271.55
2024/11/08 07:08:00,766.00,290.06
2024/11/08 07:08:00,767.00,309.28
2024/11/08 07:08:00,768.00,328.91
2024/11/08 07:08:00,769.00,346.91
2024/11/08 07:08:00,770.00,359.37
2024/11/08 07:08:00,771.00,372.33
2024/11/08 07:08:00,772.00,382.47
2024/11/08 07:08:00,773.00,391.89
2024/11/08 07:08:00,774.00,399.12
2024/11/08 07:08:00,775.00,403.83
2024/11/08 07:08:00,776.00,408.29
2024/11/08 07:08:00,777.00,408.20
2024/11/08 07:08:00,778.00,406.59
2024/11/08 07:08:00,779.00,406.37
2024/11/08 07:08:00,780.00,405.32
2024/11/08 07:08:00,781.00,404.00
2024/11/08 07:08:00,782.00,404.11
2024/11/08 07:08:00,783.00,404.52
2024/11/08 07:08:00,784.00,404.22
2024/11/08 07:08:00,785.00,405.79
2024/11/08 07:08:00,786.00,406.21
2024/11/08 07:08:00,787.00,406.82
2024/11/08 07:08:00,788.00,405.45
2024/11/08 07:08:00,789.00,404.33
2024/11/08 07:08:00,790.00,402.12
2024/11/08 07:08:00,791.00,400.91
2024/11/08 07:08:00,792.00,400.55
2024/11/08 07:08:00,793.00,400.40
2024/11/08 07:08:00,794.00,402.24
2024/11/08 07:08:00,795.00,401.12
2024/11/08 07:08:00,796.00,398.36
2024/11/08 07:08:00,797.00,395.76
2024/11/08 07:08:00,798.00,393.18
2024/11/08 07:08:00,799.00,389.70
2024/11/08 07:08:00,800.00,390.98
2024/11/08 07:08:00,801.00,392.96
2024/11/08 07:08:00,802.00,394.76
2024/11/08 07:08:00,803.00,395.49
2024/11/08 07:08:00,804.00,396.09
2024/11/08 07:08:00,805.00,396.81
2024/11/08 07:08:00,806.00,393.95
2024/11/08 07:08:00,807.00,392.85
2024/11/08 07:08:00,808.00,393.71
2024/11/08 07:08:00,809.00,392.86
2024/11/08 07:08:00,810.00,388.72
2024/11/08 07:08:00,811.00,388.53
2024/11/08 07:08:00,812.00,386.89
2024/11/08 07:08:00,813.00,382.57
2024/11/08 07:08:00,814.00,378.24
2024/11/08 07:08:00,815.00,374.53
2024/11/08 07:08:00,816.00,370.84
2024/11/08 07:08:00,817.00,366.28
2024/11/08 07:08:00,818.00,363.90
2024/11/08 07:08:00,819.00,363.80
2024/11/08 07:08:00,820.00,362.05
2024/11/08 07:08:00,821.00,360.85
2024/11/08 07:08:00,822.00,363.97
2024/11/08 07:08:00,823.00,365.67
2024/11/08 07:08:00,824.00,368.88
2024/11/08 07:08:00,825.00,371.47
2024/11/08 07:08:00,826.00,371.01
2024/11/08 07:08:00,827.00,369.00
2024/11/08 07:08:00,828.00,366.27
2024/11/08 07:08:00,829.00,364.51
2024/11/08 07:08:00,830.00,364.53
2024/11/08 07:08:00,831.00,365.49
2024/11/08 07:08:00,832.00,365.71
2024/11/08 07:08:00,833.00,363.63
2024/11/08 07:08:00,834.00,363.45
2024/11/08 07:08:00,835.00,363.97
2024/11/08 07:08:00,836.00,362.24
2024/11/08 07:08:00,837.00,361.85
2024/11/08 07:08:00,838.00,362.07
2024/11/08 07:08:00,839.00,361.02
2024/11/08 07:08:00,840.00,359.86
2024/11/08 07:08:00,841.00,359.89
2024/11/08 07:08:00,842.00,359.75
2024/11/08 07:08:00,843.00,358.45
2024/11/08 07:08:00,844.00,358.22
2024/11/08 07:08:00,845.00,357.21
2024/11/08 07:08:00,846.00,354.22
2024/11/08 07:08:00,847.00,352.25
2024/11/08 07:08:00,848.00,350.18
2024/11/08 07:08:00,849.00,347.06
2024/11/08 07:08:00,850.00,344.15
2024/11/08 07:08:00,851.00,341.19
2024/11/08 07:08:00,852.00,337.10
2024/11/08 07:08:00,853.00,334.58
2024/11/08 07:08:00,854.00,334.83
2024/11/08 07:08:00,855.00,336.22
2024/11/08 07:08:00,856.00,339.02
2024/11/08 07:08:00,857.00,342.14
2024/11/08 07:08:00,858.00,343.64
2024/11/08 07:08:00,859.00,343.69
2024/11/08 07:08:00,860.00,344.02
2024/11/08 07:08:00,861.00,344.44
2024/11/08 07:08:00,862.00,344.31
2024/11/08 07:08:00,863.00,342.88
2024/11/08 07:08:00,864.00,340.49
2024/11/08 07:08:00,865.00,337.26
2024/11/08 07:08:00,866.00,334.46
2024/11/08 07:08:00,867.00,333.35
2024/11/08 07:08:00,868.00,333.20
2024/11/08 07:08:00,869.00,334.26
2024/11/08 07:08:00,870.00,336.09
2024/11/08 07:08:00,871.00,336.27
2024/11/08 07:08:00,872.00,337.00
2024/11/08 07:08:00,873.00,337.22
2024/11/08 07:08:00,874.00,337.06
2024/11/08 07:08:00,875.00,336.13
2024/11/08 07:08:00,876.00,334.75
2024/11/08 07:08:00,877.00,333.35
2024/11/08 07:08:00,878.00,332.67
2024/11/08 07:08:00,879.00,331.62
2024/11/08 07:08:00,880.00,331.18
2024/11/08 07:08:00,881.00,331.18
2024/11/08 07:08:00,882.00,330.98
2024/11/08 07:08:00,883.00,330.16
2024/11/08 07:08:00,884.00,329.44
2024/11/08 07:08:00,885.00,330.03
2024/11/08 07:08:00,886.00,329.80
2024/11/08 07:08:00,887.00,328.49
2024/11/08 07:08:00,888.00,329.28
2024/11/08 07:08:00,889.00,329.05
2024/11/08 07:08:00,890.00,326.88
2024/11/08 07:08:00,891.00,324.74
2024/11/08 07:08:00,892.00,321.13
2024/11/08 07:08:00,893.00,316.82
2024/11/08 07:08:00,894.00,310.25
2024/11/08 07:08:00,895.00,304.57
2024/11/08 07:08:00,896.00,298.47
2024/11/08 07:08:00,897.00,292.83
2024/11/08 07:08:00,898.00,286.03
2024/11/08 07:08:00,899.00,281.87
2024/11/08 07:08:00,900.00,279.21
2024/11/08 07:08:00,901.00,280.34
2024/11/08 07:08:00,902.00,281.06
2024/11/08 07:08:00,903.00,283.77
2024/11/08 07:08:00,904.00,285.38
2024/11/08 07:08:00,905.00,283.03
2024/11/08 07:08:00,906.00,281.00
2024/11/08 07:08:00,907.00,278.40
2024/11/08 07:08:00,908.00,275.72
2024/11/08 07:08:00,909.00,274.32
2024/11/08 07:08:00,910.00,273.71
2024/11/08 07:08:00,911.00,272.99
2024/11/08 07:08:00,912.00,270.70
2024/11/08 07:08:00,913.00,268.86
2024/11/08 07:08:00,914.00,267.67
2024/11/08 07:08:00,915.00,266.31
2024/11/08 07:08:00,916.00,266.61
2024/11/08 07:08:00,917.00,268.91
2024/11/08 07:08:00,918.00,270.02
2024/11/08 07:08:00,919.00,272.02
2024/11/08 07:08:00,920.00,273.40
2024/11/08 07:08:00,921.00,274.22
2024/11/08 07:08:00,922.00,273.98
2024/11/08 07:08:00,923.00,274.01
2024/11/08 07:08:00,924.00,273.74
2024/11/08 07:08:00,925.00,272.38
2024/11/08 07:08:00,926.00,267.20
2024/11/08 07:08:00,927.00,261.45
2024/11/08 07:08:00,928.00,251.25
2024/11/08 07:08:00,929.00,238.73
2024/11/08 07:08:00,930.00,224.09
2024/11/08 07:08:00,931.00,209.33
2024/11/08 07:08:00,932.00,195.18
2024/11/08 07:08:00,933.00,182.61
2024/11/08 07:08:00,934.00,173.20
2024/11/08 07:08:00,935.00,168.16
2024/11/08 07:08:00,936.00,166.28
2024/11/08 07:08:00,937.00,168.50
2024/11/08 07:08:00,938.00,173.35
2024/11/08 07:08:00,939.00,177.89
2024/11/08 07:08:00,940.00,180.32
2024/11/08 07:08:00,941.00,181.72
2024/11/08 07:08:00,942.00,180.66
2024/11/08 07:08:00,943.00,178.59
2024/11/08 07:08:00,944.00,177.04
2024/11/08 07:08:00,945.00,178.52
2024/11/08 07:08:00,946.00,177.96
2024/11/08 07:08:00,947.00,178.44
2024/11/08 07:08:00,948.00,180.56
2024/11/08 07:08:00,949.00,181.08
2024/11/08 07:08:00,950.00,182.72
2024/11/08 07:08:00,951.00,184.22
2024/11/08 07:08:00,952.00,185.32
2024/11/08 07:08:00,953.00,186.74
2024/11/08 07:08:00,954.00,187.34
2024/11/08 07:08:00,955.00,190.08
2024/11/08 07:08:00,956.00,192.23
2024/11/08 07:08:00,957.00,193.96
2024/11/08 07:08:00,958.00,195.98
2024/11/08 07:08:00,959.00,199.26
2024/11/08 07:08:00,960.00,201.81
2024/11/08 07:08:00,961.00,204.15
2024/11/08 07:08:00,962.00,207.52
2024/11/08 07:08:00,963.00,211.44
2024/11/08 07:08:00,964.00,214.51
2024/11/08 07:08:00,965.00,218.86
2024/11/08 07:08:00,966.00,224.99
2024/11/08 07:08:00,967.00,229.55
2024/11/08 07:08:00,968.00,234.70
2024/11/08 07:08:00,969.00,238.95
2024/11/08 07:08:00,970.00,241.42
2024/11/08 07:08:00,971.00,242.83
2024/11/08 07:08:00,972.00,242.18
2024/11/08 07:08:00,973.00,242.06
2024/11/08 07:08:00,974.00,240.75
2024/11/08 07:08:00,975.00,238.95
2024/11/08 07:08:00,976.00,239.79
2024/11/08 07:08:00,977.00,240.41
2024/11/08 07:08:00,978.00,241.83
2024/11/08 07:08:00,979.00,244.09
2024/11/08 07:08:00,980.00,246.69
2024/11/08 07:08:00,981.00,249.45
2024/11/08 07:08:00,982.00,251.27
2024/11/08 07:08:00,983.00,253.40
2024/11/08 07:08:00,984.00,255.06
2024/11/08 07:08:00,985.00,255.23
2024/11/08 07:08:00,986.00,256.47
2024/11/08 07:08:00,987.00,257.72
2024/11/08 07:08:00,988.00,257.75
2024/11/08 07:08:00,989.00,258.08
2024/11/08 07:08:00,990.00,259.09
2024/11/08 07:08:00,991.00,259.54
2024/11/08 07:08:00,992.00,259.54
2024/11/08 07:08:00,993.00,259.11
2024/11/08 07:08:00,994.00,259.76
2024/11/08 07:08:00,995.00,258.64
2024/11/08 07:08:00,996.00,257.23
2024/11/08 07:08:00,997.00,256.93
2024/11/08 07:08:00,998.00,256.24
2024/11/08 07:08:00,999.00,255.40
2024/11/08 07:08:00,1000.00,254.25
2024/11/08 07:08:00,1001.00,254.57
2024/11/08 07:08:00,1002.00,253.05
2024/11/08 07:08:00,1003.00,251.34
2024/11/08 07:08:00,1004.00,251.97
2024/11/08 07:08:00,1005.00,250.43
2024/11/08 07:08:00,1006.00,249.65
2024/11/08 07:08:00,1007.00,250.08
2024/11/08 07:08:00,1008.00,249.37
2024/11/08 07:08:00,1009.00,249.62
2024/11/08 07:08:00,1010.00,248.80
2024/11/08 07:08:00,1011.00,248.75
2024/11/08 07:08:00,1012.00,249.59
2024/11/08 07:08:00,1013.00,248.33
2024/11/08 07:08:00,1014.00,248.10
2024/11/08 07:08:00,1015.00,248.76
2024/11/08 07:08:00,1016.00,248.09
2024/11/08 07:08:00,1017.00,246.51
2024/11/08 07:08:00,1018.00,246.18
2024/11/08 07:08:00,1019.00,245.69
2024/11/08 07:08:00,1020.00,243.82
2024/11/08 07:08:00,1021.00,243.18
2024/11/08 07:08:00,1022.00,244.19
2024/11/08 07:08:00,1023.00,244.48
2024/11/08 07:08:00,1024.00,244.28
2024/11/08 07:08:00,1025.00,245.97
2024/11/08 07:08:00,1026.00,244.86
2024/11/08 07:08:00,1027.00,244.11
2024/11/08 07:08:00,1028.00,242.22
2024/11/08 07:08:00,1029.00,240.84
2024/11/08 07:08:00,1030.00,239.18
2024/11/08 07:08:00,1031.00,237.18
2024/11/08 07:08:00,1032.00,239.00
2024/11/08 07:08:00,1033.00,238.90
2024/11/08 07:08:00,1034.00,239.16
2024/11/08 07:08:00,1035.00,241.50
2024/11/08 07:08:00,1036.00,241.09
2024/11/08 07:08:00,1037.00,239.71
2024/11/08 07:08:00,1038.00,237.81
2024/11/08 07:08:00,1039.00,236.22
2024/11/08 07:08:00,1040.00,235.28
2024/11/08 07:08:00,1041.00,231.36
2024/11/08 07:08:00,1042.00,232.35
2024/11/08 07:08:00,1043.00,231.94
2024/11/08 07:08:00,1044.00,229.17
2024/11/08 07:08:00,1045.00,228.97
2024/11/08 07:08:00,1046.00,229.74
2024/11/08 07:08:00,1047.00,230.84
2024/11/08 07:08:00,1048.00,229.10
2024/11/08 07:08:00,1049.00,230.13
2024/11/08 07:08:00,1050.00,230.33
2024/11/08 07:08:00,1051.00,229.75
2024/11/08 07:08:00,1052.00,228.38
2024/11/08 07:08:00,1053.00,229.85
2024/11/08 07:08:00,1054.00,227.69
2024/11/08 07:08:00,1055.00,225.24
2024/11/08 07:08:00,1056.00,224.49
2024/11/08 07:08:00,1057.00,223.40
2024/11/08 07:08:00,1058.00,220.56
2024/11/08 07:08:00,1059.00,220.45
2024/11/08 07:08:00,1060.00,223.92
2024/11/08 07:08:00,1061.00,223.11
2024/11/08 07:08:00,1062.00,222.37
2024/11/08 07:08:00,1063.00,225.17
2024/11/08 07:08:00,1064.00,224.62
2024/11/08 07:08:00,1065.00,222.40
2024/11/08 07:08:00,1066.00,221.97
2024/11/08 07:08:00,1067.00,223.37
2024/11/08 07:08:00,1068.00,222.85
2024/11/08 07:08:00,1069.00,220.90
2024/11/08 07:08:00,1070.00,224.48
2024/11/08 07:08:00,1071.00,222.38
2024/11/08 07:08:00,1072.00,217.37
2024/11/08 07:08:00,1073.00,220.55
2024/11/08 07:08:00,1074.00,217.89
2024/11/08 07:08:00,1075.00,217.06
2024/11/08 07:08:00,1076.00,213.47
2024/11/08 07:08:00,1077.00,216.25
2024/11/08 07:08:00,1078.00,216.27
2024/11/08 07:08:00,1079.00,210.38
2024/11/08 07:08:00,1080.00,216.55
2024/11/08 07:08:00,1081.00,218.51
2024/11/08 07:08:00,1082.00,215.49
2024/11/08 07:08:00,1083.00,219.75
2024/11/08 07:08:00,1084.00,218.61
2024/11/08 07:08:00,1085.00,216.57
2024/11/08 07:08:00,1086.00,209.41
2024/11/08 07:08:00,1087.00,208.02
2024/11/08 07:08:00,1088.00,210.20
2024/11/08 07:08:00,1089.00,204.28
2024/11/08 07:08:00,1090.00,209.84
2024/11/08 07:08:00,1091.00,215.22
2024/11/08 07:08:00,1092.00,211.26
2024/11/08 07:08:00,1093.00,211.80
2024/11/08 07:08:00,1094.00,213.32
2024/11/08 07:08:00,1095.00,211.36
2024/11/08 07:08:00,1096.00,203.59
2024/11/08 07:08:00,1097.00,205.03
2024/11/08 07:08:00,1098.00,207.23
2024/11/08 07:08:00,1099.00,202.02
2024/11/08 07:08:00,1100.00,206.71
2024/11/08 07:09:00,Wavelength(nm),Irradiance(W/m2/um)
2024/11/08 07:09:00,300.00,6.75
2024/11/08 07:09:00,301.00,7.39
2024/11/08 07:09:00,302.00,7.84
2024/11/08 07:09:00,303.00,8.70
2024/11/08 07:09:00,304.00,10.02
2024/11/08 07:09:00,305.00,11.28
2024/11/08 07:09:00,306.00,12.54
2024/11/08 07:09:00,307.00,14.36
2024/11/08 07:09:00,308.00,16.72
2024/11/08 07:09:00,309.00,19.36
2024/11/08 07:09:00,310.00,22.78
2024/11/08 07:09:00,311.00,26.53
2024/11/08 07:09:00,312.00,30.99
2024/11/08 07:09:00,313.00,35.55
2024/11/08 07:09:00,314.00,40.80
2024/11/08 07:09:00,315.00,46.43
2024/11/08 07:09:00,316.00,52.74
2024/11/08 07:09:00,317.00,59.13
2024/11/08 07:09:00,318.00,65.75
2024/11/08 07:09:00,319.00,71.83
2024/11/08 07:09:00,320.00,77.80
2024/11/08 07:09:00,321.00,83.93
2024/11/08 07:09:00,322.00,91.16
2024/11/08 07:09:00,323.00,99.90
2024/11/08 07:09:00,324.00,109.03
2024/11/08 07:09:00,325.00,118.60
2024/11/08 07:09:00,326.00,129.14
2024/11/08 07:09:00,327.00,138.77
2024/11/08 07:09:00,328.00,146.62
2024/11/08 07:09:00,329.00,153.57
2024/11/08 07:09:00,330.00,159.46
2024/11/08 07:09:00,331.00,163.82
2024/11/08 07:09:00,332.00,166.44
2024/11/08 07:09:00,333.00,167.57
2024/11/08 07:09:00,334.00,168.39
2024/11/08 07:09:00,335.00,169.22
2024/11/08 07:09:00,336.00,170.38
2024/11/08 07:09:00,337.00,172.45
2024/11/08 07:09:00,338.00,175.58
2024/11/08 07:09:00,339.00,179.15
2024/11/08 07:09:00,340.00,182.40
2024/11/08 07:09:00,341.00,184.18
2024/11/08 07:09:00,342.00,185.17
2024/11/08 07:09:00,343.00,186.05
2024/11/08 07:09:00,344.00,186.31
2024/11/08 07:09:00,345.00,186.51
2024/11/08 07:09:00,346.00,187.32
2024/11/08 07:09:00,347.00,189.35
2024/11/08 07:09:00,348.00,192.25
2024/11/08 07:09:00,349.00,195.31
2024/11/08 07:09:00,350.00,198.65
2024/11/08 07:09:00,351.00,203.58
2024/11/08 07:09:00,352.00,207.85
2024/11/08 07:09:00,353.00,210.55
2024/11/08 07:09:00,354.00,210.65
2024/11/08 07:09:00,355.00,207.97
2024/11/08 07:09:00,356.00,204.69
2024/11/08 07:09:00,357.00,201.96
2024/11/08 07:09:00,358.00,199.65
2024/11/08 07:09:00,359.00,199.93
2024/11/08 07:09:00,360.00,204.57
2024/11/08 07:09:00,361.00,209.55
2024/11/08 07:09:00,362.00,215.72
2024/11/08 07:09:00,363.00,224.63
2024/11/08 07:09:00,364.00,234.90
2024/11/08 07:09:00,365.00,243.27
2024/11/08 07:09:00,366.00,250.45
2024/11/08 07:09:00,367.00,256.03
2024/11/08 07:09:00,368.00,258.79
2024/11/08 07:09:00,369.00,258.26
2024/11/08 07:09:00,370.00,254.77
2024/11/08 07:09:00,371.00,248.55
2024/11/08 07:09:00,372.00,242.43
2024/11/08 07:09:00,373.00,238.59
2024/11/08 07:09:00,374.00,239.17
2024/11/08 07:09:00,375.00,245.78
2024/11/08 07:09:00,376.00,254.82
2024/11/08 07:09:00,377.00,263.22
2024/11/08 07:09:00,378.00,269.08
2024/11/08 07:09:00,379.00,267.39
2024/11/08 07:09:00,380.00,256.60
2024/11/08 07:09:00,381.00,243.97
2024/11/08 07:09:00,382.00,233.92
2024/11/08 07:09:00,383.00,226.29
2024/11/08 07:09:00,384.00,223.59
2024/11/08 07:09:00,385.00,227.68
2024/11/08 07:09:00,386.00,235.56
2024/11/08 07:09:00,387.00,245.27
2024/11/08 07:09:00,388.00,256.52
2024/11/08 07:09:00,389.00,266.20
2024/11/08 07:09:00,390.00,267.87
2024/11/08 07:09:00,391.00,263.71
2024/11/08 07:09:00,392.00,260.08
2024/11/08 07:09:00,393.00,254.07
2024/11/08 07:09:00,394.00,246.50
2024/11/08 07:09:00,395.00,250.65
2024/11/08 07:09:00,396.00,269.77
2024/11/08 07:09:00,397.00,292.42
2024/11/08 07:09:00,398.00,318.82
2024/11/08 07:09:00,399.00,350.78
2024/11/08 07:09:00,400.00,380.16
2024/11/08 07:09:00,401.00,398.60
2024/11/08 07:09:00,402.00,408.85
2024/11/08 07:09:00,403.00,411.63
2024/11/08 07:09:00,404.00,409.98
2024/11/08 07:09:00,405.00,407.98
2024/11/08 07:09:00,406.00,407.81
2024/11/08 07:09:00,407.00,408.13
2024/11/08 07:09:00,408.00,410.44
2024/11/08 07:09:00,409.00,416.33
2024/11/08 07:09:00,410.00,422.28
2024/11/08 07:09:00,411.00,427.64
2024/11/08 07:09:00,412.00,432.97
2024/11/08 07:09:00,413.00,439.09
2024/11/08 07:09:00,414.00,442.65
2024/11/08 07:09:00,415.00,443.96
2024/11/08 07:09:00,416.00,443.52
2024/11/08 07:09:00,417.00,443.51
2024/11/08 07:09:00,418.00,443.76
2024/11/08 07:09:00,419.00,444.51
2024/11/08 07:09:00,420.00,444.97
2024/11/08 07:09:00,421.00,446.25
2024/11/08 07:09:00,422.00,446.91
2024/11/08 07:09:00,423.00,446.73
2024/11/08 07:09:00,424.00,444.80
2024/11/08 07:09:00,425.00,443.38
2024/11/08 07:09:00,426.00,439.88
2024/11/08 07:09:00,427.00,431.81
2024/11/08 07:09:00,428.00,420.46
2024/11/08 07:09:00,429.00,413.92
2024/11/08 07:09:00,430.00,413.57
2024/11/08 07:09:00,431.00,417.89
2024/11/08 07:09:00,432.00,429.34
2024/11/08 07:09:00,433.00,447.64
2024/11/08 07:09:00,434.00,464.72
2024/11/08 07:09:00,435.00,473.70
2024/11/08 07:09:00,436.00,479.08
2024/11/08 07:09:00,437.00,482.46
2024/11/08 07:09:00,438.00,485.20
2024/11/08 07:09:00,439.00,488.61
2024/11/08 07:09:00,440.00,496.44
2024/11/08 07:09:00,441.00,506.88
2024/11/08 07:09:00,442.00,517.36
2024/11/08 07:09:00,443.00,524.40
2024/11/08 07:09:00,444.00,530.51
2024/11/08 07:09:00,445.00,535.11
2024/11/08 07:09:00,446.00,539.54
2024/11/08 07:09:00,447.00,547.49
2024/11/08 07:09:00,448.00,558.02
2024/11/08 07:09:00,449.00,566.60
2024/11/08 07:09:00,450.00,570.72
2024/11/08 07:09:00,451.00,571.79
2024/11/08 07:09:00,452.00,570.63
2024/11/08 07:09:00,453.00,569.59
2024/11/08 07:09:00,454.00,569.67
2024/11/08 07:09:00,455.00,573.19
2024/11/08 07:09:00,456.00,577.87
2024/11/08 07:09:00,457.00,582.03
2024/11/08 07:09:00,458.00,584.89
2024/11/08 07:09:00,459.00,588.33
2024/11/08 07:09:00,460.00,590.38
2024/11/08 07:09:00,461.00,593.10
2024/11/08 07:09:00,462.00,595.06
2024/11/08 07:09:00,463.00,594.97
2024/11/08 07:09:00,464.00,592.74
2024/11/08 07:09:00,465.00,590.44
2024/11/08 07:09:00,466.00,588.03
2024/11/08 07:09:00,467.00,585.00
2024/11/08 07:09:00,468.00,584.01
2024/11/08 07:09:00,469.00,583.95
2024/11/08 07:09:00,470.00,583.55
2024/11/08 07:09:00,471.00,584.06
2024/11/08 07:09:00,472.00,585.76
2024/11/08 07:09:00,473.00,587.81
2024/11/08 07:09:00,474.00,589.05
2024/11/08 07:09:00,475.00,590.23
2024/11/08 07:09:00,476.00,592.11
2024/11/08 07:09:00,477.00,594.77
2024/11/08 07:09:00,478.00,596.91
2024/11/08 07:09:00,479.00,599.99
2024/11/08 07:09:00,480.00,602.98
2024/11/08 07:09:00,481.00,603.40
2024/11/08 07:09:00,482.00,599.58
2024/11/08 07:09:00,483.00,591.59
2024/11/08 07:09:00,484.00,579.03
2024/11/08 07:09:00,485.00,568.35
2024/11/08 07:09:00,486.00,561.83
2024/11/08 07:09:00,487.00,560.27
2024/11/08 07:09:00,488.00,563.66
2024/11/08 07:09:00,489.00,571.30
2024/11/08 07:09:00,490.00,577.14
2024/11/08 07:09:00,491.00,580.61
2024/11/08 07:09:00,492.00,583.99
2024/11/08 07:09:00,493.00,586.43
2024/11/08 07:09:00,494.00,588.06
2024/11/08 07:09:00,495.00,590.12
2024/11/08 07:09:00,496.00,590.27
2024/11/08 07:09:00,497.00,586.91
2024/11/08 07:09:00,498.00,582.29
2024/11/08 07:09:00,499.00,577.67
2024/11/08 07:09:00,500.00,572.36
2024/11/08 07:09:00,501.00,569.33
2024/11/08 07:09:00,502.00,568.08
2024/11/08 07:09:00,503.00,570.01
2024/11/08 07:09:00,504.00,573.91
2024/11/08 07:09:00,505.00,576.64
2024/11/08 07:09:00,506.00,577.86
2024/11/08 07:09:00,507.00,580.03
2024/11/08 07:09:00,508.00,580.00
2024/11/08 07:09:00,509.00,578.60
2024/11/08 07:09:00,510.00,577.58
2024/11/08 07:09:00,511.00,576.12
2024/11/08 07:09:00,512.00,573.95
2024/11/08 07:09:00,513.00,569.43
2024/11/08 07:09:00,514.00,560.73
2024/11/08 07:09:00,515.00,551.01
2024/11/08 07:09:00,516.00,543.42
2024/11/08 07:09:00,517.00,536.37
2024/11/08 07:09:00,518.00,533.92
2024/11/08 07:09:00,519.00,536.69
2024/11/08 07:09:00,520.00,543.06
2024/11/08 07:09:00,521.00,549.44
2024/11/08 07:09:00,522.00,556.47
2024/11/08 07:09:00,523.00,558.68
2024/11/08 07:09:00,524.00,557.97
2024/11/08 07:09:00,525.00,556.99
2024/11/08 07:09:00,526.00,557.84
2024/11/08 07:09:00,527.00,557.07
2024/11/08 07:09:00,528.00,559.59
2024/11/08 07:09:00,529.00,563.88
2024/11/08 07:09:00,530.00,566.24
2024/11/08 07:09:00,531.00,566.58
2024/11/08 07:09:00,532.00,567.49
2024/11/08 07:09:00,533.00,567.01
2024/11/08 07:09:00,534.00,567.90
2024/11/08 07:09:00,535.00,568.64
2024/11/08 07:09:00,536.00,568.15
2024/11/08 07:09:00,537.00,567.00
2024/11/08 07:09:00,538.00,563.63
2024/11/08 07:09:00,539.00,559.80
2024/11/08 07:09:00,540.00,557.73
2024/11/08 07:09:00,541.00,556.69
2024/11/08 07:09:00,542.00,556.44
2024/11/08 07:09:00,543.00,558.07
2024/11/08 07:09:00,544.00,559.63
2024/11/08 07:09:00,545.00,561.51
2024/11/08 07:09:00,546.00,562.18
2024/11/08 07:09:00,547.00,562.04
2024/11/08 07:09:00,548.00,561.77
2024/11/08 07:09:00,549.00,560.43
2024/11/08 07:09:00,550.00,559.53
2024/11/08 07:09:00,551.00,559.62
2024/11/08 07:09:00,552.00,559.17
2024/11/08 07:09:00,553.00,559.45
2024/11/08 07:09:00,554.00,559.16
2024/11/08 07:09:00,555.00,556.87
2024/11/08 07:09:00,556.00,553.65
2024/11/08 07:09:00,557.00,549.65
2024/11/08 07:09:00,558.00,546.28
2024/11/08 07:09:00,559.00,545.02
2024/11/08 07:09:00,560.00,542.89
2024/11/08 07:09:00,561.00,542.58
2024/11/08 07:09:00,562.00,541.99
2024/11/08 07:09:00,563.00,540.64
2024/11/08 07:09:00,564.00,539.59
2024/11/08 07:09:00,565.00,538.97
2024/11/08 07:09:00,566.00,537.30
2024/11/08 07:09:00,567.00,537.35
2024/11/08 07:09:00,568.00,535.16
2024/11/08 07:09:00,569.00,532.62
2024/11/08 07:09:00,570.00,532.13
2024/11/08 07:09:00,571.00,531.75
2024/11/08 07:09:00,572.00,530.17
2024/11/08 07:09:00,573.00,530.67
2024/11/08 07:09:00,574.00,530.35
2024/11/08 07:09:00,575.00,528.71
2024/11/08 07:09:00,576.00,527.10
2024/11/08 07:09:00,577.00,526.87
2024/11/08 07:09:00,578.00,528.28
2024/11/08 07:09:00,579.00,529.24
2024/11/08 07:09:00,580.00,531.85
2024/11/08 07:09:00,581.00,534.87
2024/11/08 07:09:00,582.00,536.04
2024/11/08 07:09:00,583.00,536.70
2024/11/08 07:09:00,584.00,538.59
2024/11/08 07:09:00,585.00,536.72
2024/11/08 07:09:00,586.00,533.57
2024/11/08 07:09:00,587.00,529.42
2024/11/08 07:09:00,588.00,525.52
2024/11/08 07:09:00,589.00,522.91
2024/11/08 07:09:00,590.00,520.95
2024/11/08 07:09:00,591.00,521.74
2024/11/08 07:09:00,592.00,523.85
2024/11/08 07:09:00,593.00,524.59
2024/11/08 07:09:00,594.00,525.13
2024/11/08 07:09:00,595.00,525.56
2024/11/08 07:09:00,596.00,523.50
2024/11/08 07:09:00,597.00,523.74
2024/11/08 07:09:00,598.00,522.63
2024/11/08 07:09:00,599.00,519.76
2024/11/08 07:09:00,600.00,519.38
2024/11/08 07:09:00,601.00,519.91
2024/11/08 07:09:00,602.00,519.39
2024/11/08 07:09:00,603.00,519.41
2024/11/08 07:09:00,604.00,520.24
2024/11/08 07:09:00,605.00,519.92
2024/11/08 07:09:00,606.00,519.30
2024/11/08 07:09:00,607.00,518.30
2024/11/08 07:09:00,608.00,517.76
2024/11/08 07:09:00,609.00,516.74
2024/11/08 07:09:00,610.00,515.45
2024/11/08 07:09:00,611.00,514.30
2024/11/08 07:09:00,612.00,512.13
2024/11/08 07:09:00,613.00,510.47
2024/11/08 07:09:00,614.00,508.97
2024/11/08 07:09:00,615.00,506.73
2024/11/08 07:09:00,616.00,506.02
2024/11/08 07:09:00,617.00,506.87
2024/11/08 07:09:00,618.00,507.27
2024/11/08 07:09:00,619.00,507.75
2024/11/08 07:09:00,620.00,508.26
2024/11/08 07:09:00,621.00,508.11
2024/11/08 07:09:00,622.00,506.91
2024/11/08 07:09:00,623.00,504.42
2024/11/08 07:09:00,624.00,503.60
2024/11/08 07:09:00,625.00,501.61
2024/11/08 07:09:00,626.00,498.15
2024/11/08 07:09:00,627.00,495.48
2024/11/08 07:09:00,628.00,493.30
2024/11/08 07:09:00,629.00,491.01
2024/11/08 07:09:00,630.00,491.60
2024/11/08 07:09:00,631.00,491.75
2024/11/08 07:09:00,632.00,493.11
2024/11/08 07:09:00,633.00,495.90
2024/11/08 07:09:00,634.00,497.34
2024/11/08 07:09:00,635.00,498.62
2024/11/08 07:09:00,636.00,501.80
2024/11/08 07:09:00,637.00,502.31
2024/11/08 07:09:00,638.00,502.96
2024/11/08 07:09:00,639.00,504.23
2024/11/08 07:09:00,640.00,504.82
2024/11/08 07:09:00,641.00,504.65
2024/11/08 07:09:00,642.00,505.48
2024/11/08 07:09:00,643.00,506.42
2024/11/08 07:09:00,644.00,506.55
2024/11/08 07:09:00,645.00,504.82
2024/11/08 07:09:00,646.00,503.97
2024/11/08 07:09:00,647.00,502.28
2024/11/08 07:09:00,648.00,500.56
2024/11/08 07:09:00,649.00,500.53
2024/11/08 07:09:00,650.00,501.00
2024/11/08 07:09:00,651.00,500.44
2024/11/08 07:09:00,652.00,499.35
2024/11/08 07:09:00,653.00,493.38
2024/11/08 07:09:00,654.00,486.71
2024/11/08 07:09:00,655.00,482.68
2024/11/08 07:09:00,656.00,479.16
2024/11/08 07:09:00,657.00,479.48
2024/11/08 07:09:00,658.00,484.28
2024/11/08 07:09:00,659.00,489.48
2024/11/08 07:09:00,660.00,493.58
2024/11/08 07:09:00,661.00,496.77
2024/11/08 07:09:00,662.00,498.83
2024/11/08 07:09:00,663.00,500.25
2024/11/08 07:09:00,664.00,500.39
2024/11/08 07:09:00,665.00,501.61
2024/11/08 07:09:00,666.00,502.85
2024/11/08 07:09:00,667.00,503.37
2024/11/08 07:09:00,668.00,503.66
2024/11/08 07:09:00,669.00,504.65
2024/11/08 07:09:00,670.00,503.83
2024/11/08 07:09:00,671.00,502.48
2024/11/08 07:09:00,672.00,501.85
2024/11/08 07:09:00,673.00,502.04
2024/11/08 07:09:00,674.00,501.29
2024/11/08 07:09:00,675.00,501.06
2024/11/08 07:09:00,676.00,501.23
2024/11/08 07:09:00,677.00,500.46
2024/11/08 07:09:00,678.00,500.18
2024/11/08 07:09:00,679.00,500.23
2024/11/08 07:09:00,680.00,499.84
2024/11/08 07:09:00,681.00,499.38
2024/11/08 07:09:00,682.00,498.67
2024/11/08 07:09:00,683.00,493.39
2024/11/08 07:09:00,684.00,481.93
2024/11/08 07:09:00,685.00,467.30
2024/11/08 07:09:00,686.00,452.68
2024/11/08 07:09:00,687.00,437.81
2024/11/08 07:09:00,688.00,427.06
2024/11/08 07:09:00,689.00,425.46
2024/11/08 07:09:00,690.00,429.86
2024/11/08 07:09:00,691.00,435.61
2024/11/08 07:09:00,692.00,444.07
2024/11/08 07:09:00,693.00,452.44
2024/11/08 07:09:00,694.00,458.49
2024/11/08 07:09:00,695.00,463.57
2024/11/08 07:09:00,696.00,466.89
2024/11/08 07:09:00,697.00,468.22
2024/11/08 07:09:00,698.00,469.51
2024/11/08 07:09:00,699.00,469.43
2024/11/08 07:09:00,700.00,468.38
2024/11/08 07:09:00,701.00,469.07
2024/11/08 07:09:00,702.00,469.39
2024/11/08 07:09:00,703.00,470.08
2024/11/08 07:09:00,704.00,470.81
2024/11/08 07:09:00,705.00,472.12
2024/11/08 07:09:00,706.00,472.78
2024/11/08 07:09:00,707.00,471.07
2024/11/08 07:09:00,708.00,471.61
2024/11/08 07:09:00,709.00,472.68
2024/11/08 07:09:00,710.00,472.24
2024/11/08 07:09:00,711.00,472.04
2024/11/08 07:09:00,712.00,472.51
2024/11/08 07:09:00,713.00,470.25
2024/11/08 07:09:00,714.00,465.69
2024/11/08 07:09:00,715.00,459.56
2024/11/08 07:09:00,716.00,452.31
2024/11/08 07:09:00,717.00,444.64
2024/11/08 07:09:00,718.00,436.99
2024/11/08 07:09:00,719.00,432.13
2024/11/08 07:09:00,720.00,430.36
2024/11/08 07:09:00,721.00,427.36
2024/11/08 07:09:00,722.00,425.48
2024/11/08 07:09:00,723.00,424.98
2024/11/08 07:09:00,724.00,424.67
2024/11/08 07:09:00,725.00,424.38
2024/11/08 07:09:00,726.00,424.83
2024/11/08 07:09:00,727.00,427.15
2024/11/08 07:09:00,728.00,430.16
2024/11/08 07:09:00,729.00,431.36
2024/11/08 07:09:00,730.00,433.57
2024/11/08 07:09:00,731.00,437.46
2024/11/08 07:09:00,732.00,439.33
2024/11/08 07:09:00,733.00,439.79
2024/11/08 07:09:00,734.00,442.33
2024/11/08 07:09:00,735.00,443.84
2024/11/08 07:09:00,736.00,443.95
2024/11/08 07:09:00,737.00,443.37
2024/11/08 07:09:00,738.00,443.93
2024/11/08 07:09:00,739.00,442.77
2024/11/08 07:09:00,740.00,441.97
2024/11/08 07:09:00,741.00,442.03
2024/11/08 07:09:00,742.00,442.44
2024/11/08 07:09:00,743.00,442.17
2024/11/08 07:09:00,744.00,442.16
2024/11/08 07:09:00,745.00,441.90
2024/11/08 07:09:00,746.00,440.96
2024/11/08 07:09:00,747.00,440.34
2024/11/08 07:09:00,748.00,439.52
2024/11/08 07:09:00,749.00,439.19
2024/11/08 07:09:00,750.00,438.56
2024/11/08 07:09:00,751.00,439.17
2024/11/08 07:09:00,752.00,438.57
2024/11/08 07:09:00,753.00,438.70
2024/11/08 07:09:00,754.00,439.69
2024/11/08 07:09:00,755.00,436.46
2024/11/08 07:09:00,756.00,424.10
2024/11/08 07:09:00,757.00,400.85
2024/11/08 07:09:00,758.00,366.35
2024/11/08 07:09:00,759.00,329.87
2024/11/08 07:09:00,760.00,294.82
2024/11/08 07:09:00,761.00,266.19
2024/11/08 07:09:00,762.00,251.97
2024/11/08 07:09:00,763.00,251.37
2024/11/08 07:09:00,764.00,258.08
2024/11/08 07:09:00,765.00,273.53
2024/11/08 07:09:00,766.00,291.38
2024/11/08 07:09:00,767.00,312.93
2024/11/08 07:09:00,768.00,333.58
2024/11/08 07:09:00,769.00,349.49
2024/11/08 07:09:00,770.00,363.78
2024/11/08 07:09:00,771.00,378.01
2024/11/08 07:09:00,772.00,386.71
2024/11/08 07:09:00,773.00,395.69
2024/11/08 07:09:00,774.00,401.79
2024/11/08 07:09:00,775.00,405.12
2024/11/08 07:09:00,776.00,407.40
2024/11/08 07:09:00,777.00,408.22
2024/11/08 07:09:00,778.00,409.19
2024/11/08 07:09:00,779.00,410.48
2024/11/08 07:09:00,780.00,409.25
2024/11/08 07:09:00,781.00,411.93
2024/11/08 07:09:00,782.00,411.24
2024/11/08 07:09:00,783.00,411.45
2024/11/08 07:09:00,784.00,411.83
2024/11/08 07:09:00,785.00,410.75
2024/11/08 07:09:00,786.00,408.57
2024/11/08 07:09:00,787.00,406.73
2024/11/08 07:09:00,788.00,403.86
2024/11/08 07:09:00,789.00,403.55
2024/11/08 07:09:00,790.00,403.29
2024/11/08 07:09:00,791.00,402.23
2024/11/08 07:09:00,792.00,403.96
2024/11/08 07:09:00,793.00,403.87
2024/11/08 07:09:00,794.00,402.98
2024/11/08 07:09:00,795.00,401.38
2024/11/08 07:09:00,796.00,400.30
2024/11/08 07:09:00,797.00,398.67
2024/11/08 07:09:00,798.00,395.02
2024/11/08 07:09:00,799.00,394.60
2024/11/08 07:09:00,800.00,396.70
2024/11/08 07:09:00,801.00,396.14
2024/11/08 07:09:00,802.00,397.01
2024/11/08 07:09:00,803.00,398.94
2024/11/08 07:09:00,804.00,399.08
2024/11/08 07:09:00,805.00,397.15
2024/11/08 07:09:00,806.00,394.48
2024/11/08 07:09:00,807.00,394.04
2024/11/08 07:09:00,808.00,394.38
2024/11/08 07:09:00,809.00,392.32
2024/11/08 07:09:00,810.00,394.07
2024/11/08 07:09:00,811.00,395.09
2024/11/08 07:09:00,812.00,392.69
2024/11/08 07:09:00,813.00,387.62
2024/11/08 07:09:00,814.00,381.72
2024/11/08 07:09:00,815.00,373.63
2024/11/08 07:09:00,816.00,367.55
2024/11/08 07:09:00,817.00,365.45
2024/11/08 07:09:00,818.00,365.31
2024/11/08 07:09:00,819.00,367.45
2024/11/08 07:09:00,820.00,368.35
2024/11/08 07:09:00,821.00,372.02
2024/11/08 07:09:00,822.00,371.79
2024/11/08 07:09:00,823.00,373.77
2024/11/08 07:09:00,824.00,374.37
2024/11/08 07:09:00,825.00,374.75
2024/11/08 07:09:00,826.00,374.84
2024/11/08 07:09:00,827.00,372.52
2024/11/08 07:09:00,828.00,372.16
2024/11/08 07:09:00,829.00,372.81
2024/11/08 07:09:00,830.00,370.25
2024/11/08 07:09:00,831.00,369.84
2024/11/08 07:09:00,832.00,370.77
2024/11/08 07:09:00,833.00,369.10
2024/11/08 07:09:00,834.00,366.36
2024/11/08 07:09:00,835.00,366.57
2024/11/08 07:09:00,836.00,365.30
2024/11/08 07:09:00,837.00,364.31
2024/11/08 07:09:00,838.00,361.09
2024/11/08 07:09:00,839.00,363.49
2024/11/08 07:09:00,840.00,364.08
2024/11/08 07:09:00,841.00,364.11
2024/11/08 07:09:00,842.00,363.33
2024/11/08 07:09:00,843.00,363.73
2024/11/08 07:09:00,844.00,362.97
2024/11/08 07:09:00,845.00,360.90
2024/11/08 07:09:00,846.00,359.52
2024/11/08 07:09:00,847.00,356.74
2024/11/08 07:09:00,848.00,355.35
2024/11/08 07:09:00,849.00,352.69
2024/11/08 07:09:00,850.00,350.53
2024/11/08 07:09:00,851.00,345.63
2024/11/08 07:09:00,852.00,340.04
2024/11/08 07:09:00,853.00,336.43
2024/11/08 07:09:00,854.00,335.45
2024/11/08 07:09:00,855.00,337.31
2024/11/08 07:09:00,856.00,340.34
2024/11/08 07:09:00,857.00,344.97
2024/11/08 07:09:00,858.00,346.85
2024/11/08 07:09:00,859.00,346.98
2024/11/08 07:09:00,860.00,347.25
2024/11/08 07:09:00,861.00,347.49
2024/11/08 07:09:00,862.00,345.67
2024/11/08 07:09:00,863.00,342.87
2024/11/08 07:09:00,864.00,339.74
2024/11/08 07:09:00,865.00,337.43
2024/11/08 07:09:00,866.00,336.60
2024/11/08 07:09:00,867.00,336.38
2024/11/08 07:09:00,868.00,337.25
2024/11/08 07:09:00,869.00,339.44
2024/11/08 07:09:00,870.00,338.83
2024/11/08 07:09:00,871.00,337.07
2024/11/08 07:09:00,872.00,336.71
2024/11/08 07:09:00,873.00,335.87
2024/11/08 07:09:00,874.00,335.28
2024/11/08 07:09:00,875.00,335.71
2024/11/08 07:09:00,876.00,337.33
2024/11/08 07:09:00,877.00,336.83
2024/11/08 07:09:00,878.00,337.26
2024/11/08 07:09:00,879.00,337.42
2024/11/08 07:09:00,880.00,335.75
2024/11/08 07:09:00,881.00,335.45
2024/11/08 07:09:00,882.00,335.97
2024/11/08 07:09:00,883.00,335.31
2024/11/08 07:09:00,884.00,334.01
2024/11/08 07:09:00,885.00,333.28
2024/11/08 07:09:00,886.00,332.02
2024/11/08 07:09:00,887.00,331.06
2024/11/08 07:09:00,888.00,330.45
2024/11/08 07:09:00,889.00,329.30
2024/11/08 07:09:00,890.00,328.22
2024/11/08 07:09:00,891.00,325.37
2024/11/08 07:09:00,892.00,322.09
2024/11/08 07:09:00,893.00,317.40
2024/11/08 07:09:00,894.00,312.77
2024/11/08 07:09:00,895.00,306.58
2024/11/08 07:09:00,896.00,301.10
2024/11/08 07:09:00,897.00,295.45
2024/11/08 07:09:00,898.00,288.79
2024/11/08 07:09:00,899.00,284.42
2024/11/08 07:09:00,900.00,282.20
2024/11/08 07:09:00,901.00,281.59
2024/11/08 07:09:00,902.00,282.58
2024/11/08 07:09:00,903.00,285.92
2024/11/08 07:09:00,904.00,287.04
2024/11/08 07:09:00,905.00,286.78
2024/11/08 07:09:00,906.00,284.60
2024/11/08 07:09:00,907.00,281.04
2024/11/08 07:09:00,908.00,278.61
2024/11/08 07:09:00,909.00,276.13
2024/11/08 07:09:00,910.00,275.12
2024/11/08 07:09:00,911.00,274.92
2024/11/08 07:09:00,912.00,274.03
2024/11/08 07:09:00,913.00,272.07
2024/11/08 07:09:00,914.00,270.94
2024/11/08 07:09:00,915.00,270.72
2024/11/08 07:09:00,916.00,270.96
2024/11/08 07:09:00,917.00,272.76
2024/11/08 07:09:00,918.00,275.00
2024/11/08 07:09:00,919.00,276.31
2024/11/08 07:09:00,920.00,277.28
2024/11/08 07:09:00,921.00,277.63
2024/11/08 07:09:00,922.00,277.02
2024/11/08 07:09:00,923.00,275.95
2024/11/08 07:09:00,924.00,275.19
2024/11/08 07:09:00,925.00,273.19
2024/11/08 07:09:00,926.00,268.92
2024/11/08 07:09:00,927.00,262.58
2024/11/08 07:09:00,928.00,253.66
2024/11/08 07:09:00,929.00,240.96
2024/11/08 07:09:00,930.00,226.06
2024/11/08 07:09:00,931.00,211.60
2024/11/08 07:09:00,932.00,198.19
2024/11/08 07:09:00,933.00,185.32
2024/11/08 07:09:00,934.00,175.46
2024/11/08 07:09:00,935.00,170.64
2024/11/08 07:09:00,936.00,169.31
2024/11/08 07:09:00,937.00,170.87
2024/11/08 07:09:00,938.00,176.50
2024/11/08 07:09:00,939.00,180.58
2024/11/08 07:09:00,940.00,182.24
2024/11/08 07:09:00,941.00,182.68
2024/11/08 07:09:00,942.00,180.93
2024/11/08 07:09:00,943.00,178.59
2024/11/08 07:09:00,944.00,176.76
2024/11/08 07:09:00,945.00,178.36
2024/11/08 07:09:00,946.00,178.44
2024/11/08 07:09:00,947.00,178.75
2024/11/08 07:09:00,948.00,181.36
2024/11/08 07:09:00,949.00,182.89
2024/11/08 07:09:00,950.00,183.57
2024/11/08 07:09:00,951.00,184.30
2024/11/08 07:09:00,952.00,186.22
2024/11/08 07:09:00,953.00,186.45
2024/11/08 07:09:00,954.00,187.71
2024/11/08 07:09:00,955.00,189.58
2024/11/08 07:09:00,956.00,192.23
2024/11/08 07:09:00,957.00,194.93
2024/11/08 07:09:00,958.00,196.83
2024/11/08 07:09:00,959.00,200.69
2024/11/08 07:09:00,960.00,204.28
2024/11/08 07:09:00,961.00,207.03
2024/11/08 07:09:00,962.00,210.71
2024/11/08 07:09:00,963.00,214.52
2024/11/08 07:09:00,964.00,218.09
2024/11/08 07:09:00,965.00,221.03
2024/11/08 07:09:00,966.00,226.78
2024/11/08 07:09:00,967.00,231.94
2024/11/08 07:09:00,968.00,236.43
2024/11/08 07:09:00,969.00,241.12
2024/11/08 07:09:00,970.00,244.32
2024/11/08 07:09:00,971.00,244.99
2024/11/08 07:09:00,972.00,244.22
2024/11/08 07:09:00,973.00,244.16
2024/11/08 07:09:00,974.00,243.68
2024/11/08 07:09:00,975.00,244.34
2024/11/08 07:09:00,976.00,245.39
2024/11/08 07:09:00,977.00,246.35
2024/11/08 07:09:00,978.00,247.21
2024/11/08 07:09:00,979.00,247.22
2024/11/08 07:09:00,980.00,248.37
2024/11/08 07:09:00,981.00,249.95
2024/11/08 07:09:00,982.00,252.16
2024/11/08 07:09:00,983.00,254.52
2024/11/08 07:09:00,984.00,256.05
2024/11/08 07:09:00,985.00,257.61
2024/11/08 07:09:00,986.00,258.41
2024/11/08 07:09:00,987.00,259.99
2024/11/08 07:09:00,988.00,260.51
2024/11/08 07:09:00,989.00,260.38
2024/11/08 07:09:00,990.00,261.94
2024/11/08 07:09:00,991.00,261.87
2024/11/08 07:09:00,992.00,261.91
2024/11/08 07:09:00,993.00,262.23
2024/11/08 07:09:00,994.00,262.08
2024/11/08 07:09:00,995.00,261.41
2024/11/08 07:09:00,996.00,260.85
2024/11/08 07:09:00,997.00,260.22
2024/11/08 07:09:00,998.00,260.61
2024/11/08 07:09:00,999.00,259.61
2024/11/08 07:09:00,1000.00,258.51
2024/11/08 07:09:00,1001.00,257.82
2024/11/08 07:09:00,1002.00,255.23
2024/11/08 07:09:00,1003.00,252.96
2024/11/08 07:09:00,1004.00,252.30
2024/11/08 07:09:00,1005.00,251.39
2024/11/08 07:09:00,1006.00,250.76
2024/11/08 07:09:00,1007.00,250.77
2024/11/08 07:09:00,1008.00,251.91
2024/11/08 07:09:00,1009.00,251.55
2024/11/08 07:09:00,1010.00,251.27
2024/11/08 07:09:00,1011.00,251.55
2024/11/08 07:09:00,1012.00,251.10
2024/11/08 07:09:00,1013.00,250.56
2024/11/08 07:09:00,1014.00,250.24
2024/11/08 07:09:00,1015.00,250.45
2024/11/08 07:09:00,1016.00,249.98
2024/11/08 07:09:00,1017.00,248.77
2024/11/08 07:09:00,1018.00,249.11
2024/11/08 07:09:00,1019.00,248.62
2024/11/08 07:09:00,1020.00,247.72
2024/11/08 07:09:00,1021.00,248.04
2024/11/08 07:09:00,1022.00,247.61
2024/11/08 07:09:00,1023.00,247.48
2024/11/08 07:09:00,1024.00,247.29
2024/11/08 07:09:00,1025.00,245.90
2024/11/08 07:09:00,1026.00,246.76
2024/11/08 07:09:00,1027.00,245.06
2024/11/08 07:09:00,1028.00,244.44
2024/11/08 07:09:00,1029.00,245.76
2024/11/08 07:09:00,1030.00,243.47
2024/11/08 07:09:00,1031.00,243.39
2024/11/08 07:09:00,1032.00,241.98
2024/11/08 07:09:00,1033.00,240.38
2024/11/08 07:09:00,1034.00,240.36
2024/11/08 07:09:00,1035.00,239.17
2024/11/08 07:09:00,1036.00,238.49
2024/11/08 07:09:00,1037.00,238.04
2024/11/08 07:09:00,1038.00,237.34
2024/11/08 07:09:00,1039.00,237.20
2024/11/08 07:09:00,1040.00,237.25
2024/11/08 07:09:00,1041.00,237.91
2024/11/08 07:09:00,1042.00,237.49
2024/11/08 07:09:00,1043.00,235.26
2024/11/08 07:09:00,1044.00,235.24
2024/11/08 07:09:00,1045.00,233.64
2024/11/08 07:09:00,1046.00,231.56
2024/11/08 07:09:00,1047.00,232.47
2024/11/08 07:09:00,1048.00,233.87
2024/11/08 07:09:00,1049.00,234.17
2024/11/08 07:09:00,1050.00,232.60
2024/11/08 07:09:00,1051.00,237.41
2024/11/08 07:09:00,1052.00,236.66
2024/11/08 07:09:00,1053.00,234.10
2024/11/08 07:09:00,1054.00,234.52
2024/11/08 07:09:00,1055.00,233.51
2024/11/08 07:09:00,1056.00,230.33
2024/11/08 07:09:00,1057.00,228.88
2024/11/08 07:09:00,1058.00,226.90
2024/11/08 07:09:00,1059.00,227.41
2024/11/08 07:09:00,1060.00,225.52
2024/11/08 07:09:00,1061.00,227.80
2024/11/08 07:09:00,1062.00,230.19
2024/11/08 07:09:00,1063.00,226.97
2024/11/08 07:09:00,1064.00,228.77
2024/11/08 07:09:00,1065.00,226.38
2024/11/08 07:09:00,1066.00,221.83
2024/11/08 07:09:00,1067.00,221.46
2024/11/08 07:09:00,1068.00,216.92
2024/11/08 07:09:00,1069.00,218.77
2024/11/08 07:09:00,1070.00,216.55
2024/11/08 07:09:00,1071.00,215.93
2024/11/08 07:09:00,1072.00,218.57
2024/11/08 07:09:00,1073.00,216.27
2024/11/08 07:09:00,1074.00,217.67
2024/11/08 07:09:00,1075.00,217.85
2024/11/08 07:09:00,1076.00,219.08
2024/11/08 07:09:00,1077.00,221.46
2024/11/08 07:09:00,1078.00,219.05
2024/11/08 07:09:00,1079.00,221.80
2024/11/08 07:09:00,1080.00,221.15
2024/11/08 07:09:00,1081.00,218.22
2024/11/08 07:09:00,1082.00,221.41
2024/11/08 07:09:00,1083.00,220.64
2024/11/08 07:09:00,1084.00,217.65
2024/11/08 07:09:00,1085.00,217.49
2024/11/08 07:09:00,1086.00,215.55
2024/11/08 07:09:00,1087.00,215.28
2024/11/08 07:09:00,1088.00,213.11
2024/11/08 07:09:00,1089.00,215.74
2024/11/08 07:09:00,1090.00,213.27
2024/11/08 07:09:00,1091.00,209.66
2024/11/08 07:09:00,1092.00,207.81
2024/11/08 07:09:00,1093.00,204.17
2024/11/08 07:09:00,1094.00,201.66
2024/11/08 07:09:00,1095.00,203.91
2024/11/08 07:09:00,1096.00,202.34
2024/11/08 07:09:00,1097.00,202.14
2024/11/08 07:09:00,1098.00,198.50
2024/11/08 07:09:00,1099.00,201.31
2024/11/08 07:09:00,1100.00,200.62
2024/11/08 07:10:00,Wavelength(nm),Irradiance(W/m2/um)
2024/11/08 07:10:00,300.00,6.68
2024/11/08 07:10:00,301.00,7.21
2024/11/08 07:10:00,302.00,8.39
2024/11/08 07:10:00,303.00,9.14
2024/11/08 07:10:00,304.00,9.97
2024/11/08 07:10:00,305.00,11.40
2024/11/08 07:10:00,306.00,12.81
2024/11/08 07:10:00,307.00,14.34
2024/11/08 07:10:00,308.00,16.51
2024/11/08 07:10:00,309.00,19.21
2024/11/08 07:10:00,310.00,22.94
2024/11/08 07:10:00,311.00,26.56
2024/11/08 07:10:00,312.00,30.85
2024/11/08 07:10:00,313.00,36.07
2024/11/08 07:10:00,314.00,41.56
2024/11/08 07:10:00,315.00,46.95
2024/11/08 07:10:00,316.00,53.54
2024/11/08 07:10:00,317.00,60.39
2024/11/08 07:10:00,318.00,66.80
2024/11/08 07:10:00,319.00,72.55
2024/11/08 07:10:00,320.00,78.56
2024/11/08 07:10:00,321.00,85.17
2024/11/08 07:10:00,322.00,92.02
2024/11/08 07:10:00,323.00,100.59
2024/11/08 07:10:00,324.00,110.23
2024/11/08 07:10:00,325.00,120.24
2024/11/08 07:10:00,326.00,130.17
2024/11/08 07:10:00,327.00,140.39
2024/11/08 07:10:00,328.00,148.70
2024/11/08 07:10:00,329.00,155.66
2024/11/08 07:10:00,330.00,161.28
2024/11/08 07:10:00,331.00,165.50
2024/11/08 07:10:00,332.00,168.10
2024/11/08 07:10:00,333.00,168.71
2024/11/08 07:10:00,334.00,169.14
2024/11/08 07:10:00,335.00,170.05
2024/11/08 07:10:00,336.00,171.53
2024/11/08 07:10:00,337.00,173.26
2024/11/08 07:10:00,338.00,176.70
2024/11/08 07:10:00,339.00,180.93
2024/11/08 07:10:00,340.00,184.41
2024/11/08 07:10:00,341.00,186.16
2024/11/08 07:10:00,342.00,187.30
2024/11/08 07:10:00,343.00,188.17
2024/11/08 07:10:00,344.00,188.36
2024/11/08 07:10:00,345.00,188.29
2024/11/08 07:10:00,346.00,189.16
2024/11/08 07:10:00,347.00,191.27
2024/11/08 07:10:00,348.00,193.98
2024/11/08 07:10:00,349.00,196.38
2024/11/08 07:10:00,350.00,199.79
2024/11/08 07:10:00,351.00,205.00
2024/11/08 07:10:00,352.00,209.24
2024/11/08 07:10:00,353.00,211.59
2024/11/08 07:10:00,354.00,212.26
2024/11/08 07:10:00,355.00,209.90
2024/11/08 07:10:00,356.00,206.31
2024/11/08 07:10:00,357.00,203.62
2024/11/08 07:10:00,358.00,201.31
2024/11/08 07:10:00,359.00,201.47
2024/11/08 07:10:00,360.00,205.54
2024/11/08 07:10:00,361.00,210.44
2024/11/08 07:10:00,362.00,216.90
2024/11/08 07:10:00,363.00,226.13
2024/11/08 07:10:00,364.00,236.51
2024/11/08 07:10:00,365.00,244.94
2024/11/08 07:10:00,366.00,252.43
2024/11/08 07:10:00,367.00,257.43
2024/11/08 07:10:00,368.00,260.22
2024/11/08 07:10:00,369.00,259.84
2024/11/08 07:10:00,370.00,256.62
2024/11/08 07:10:00,371.00,250.12
2024/11/08 07:10:00,372.00,244.09
2024/11/08 07:10:00,373.00,239.92
2024/11/08 07:10:00,374.00,240.57
2024/11/08 07:10:00,375.00,247.26
2024/11/08 07:10:00,376.00,256.77
2024/11/08 07:10:00,377.00,265.44
2024/11/08 07:10:00,378.00,271.61
2024/11/08 07:10:00,379.00,269.86
2024/11/08 07:10:00,380.00,258.86
2024/11/08 07:10:00,381.00,245.89
2024/11/08 07:10:00,382.00,235.55
2024/11/08 07:10:00,383.00,227.83
2024/11/08 07:10:00,384.00,225.28
2024/11/08 07:10:00,385.00,229.71
2024/11/08 07:10:00,386.00,237.72
2024/11/08 07:10:00,387.00,247.50
2024/11/08 07:10:00,388.00,258.60
2024/11/08 07:10:00,389.00,268.12
2024/11/08 07:10:00,390.00,269.72
2024/11/08 07:10:00,391.00,265.49
2024/11/08 07:10:00,392.00,261.93
2024/11/08 07:10:00,393.00,255.53
2024/11/08 07:10:00,394.00,247.88
2024/11/08 07:10:00,395.00,252.29
2024/11/08 07:10:00,396.00,271.20
2024/11/08 07:10:00,397.00,293.92
2024/11/08 07:10:00,398.00,320.98
2024/11/08 07:10:00,399.00,353.38
2024/11/08 07:10:00,400.00,382.43
2024/11/08 07:10:00,401.00,401.20
2024/11/08 07:10:00,402.00,411.51
2024/11/08 07:10:00,403.00,414.26
2024/11/08 07:10:00,404.00,412.82
2024/11/08 07:10:00,405.00,410.97
2024/11/08 07:10:00,406.00,411.04
2024/11/08 07:10:00,407.00,411.54
2024/11/08 07:10:00,408.00,413.93
2024/11/08 07:10:00,409.00,419.59
2024/11/08 07:10:00,410.00,425.25
2024/11/08 07:10:00,411.00,430.67
2024/11/08 07:10:00,412.00,435.88
2024/11/08 07:10:00,413.00,441.90
2024/11/08 07:10:00,414.00,446.23
2024/11/08 07:10:00,415.00,447.67
2024/11/08 07:10:00,416.00,446.90
2024/11/08 07:10:00,417.00,447.02
2024/11/08 07:10:00,418.00,447.52
2024/11/08 07:10:00,419.00,447.69
2024/11/08 07:10:00,420.00,448.08
2024/11/08 07:10:00,421.00,449.21
2024/11/08 07:10:00,422.00,450.44
2024/11/08 07:10:00,423.00,450.48
2024/11/08 07:10:00,424.00,448.67
2024/11/08 07:10:00,425.00,447.34
2024/11/08 07:10:00,426.00,444.14
2024/11/08 07:10:00,427.00,435.13
2024/11/08 07:10:00,428.00,423.43
2024/11/08 07:10:00,429.00,416.48
2024/11/08 07:10:00,430.00,416.09
2024/11/08 07:10:00,431.00,420.47
2024/11/08 07:10:00,432.00,432.10
2024/11/08 07:10:00,433.00,450.29
2024/11/08 07:10:00,434.00,467.51
2024/11/08 07:10:00,435.00,476.27
2024/11/08 07:10:00,436.00,481.02
2024/11/08 07:10:00,437.00,484.75
2024/11/08 07:10:00,438.00,487.65
2024/11/08 07:10:00,439.00,491.15
2024/11/08 07:10:00,440.00,498.90
2024/11/08 07:10:00,441.00,510.20
2024/11/08 07:10:00,442.00,520.16
2024/11/08 07:10:00,443.00,526.75
2024/11/08 07:10:00,444.00,532.58
2024/11/08 07:10:00,445.00,536.94
2024/11/08 07:10:00,446.00,541.40
2024/11/08 07:10:00,447.00,549.68
2024/11/08 07:10:00,448.00,560.72
2024/11/08 07:10:00,449.00,569.82
2024/11/08 07:10:00,450.00,574.50
2024/11/08 07:10:00,451.00,575.72
2024/11/08 07:10:00,452.00,575.25
2024/11/08 07:10:00,453.00,573.72
2024/11/08 07:10:00,454.00,574.00
2024/11/08 07:10:00,455.00,577.63
2024/11/08 07:10:00,456.00,581.74
2024/11/08 07:10:00,457.00,585.25
2024/11/08 07:10:00,458.00,588.37
2024/11/08 07:10:00,459.00,591.44
2024/11/08 07:10:00,460.00,593.84
2024/11/08 07:10:00,461.00,596.85
2024/11/08 07:10:00,462.00,599.46
2024/11/08 07:10:00,463.00,599.37
2024/11/08 07:10:00,464.00,597.39
2024/11/08 07:10:00,465.00,594.23
2024/11/08 07:10:00,466.00,591.58
2024/11/08 07:10:00,467.00,588.69
2024/11/08 07:10:00,468.00,586.99
2024/11/08 07:10:00,469.00,586.51
2024/11/08 07:10:00,470.00,586.55
2024/11/08 07:10:00,471.00,587.90
2024/11/08 07:10:00,472.00,589.59
2024/11/08 07:10:00,473.00,592.70
2024/11/08 07:10:00,474.00,595.01
2024/11/08 07:10:00,475.00,597.25
2024/11/08 07:10:00,476.00,598.97
2024/11/08 07:10:00,477.00,601.45
2024/11/08 07:10:00,478.00,604.18
2024/11/08 07:10:00,479.00,605.95
2024/11/08 07:10:00,480.00,607.83
2024/11/08 07:10:00,481.00,607.39
2024/11/08 07:10:00,482.00,602.38
2024/11/08 07:10:00,483.00,593.65
2024/11/08 07:10:00,484.00,581.17
2024/11/08 07:10:00,485.00,570.15
2024/11/08 07:10:00,486.00,563.64
2024/11/08 07:10:00,487.00,562.82
2024/11/08 07:10:00,488.00,566.92
2024/11/08 07:10:00,489.00,574.53
2024/11/08 07:10:00,490.00,579.83
2024/11/08 07:10:00,491.00,584.07
2024/11/08 07:10:00,492.00,586.75
2024/11/08 07:10:00,493.00,589.05
2024/11/08 07:10:00,494.00,591.12
2024/11/08 07:10:00,495.00,593.11
2024/11/08 07:10:00,496.00,593.20
2024/11/08 07:10:00,497.00,591.31
2024/11/08 07:10:00,498.00,586.44
2024/11/08 07:10:00,499.00,580.93
2024/11/08 07:10:00,500.00,576.88
2024/11/08 07:10:00,501.00,573.27
2024/11/08 07:10:00,502.00,571.60
2024/11/08 07:10:00,503.00,572.44
2024/11/08 07:10:00,504.00,575.38
2024/11/08 07:10:00,505.00,577.12
2024/11/08 07:10:00,506.00,579.37
2024/11/08 07:10:00,507.00,581.92
2024/11/08 07:10:00,508.00,583.42
2024/11/08 07:10:00,509.00,583.17
2024/11/08 07:10:00,510.00,582.49
2024/11/08 07:10:00,511.00,581.03
2024/11/08 07:10:00,512.00,577.17
2024/11/08 07:10:00,513.00,571.53
2024/11/08 07:10:00,514.00,562.44
2024/11/08 07:10:00,515.00,551.94
2024/11/08 07:10:00,516.00,543.73
2024/11/08 07:10:00,517.00,537.98
2024/11/08 07:10:00,518.00,536.58
2024/11/08 07:10:00,519.00,540.40
2024/11/08 07:10:00,520.00,547.14
2024/11/08 07:10:00,521.00,554.70
2024/11/08 07:10:00,522.00,561.69
2024/11/08 07:10:00,523.00,564.24
2024/11/08 07:10:00,524.00,563.42
2024/11/08 07:10:00,525.00,563.35
2024/11/08 07:10:00,526.00,562.67
2024/11/08 07:10:00,527.00,562.97
2024/11/08 07:10:00,528.00,564.64
2024/11/08 07:10:00,529.00,567.91
2024/11/08 07:10:00,530.00,571.32
2024/11/08 07:10:00,531.00,572.17
2024/11/08 07:10:00,532.00,571.93
2024/11/08 07:10:00,533.00,571.41
2024/11/08 07:10:00,534.00,571.36
2024/11/08 07:10:00,535.00,570.79
2024/11/08 07:10:00,536.00,571.13
2024/11/08 07:10:00,537.00,568.67
2024/11/08 07:10:00,538.00,565.77
2024/11/08 07:10:00,539.00,563.40
2024/11/08 07:10:00,540.00,561.52
2024/11/08 07:10:00,541.00,561.14
2024/11/08 07:10:00,542.00,562.00
2024/11/08 07:10:00,543.00,563.73
2024/11/08 07:10:00,544.00,565.08
2024/11/08 07:10:00,545.00,565.32
2024/11/08 07:10:00,546.00,565.09
2024/11/08 07:10:00,547.00,565.37
2024/11/08 07:10:00,548.00,565.35
2024/11/08 07:10:00,549.00,564.45
2024/11/08 07:10:00,550.00,564.56
2024/11/08 07:10:00,551.00,563.98
2024/11/08 07:10:00,552.00,563.83
2024/11/08 07:10:00,553.00,562.85
2024/11/08 07:10:00,554.00,561.87
2024/11/08 07:10:00,555.00,560.05
2024/11/08 07:10:00,556.00,556.82
2024/11/08 07:10:00,557.00,552.92
2024/11/08 07:10:00,558.00,550.37
2024/11/08 07:10:00,559.00,548.66
2024/11/08 07:10:00,560.00,546.82
2024/11/08 07:10:00,561.00,546.92
2024/11/08 07:10:00,562.00,546.68
2024/11/08 07:10:00,563.00,544.94
2024/11/08 07:10:00,564.00,544.00
2024/11/08 07:10:00,565.00,543.41
2024/11/08 07:10:00,566.00,541.90
2024/11/08 07:10:00,567.00,540.03
2024/11/08 07:10:00,568.00,538.67
2024/11/08 07:10:00,569.00,536.43
2024/11/08 07:10:00,570.00,534.93
2024/11/08 07:10:00,571.00,534.08
2024/11/08 07:10:00,572.00,533.59
2024/11/08 07:10:00,573.00,532.84
2024/11/08 07:10:00,574.00,531.91
2024/11/08 07:10:00,575.00,530.41
2024/11/08 07:10:00,576.00,529.33
2024/11/08 07:10:00,577.00,528.72
2024/11/08 07:10:00,578.00,529.91
2024/11/08 07:10:00,579.00,532.32
2024/11/08 07:10:00,580.00,534.73
2024/11/08 07:10:00,581.00,536.73
2024/11/08 07:10:00,582.00,537.16
2024/11/08 07:10:00,583.00,538.38
2024/11/08 07:10:00,584.00,537.96
2024/11/08 07:10:00,585.00,536.47
2024/11/08 07:10:00,586.00,533.57
2024/11/08 07:10:00,587.00,530.60
2024/11/08 07:10:00,588.00,527.48
2024/11/08 07:10:00,589.00,525.34
2024/11/08 07:10:00,590.00,523.86
2024/11/08 07:10:00,591.00,524.14
2024/11/08 07:10:00,592.00,526.40
2024/11/08 07:10:00,593.00,526.28
2024/11/08 07:10:00,594.00,526.30
2024/11/08 07:10:00,595.00,526.39
2024/11/08 07:10:00,596.00,526.01
2024/11/08 07:10:00,597.00,524.34
2024/11/08 07:10:00,598.00,523.74
2024/11/08 07:10:00,599.00,522.07
2024/11/08 07:10:00,600.00,521.22
2024/11/08 07:10:00,601.00,521.75
2024/11/08 07:10:00,602.00,521.66
2024/11/08 07:10:00,603.00,522.41
2024/11/08 07:10:00,604.00,522.76
2024/11/08 07:10:00,605.00,523.20
2024/11/08 07:10:00,606.00,522.59
2024/11/08 07:10:00,607.00,522.12
2024/11/08 07:10:00,608.00,521.04
2024/11/08 07:10:00,609.00,520.07
2024/11/08 07:10:00,610.00,518.39
2024/11/08 07:10:00,611.00,516.31
2024/11/08 07:10:00,612.00,515.18
2024/11/08 07:10:00,613.00,513.75
2024/11/08 07:10:00,614.00,512.36
2024/11/08 07:10:00,615.00,510.20
2024/11/08 07:10:00,616.00,509.93
2024/11/08 07:10:00,617.00,510.09
2024/11/08 07:10:00,618.00,509.72
2024/11/08 07:10:00,619.00,510.40
2024/11/08 07:10:00,620.00,510.78
2024/11/08 07:10:00,621.00,509.77
2024/11/08 07:10:00,622.00,508.73
2024/11/08 07:10:00,623.00,507.02
2024/11/08 07:10:00,624.00,505.28
2024/11/08 07:10:00,625.00,503.66
2024/11/08 07:10:00,626.00,500.96
2024/11/08 07:10:00,627.00,497.98
2024/11/08 07:10:00,628.00,496.81
2024/11/08 07:10:00,629.00,495.40
2024/11/08 07:10:00,630.00,495.43
2024/11/08 07:10:00,631.00,496.70
2024/11/08 07:10:00,632.00,498.35
2024/11/08 07:10:00,633.00,500.27
2024/11/08 07:10:00,634.00,501.55
2024/11/08 07:10:00,635.00,503.70
2024/11/08 07:10:00,636.00,505.04
2024/11/08 07:10:00,637.00,504.97
2024/11/08 07:10:00,638.00,505.06
2024/11/08 07:10:00,639.00,506.43
2024/11/08 07:10:00,640.00,506.44
2024/11/08 07:10:00,641.00,506.71
2024/11/08 07:10:00,642.00,508.01
2024/11/08 07:10:00,643.00,508.54
2024/11/08 07:10:00,644.00,508.55
2024/11/08 07:10:00,645.00,506.79
2024/11/08 07:10:00,646.00,506.14
2024/11/08 07:10:00,647.00,504.99
2024/11/08 07:10:00,648.00,503.23
2024/11/08 07:10:00,649.00,502.53
2024/11/08 07:10:00,650.00,503.20
2024/11/08 07:10:00,651.00,502.90
2024/11/08 07:10:00,652.00,500.26
2024/11/08 07:10:00,653.00,494.88
2024/11/08 07:10:00,654.00,490.12
2024/11/08 07:10:00,655.00,485.65
2024/11/08 07:10:00,656.00,482.04
2024/11/08 07:10:00,657.00,483.70
2024/11/08 07:10:00,658.00,488.29
2024/11/08 07:10:00,659.00,492.11
2024/11/08 07:10:00,660.00,495.46
2024/11/08 07:10:00,661.00,498.96
2024/11/08 07:10:00,662.00,501.05
2024/11/08 07:10:00,663.00,502.11
2024/11/08 07:10:00,664.00,502.63
2024/11/08 07:10:00,665.00,504.58
2024/11/08 07:10:00,666.00,505.35
2024/11/08 07:10:00,667.00,504.41
2024/11/08 07:10:00,668.00,504.80
2024/11/08 07:10:00,669.00,505.30
2024/11/08 07:10:00,670.00,505.00
2024/11/08 07:10:00,671.00,503.49
2024/11/08 07:10:00,672.00,503.82
2024/11/08 07:10:00,673.00,504.24
2024/11/08 07:10:00,674.00,504.56
2024/11/08 07:10:00,675.00,503.28
2024/11/08 07:10:00,676.00,503.79
2024/11/08 07:10:00,677.00,502.86
2024/11/08 07:10:00,678.00,501.69
2024/11/08 07:10:00,679.00,501.19
2024/11/08 07:10:00,680.00,501.67
2024/11/08 07:10:00,681.00,501.01
2024/11/08 07:10:00,682.00,499.41
2024/11/08 07:10:00,683.00,494.42
2024/11/08 07:10:00,684.00,483.88
2024/11/08 07:10:00,685.00,468.51
2024/11/08 07:10:00,686.00,453.34
2024/11/08 07:10:00,687.00,440.36
2024/11/08 07:10:00,688.00,431.01
2024/11/08 07:10:00,689.00,428.20
2024/11/08 07:10:00,690.00,433.59
2024/11/08 07:10:00,691.00,439.88
2024/11/08 07:10:00,692.00,446.60
2024/11/08 07:10:00,693.00,453.35
2024/11/08 07:10:00,694.00,459.29
2024/11/08 07:10:00,695.00,462.87
2024/11/08 07:10:00,696.00,465.12
2024/11/08 07:10:00,697.00,467.59
2024/11/08 07:10:00,698.00,469.24
2024/11/08 07:10:00,699.00,469.83
2024/11/08 07:10:00,700.00,470.07
2024/11/08 07:10:00,701.00,472.42
2024/11/08 07:10:00,702.00,473.73
2024/11/08 07:10:00,703.00,475.22
2024/11/08 07:10:00,704.00,475.83
2024/11/08 07:10:00,705.00,477.08
2024/11/08 07:10:00,706.00,477.52
2024/11/08 07:10:00,707.00,476.40
2024/11/08 07:10:00,708.00,476.27
2024/11/08 07:10:00,709.00,476.81
2024/11/08 07:10:00,710.00,476.00
2024/11/08 07:10:00,711.00,474.94
2024/11/08 07:10:00,712.00,474.71
2024/11/08 07:10:00,713.00,472.42
2024/11/08 07:10:00,714.00,470.19
2024/11/08 07:10:00,715.00,463.16
2024/11/08 07:10:00,716.00,455.79
2024/11/08 07:10:00,717.00,448.27
2024/11/08 07:10:00,718.00,439.81
2024/11/08 07:10:00,719.00,435.02
2024/11/08 07:10:00,720.00,434.25
2024/11/08 07:10:00,721.00,430.65
2024/11/08 07:10:00,722.00,429.43
2024/11/08 07:10:00,723.00,428.31
2024/11/08 07:10:00,724.00,426.99
2024/11/08 07:10:00,725.00,427.40
2024/11/08 07:10:00,726.00,427.19
2024/11/08 07:10:00,727.00,429.76
2024/11/08 07:10:00,728.00,432.01
2024/11/08 07:10:00,729.00,431.95
2024/11/08 07:10:00,730.00,434.96
2024/11/08 07:10:00,731.00,439.63
2024/11/08 07:10:00,732.00,441.65
2024/11/08 07:10:00,733.00,443.90
2024/11/08 07:10:00,734.00,447.85
2024/11/08 07:10:00,735.00,447.77
2024/11/08 07:10:00,736.00,447.21
2024/11/08 07:10:00,737.00,445.04
2024/11/08 07:10:00,738.00,446.40
2024/11/08 07:10:00,739.00,444.59
2024/11/08 07:10:00,740.00,442.66
2024/11/08 07:10:00,741.00,442.92
2024/11/08 07:10:00,742.00,443.08
2024/11/08 07:10:00,743.00,441.75
2024/11/08 07:10:00,744.00,441.28
2024/11/08 07:10:00,745.00,442.35
2024/11/08 07:10:00,746.00,443.85
2024/11/08 07:10:00,747.00,443.34
2024/11/08 07:10:00,748.00,441.25
2024/11/08 07:10:00,749.00,442.15
2024/11/08 07:10:00,750.00,439.59
2024/11/08 07:10:00,751.00,434.20
2024/11/08 07:10:00,752.00,434.70
2024/11/08 07:10:00,753.00,435.06
2024/11/08 07:10:00,754.00,433.18
2024/11/08 07:10:00,755.00,431.20
2024/11/08 07:10:00,756.00,423.31
2024/11/08 07:10:00,757.00,401.19
2024/11/08 07:10:00,758.00,368.37
2024/11/08 07:10:00,759.00,333.94
2024/11/08 07:10:00,760.00,300.22
2024/11/08 07:10:00,761.00,269.38
2024/11/08 07:10:00,762.00,252.84
2024/11/08 07:10:00,763.00,253.23
2024/11/08 07:10:00,764.00,259.21
2024/11/08 07:10:00,765.00,272.97
2024/11/08 07:10:00,766.00,294.09
2024/11/08 07:10:00,767.00,314.21
2024/11/08 07:10:00,768.00,334.07
2024/11/08 07:10:00,769.00,350.20
2024/11/08 07:10:00,770.00,366.10
2024/11/08 07:10:00,771.00,379.56
2024/11/08 07:10:00,772.00,388.76
2024/11/08 07:10:00,773.00,395.96
2024/11/08 07:10:00,774.00,403.31
2024/11/08 07:10:00,775.00,405.54
2024/11/08 07:10:00,776.00,409.08
2024/11/08 07:10:00,777.00,411.80
2024/11/08 07:10:00,778.00,413.32
2024/11/08 07:10:00,779.00,414.82
2024/11/08 07:10:00,780.00,413.22
2024/11/08 07:10:00,781.00,413.24
2024/11/08 07:10:00,782.00,413.16
2024/11/08 07:10:00,783.00,411.03
2024/11/08 07:10:00,784.00,409.24
2024/11/08 07:10:00,785.00,410.75
2024/11/08 07:10:00,786.00,408.37
2024/11/08 07:10:00,787.00,408.31
2024/11/08 07:10:00,788.00,408.22
2024/11/08 07:10:00,789.00,405.74
2024/11/08 07:10:00,790.00,401.73
2024/11/08 07:10:00,791.00,397.48
2024/11/08 07:10:00,792.00,396.94
2024/11/08 07:10:00,793.00,395.41
2024/11/08 07:10:00,794.00,394.35
2024/11/08 07:10:00,795.00,397.79
2024/11/08 07:10:00,796.00,400.47
2024/11/08 07:10:00,797.00,400.77
2024/11/08 07:10:00,798.00,402.07
2024/11/08 07:10:00,799.00,403.66
2024/11/08 07:10:00,800.00,402.12
2024/11/08 07:10:00,801.00,399.00
2024/11/08 07:10:00,802.00,397.96
2024/11/08 07:10:00,803.00,399.23
2024/11/08 07:10:00,804.00,397.17
2024/11/08 07:10:00,805.00,395.29
2024/11/08 07:10:00,806.00,398.62
2024/11/08 07:10:00,807.00,398.80
2024/11/08 07:10:00,808.00,398.49
2024/11/08 07:10:00,809.00,396.98
2024/11/08 07:10:00,810.00,396.15
2024/11/08 07:10:00,811.00,393.51
2024/11/08 07:10:00,812.00,385.60
2024/11/08 07:10:00,813.00,379.26
2024/11/08 07:10:00,814.00,377.11
2024/11/08 07:10:00,815.00,372.35
2024/11/08 07:10:00,816.00,368.65
2024/11/08 07:10:00,817.00,367.95
2024/11/08 07:10:00,818.00,367.25
2024/11/08 07:10:00,819.00,367.85
2024/11/08 07:10:00,820.00,368.26
2024/11/08 07:10:00,821.00,370.42
2024/11/08 07:10:00,822.00,372.80
2024/11/08 07:10:00,823.00,372.17
2024/11/08 07:10:00,824.00,373.46
2024/11/08 07:10:00,825.00,374.35
2024/11/08 07:10:00,826.00,370.49
2024/11/08 07:10:00,827.00,370.84
2024/11/08 07:10:00,828.00,370.84
2024/11/08 07:10:00,829.00,369.10
2024/11/08 07:10:00,830.00,368.79
2024/11/08 07:10:00,831.00,368.99
2024/11/08 07:10:00,832.00,368.53
2024/11/08 07:10:00,833.00,367.02
2024/11/08 07:10:00,834.00,366.22
2024/11/08 07:10:00,835.00,366.54
2024/11/08 07:10:00,836.00,367.15
2024/11/08 07:10:00,837.00,367.33
2024/11/08 07:10:00,838.00,368.44
2024/11/08 07:10:00,839.00,368.77
2024/11/08 07:10:00,840.00,368.49
2024/11/08 07:10:00,841.00,367.14
2024/11/08 07:10:00,842.00,366.76
2024/11/08 07:10:00,843.00,364.68
2024/11/08 07:10:00,844.00,361.44
2024/11/08 07:10:00,845.00,360.83
2024/11/08 07:10:00,846.00,359.45
2024/11/08 07:10:00,847.00,356.34
2024/11/08 07:10:00,848.00,354.61
2024/11/08 07:10:00,849.00,354.46
2024/11/08 07:10:00,850.00,351.10
2024/11/08 07:10:00,851.00,346.04
2024/11/08 07:10:00,852.00,341.47
2024/11/08 07:10:00,853.00,339.53
2024/11/08 07:10:00,854.00,337.93
2024/11/08 07:10:00,855.00,338.23
2024/11/08 07:10:00,856.00,341.80
2024/11/08 07:10:00,857.00,344.76
2024/11/08 07:10:00,858.00,346.37
2024/11/08 07:10:00,859.00,347.33
2024/11/08 07:10:00,860.00,347.52
2024/11/08 07:10:00,861.00,347.83
2024/11/08 07:10:00,862.00,345.90
2024/11/08 07:10:00,863.00,343.50
2024/11/08 07:10:00,864.00,340.93
2024/11/08 07:10:00,865.00,338.40
2024/11/08 07:10:00,866.00,337.05
2024/11/08 07:10:00,867.00,337.45
2024/11/08 07:10:00,868.00,337.88
2024/11/08 07:10:00,869.00,339.25
2024/11/08 07:10:00,870.00,339.45
2024/11/08 07:10:00,871.00,338.78
2024/11/08 07:10:00,872.00,337.92
2024/11/08 07:10:00,873.00,337.68
2024/11/08 07:10:00,874.00,338.55
2024/11/08 07:10:00,875.00,339.24
2024/11/08 07:10:00,876.00,339.49
2024/11/08 07:10:00,877.00,340.27
2024/11/08 07:10:00,878.00,339.00
2024/11/08 07:10:00,879.00,337.44
2024/11/08 07:10:00,880.00,335.16
2024/11/08 07:10:00,881.00,334.92
2024/11/08 07:10:00,882.00,334.56
2024/11/08 07:10:00,883.00,332.91
2024/11/08 07:10:00,884.00,331.44
2024/11/08 07:10:00,885.00,331.55
2024/11/08 07:10:00,886.00,329.86
2024/11/08 07:10:00,887.00,329.97
2024/11/08 07:10:00,888.00,331.93
2024/11/08 07:10:00,889.00,331.64
2024/11/08 07:10:00,890.00,330.87
2024/11/08 07:10:00,891.00,329.35
2024/11/08 07:10:00,892.00,326.15
2024/11/08 07:10:00,893.00,321.59
2024/11/08 07:10:00,894.00,314.96
2024/11/08 07:10:00,895.00,309.74
2024/11/08 07:10:00,896.00,302.79
2024/11/08 07:10:00,897.00,294.74
2024/11/08 07:10:00,898.00,289.24
2024/11/08 07:10:00,899.00,285.30
2024/11/08 07:10:00,900.00,283.37
2024/11/08 07:10:00,901.00,283.20
2024/11/08 07:10:00,902.00,285.79
2024/11/08 07:10:00,903.00,288.07
2024/11/08 07:10:00,904.00,288.63
2024/11/08 07:10:00,905.00,287.51
2024/11/08 07:10:00,906.00,285.40
2024/11/08 07:10:00,907.00,281.35
2024/11/08 07:10:00,908.00,278.90
2024/11/08 07:10:00,909.00,277.47
2024/11/08 07:10:00,910.00,275.77
2024/11/08 07:10:00,911.00,275.43
2024/11/08 07:10:00,912.00,274.20
2024/11/08 07:10:00,913.00,273.27
2024/11/08 07:10:00,914.00,272.61
2024/11/08 07:10:00,915.00,271.72
2024/11/08 07:10:00,916.00,272.68
2024/11/08 07:10:00,917.00,273.70
2024/11/08 07:10:00,918.00,274.71
2024/11/08 07:10:00,919.00,276.51
2024/11/08 07:10:00,920.00,277.51
2024/11/08 07:10:00,921.00,277.82
2024/11/08 07:10:00,922.00,276.85
2024/11/08 07:10:00,923.00,276.48
2024/11/08 07:10:00,924.00,275.77
2024/11/08 07:10:00,925.00,273.60
2024/11/08 07:10:00,926.00,270.26
2024/11/08 07:10:00,927.00,264.55
2024/11/08 07:10:00,928.00,255.21
2024/11/08 07:10:00,929.00,242.94
2024/11/08 07:10:00,930.00,228.26
2024/11/08 07:10:00,931.00,213.15
2024/11/08 07:10:00,932.00,199.35
2024/11/08 07:10:00,933.00,185.57
2024/11/08 07:10:00,934.00,176.45
2024/11/08 07:10:00,935.00,170.91
2024/11/08 07:10:00,936.00,168.65
2024/11/08 07:10:00,937.00,171.63
2024/11/08 07:10:00,938.00,175.77
2024/11/08 07:10:00,939.00,180.10
2024/11/08 07:10:00,940.00,182.54
2024/11/08 07:10:00,941.00,182.94
2024/11/08 07:10:00,942.00,181.83
2024/11/08 07:10:00,943.00,179.58
2024/11/08 07:10:00,944.00,179.09
2024/11/08 07:10:00,945.00,179.44
2024/11/08 07:10:00,946.00,179.83
2024/11/08 07:10:00,947.00,181.15
2024/11/08 07:10:00,948.00,183.71
2024/11/08 07:10:00,949.00,184.79
2024/11/08 07:10:00,950.00,185.75
2024/11/08 07:10:00,951.00,186.60
2024/11/08 07:10:00,952.00,187.85
2024/11/08 07:10:00,953.00,188.31
2024/11/08 07:10:00,954.00,188.73
2024/11/08 07:10:00,955.00,191.34
2024/11/08 07:10:00,956.00,192.78
2024/11/08 07:10:00,957.00,195.18
2024/11/08 07:10:00,958.00,198.65
2024/11/08 07:10:00,959.00,201.67
2024/11/08 07:10:00,960.00,205.34
2024/11/08 07:10:00,961.00,208.12
2024/11/08 07:10:00,962.00,211.31
2024/11/08 07:10:00,963.00,214.44
2024/11/08 07:10:00,964.00,216.85
2024/11/08 07:10:00,965.00,221.63
2024/11/08 07:10:00,966.00,226.73
2024/11/08 07:10:00,967.00,231.96
2024/11/08 07:10:00,968.00,236.97
2024/11/08 07:10:00,969.00,242.10
2024/11/08 07:10:00,970.00,245.16
2024/11/08 07:10:00,971.00,246.12
2024/11/08 07:10:00,972.00,245.91
2024/11/08 07:10:00,973.00,245.71
2024/11/08 07:10:00,974.00,243.54
2024/11/08 07:10:00,975.00,242.91
2024/11/08 07:10:00,976.00,243.52
2024/11/08 07:10:00,977.00,243.55
2024/11/08 07:10:00,978.00,245.93
2024/11/08 07:10:00,979.00,248.76
2024/11/08 07:10:00,980.00,251.50
2024/11/08 07:10:00,981.00,253.69
2024/11/08 07:10:00,982.00,255.24
2024/11/08 07:10:00,983.00,257.88
2024/11/08 07:10:00,984.00,258.99
2024/11/08 07:10:00,985.00,259.39
2024/11/08 07:10:00,986.00,262.09
2024/11/08 07:10:00,987.00,262.63
2024/11/08 07:10:00,988.00,262.67
2024/11/08 07:10:00,989.00,262.44
2024/11/08 07:10:00,990.00,262.48
2024/11/08 07:10:00,991.00,262.09
2024/11/08 07:10:00,992.00,260.52
2024/11/08 07:10:00,993.00,261.00
2024/11/08 07:10:00,994.00,261.47
2024/11/08 07:10:00,995.00,260.71
2024/11/08 07:10:00,996.00,261.56
2024/11/08 07:10:00,997.00,262.18
2024/11/08 07:10:00,998.00,261.40
2024/11/08 07:10:00,999.00,259.45
2024/11/08 07:10:00,1000.00,258.93
2024/11/08 07:10:00,1001.00,258.12
2024/11/08 07:10:00,1002.00,255.84
2024/11/08 07:10:00,1003.00,254.07
2024/11/08 07:10:00,1004.00,254.09
2024/11/08 07:10:00,1005.00,252.85
2024/11/08 07:10:00,1006.00,252.27
2024/11/08 07:10:00,1007.00,253.35
2024/11/08 07:10:00,1008.00,253.90
2024/11/08 07:10:00,1009.00,253.75
2024/11/08 07:10:00,1010.00,252.02
2024/11/08 07:10:00,1011.00,253.07
2024/11/08 07:10:00,1012.00,251.82
2024/11/08 07:10:00,1013.00,249.85
2024/11/08 07:10:00,1014.00,250.68
2024/11/08 07:10:00,1015.00,249.96
2024/11/08 07:10:00,1016.00,249.81
2024/11/08 07:10:00,1017.00,250.24
2024/11/08 07:10:00,1018.00,251.20
2024/11/08 07:10:00,1019.00,251.40
2024/11/08 07:10:00,1020.00,248.47
2024/11/08 07:10:00,1021.00,248.28
2024/11/08 07:10:00,1022.00,247.73
2024/11/08 07:10:00,1023.00,244.54
2024/11/08 07:10:00,1024.00,246.00
2024/11/08 07:10:00,1025.00,247.87
2024/11/08 07:10:00,1026.00,247.45
2024/11/08 07:10:00,1027.00,247.99
2024/11/08 07:10:00,1028.00,248.24
2024/11/08 07:10:00,1029.00,247.30
2024/11/08 07:10:00,1030.00,244.18
2024/11/08 07:10:00,1031.00,242.56
2024/11/08 07:10:00,1032.00,241.21
2024/11/08 07:10:00,1033.00,240.16
2024/11/08 07:10:00,1034.00,240.12
2024/11/08 07:10:00,1035.00,241.18
2024/11/08 07:10:00,1036.00,242.00
2024/11/08 07:10:00,1037.00,241.48
2024/11/08 07:10:00,1038.00,241.96
2024/11/08 07:10:00,1039.00,241.57
2024/11/08 07:10:00,1040.00,240.05
2024/11/08 07:10:00,1041.00,237.04
2024/11/08 07:10:00,1042.00,237.68
2024/11/08 07:10:00,1043.00,236.19
2024/11/08 07:10:00,1044.00,234.40
2024/11/08 07:10:00,1045.00,234.24
2024/11/08 07:10:00,1046.00,233.34
2024/11/08 07:10:00,1047.00,232.29
2024/11/08 07:10:00,1048.00,230.12
2024/11/08 07:10:00,1049.00,232.25
2024/11/08 07:10:00,1050.00,232.61
2024/11/08 07:10:00,1051.00,231.28
2024/11/08 07:10:00,1052.00,232.83
2024/11/08 07:10:00,1053.00,232.12
2024/11/08 07:10:00,1054.00,230.48
2024/11/08 07:10:00,1055.00,230.94
2024/11/08 07:10:00,1056.00,230.46
2024/11/08 07:10:00,1057.00,232.30
2024/11/08 07:10:00,1058.00,228.48
2024/11/08 07:10:00,1059.00,229.17
2024/11/08 07:10:00,1060.00,229.65
2024/11/08 07:10:00,1061.00,224.85
2024/11/08 07:10:00,1062.00,225.77
2024/11/08 07:10:00,1063.00,225.93
2024/11/08 07:10:00,1064.00,222.91
2024/11/08 07:10:00,1065.00,222.41
2024/11/08 07:10:00,1066.00,224.65
2024/11/08 07:10:00,1067.00,226.17
2024/11/08 07:10:00,1068.00,223.88
2024/11/08 07:10:00,1069.00,222.94
2024/11/08 07:10:00,1070.00,223.64
2024/11/08 07:10:00,1071.00,217.40
2024/11/08 07:10:00,1072.00,217.24
2024/11/08 07:10:00,1073.00,218.51
2024/11/08 07:10:00,1074.00,217.31
2024/11/08 07:10:00,1075.00,217.06
2024/11/08 07:10:00,1076.00,220.16
2024/11/08 07:10:00,1077.00,220.32
2024/11/08 07:10:00,1078.00,217.30
2024/11/08 07:10:00,1079.00,214.64
2024/11/08 07:10:00,1080.00,212.70
2024/11/08 07:10:00,1081.00,209.64
2024/11/08 07:10:00,1082.00,209.25
2024/11/08 07:10:00,1083.00,214.93
2024/11/08 07:10:00,1084.00,217.97
2024/11/08 07:10:00,1085.00,221.79
2024/11/08 07:10:00,1086.00,226.11
2024/11/08 07:10:00,1087.00,227.88
2024/11/08 07:10:00,1088.00,224.30
2024/11/08 07:10:00,1089.00,218.97
2024/11/08 07:10:00,1090.00,217.70
2024/11/08 07:10:00,1091.00,214.49
2024/11/08 07:10:00,1092.00,207.79
2024/11/08 07:10:00,1093.00,214.53
2024/11/08 07:10:00,1094.00,211.55
2024/11/08 07:10:00,1095.00,209.78
2024/11/08 07:10:00,1096.00,212.32
2024/11/08 07:10:00,1097.00,215.23
2024/11/08 07:10:00,1098.00,216.27
2024/11/08 07:10:00,1099.00,208.67
2024/11/08 07:10:00,1100.00,212.15
2024/11/08 07:11:00,Wavelength(nm),Irradiance(W/m2/um)
2024/11/08 07:11:00,300.00,6.84
2024/11/08 07:11:00,301.00,7.63
2024/11/08 07:11:00,302.00,8.46
2024/11/08 07:11:00,303.00,9.37
2024/11/08 07:11:00,304.00,10.43
2024/11/08 07:11:00,305.00,11.51
2024/11/08 07:11:00,306.00,12.94
2024/11/08 07:11:00,307.00,14.75
2024/11/08 07:11:00,308.00,16.99
2024/11/08 07:11:00,309.00,19.92
2024/11/08 07:11:00,310.00,23.60
2024/11/08 07:11:00,311.00,27.60
2024/11/08 07:11:00,312.00,32.05
2024/11/08 07:11:00,313.00,37.05
2024/11/08 07:11:00,314.00,42.46
2024/11/08 07:11:00,315.00,48.14
2024/11/08 07:11:00,316.00,54.13
2024/11/08 07:11:00,317.00,60.73
2024/11/08 07:11:00,318.00,67.18
2024/11/08 07:11:00,319.00,72.99
2024/11/08 07:11:00,320.00,79.37
2024/11/08 07:11:00,321.00,86.11
2024/11/08 07:11:00,322.00,93.74
2024/11/08 07:11:00,323.00,102.82
2024/11/08 07:11:00,324.00,112.41
2024/11/08 07:11:00,325.00,122.42
2024/11/08 07:11:00,326.00,132.88
2024/11/08 07:11:00,327.00,142.22
2024/11/08 07:11:00,328.00,150.23
2024/11/08 07:11:00,329.00,157.20
2024/11/08 07:11:00,330.00,162.72
2024/11/08 07:11:00,331.00,167.08
2024/11/08 07:11:00,332.00,169.97
2024/11/08 07:11:00,333.00,170.86
2024/11/08 07:11:00,334.00,171.47
2024/11/08 07:11:00,335.00,172.09
2024/11/08 07:11:00,336.00,173.26
2024/11/08 07:11:00,337.00,175.13
2024/11/08 07:11:00,338.00,178.44
2024/11/08 07:11:00,339.00,182.61
2024/11/08 07:11:00,340.00,186.29
2024/11/08 07:11:00,341.00,188.19
2024/11/08 07:11:00,342.00,189.40
2024/11/08 07:11:00,343.00,190.35
2024/11/08 07:11:00,344.00,190.52
2024/11/08 07:11:00,345.00,190.43
2024/11/08 07:11:00,346.00,191.23
2024/11/08 07:11:00,347.00,193.51
2024/11/08 07:11:00,348.00,196.23
2024/11/08 07:11:00,349.00,198.89
2024/11/08 07:11:00,350.00,202.16
2024/11/08 07:11:00,351.00,207.24
2024/11/08 07:11:00,352.00,211.54
2024/11/08 07:11:00,353.00,214.34
2024/11/08 07:11:00,354.00,214.75
2024/11/08 07:11:00,355.00,212.35
2024/11/08 07:11:00,356.00,208.86
2024/11/08 07:11:00,357.00,205.77
2024/11/08 07:11:00,358.00,203.21
2024/11/08 07:11:00,359.00,203.66
2024/11/08 07:11:00,360.00,208.06
2024/11/08 07:11:00,361.00,213.06
2024/11/08 07:11:00,362.00,219.39
2024/11/08 07:11:00,363.00,228.86
2024/11/08 07:11:00,364.00,239.22
2024/11/08 07:11:00,365.00,247.61
2024/11/08 07:11:00,366.00,255.18
2024/11/08 07:11:00,367.00,260.53
2024/11/08 07:11:00,368.00,263.16
2024/11/08 07:11:00,369.00,262.71
2024/11/08 07:11:00,370.00,259.31
2024/11/08 07:11:00,371.00,253.05
2024/11/08 07:11:00,372.00,246.81
2024/11/08 07:11:00,373.00,242.80
2024/11/08 07:11:00,374.00,243.46
2024/11/08 07:11:00,375.00,250.40
2024/11/08 07:11:00,376.00,259.53
2024/11/08 07:11:00,377.00,268.49
2024/11/08 07:11:00,378.00,274.41
2024/11/08 07:11:00,379.00,272.23
2024/11/08 07:11:00,380.00,261.00
2024/11/08 07:11:00,381.00,248.14
2024/11/08 07:11:00,382.00,237.97
2024/11/08 07:11:00,383.00,230.59
2024/11/08 07:11:00,384.00,228.33
2024/11/08 07:11:00,385.00,232.72
2024/11/08 07:11:00,386.00,240.84
2024/11/08 07:11:00,387.00,250.64
2024/11/08 07:11:00,388.00,262.24
2024/11/08 07:11:00,389.00,271.73
2024/11/08 07:11:00,390.00,273.24
2024/11/08 07:11:00,391.00,268.99
2024/11/08 07:11:00,392.00,265.29
2024/11/08 07:11:00,393.00,258.52
2024/11/08 07:11:00,394.00,250.84
2024/11/08 07:11:00,395.00,255.33
2024/11/08 07:11:00,396.00,274.35
2024/11/08 07:11:00,397.00,297.57
2024/11/08 07:11:00,398.00,324.75
2024/11/08 07:11:00,399.00,357.42
2024/11/08 07:11:00,400.00,387.16
2024/11/08 07:11:00,401.00,406.05
2024/11/08 07:11:00,402.00,416.38
2024/11/08 07:11:00,403.00,419.11
2024/11/08 07:11:00,404.00,417.54
2024/11/08 07:11:00,405.00,415.61
2024/11/08 07:11:00,406.00,415.16
2024/11/08 07:11:00,407.00,415.56
2024/11/08 07:11:00,408.00,418.07
2024/11/08 07:11:00,409.00,423.96
2024/11/08 07:11:00,410.00,429.67
2024/11/08 07:11:00,411.00,435.13
2024/11/08 07:11:00,412.00,440.52
2024/11/08 07:11:00,413.00,446.43
2024/11/08 07:11:00,414.00,450.02
2024/11/08 07:11:00,415.00,451.36
2024/11/08 07:11:00,416.00,451.21
2024/11/08 07:11:00,417.00,451.05
2024/11/08 07:11:00,418.00,451.55
2024/11/08 07:11:00,419.00,452.41
2024/11/08 07:11:00,420.00,453.24
2024/11/08 07:11:00,421.00,454.14
2024/11/08 07:11:00,422.00,455.37
2024/11/08 07:11:00,423.00,455.35
2024/11/08 07:11:00,424.00,453.26
2024/11/08 07:11:00,425.00,451.31
2024/11/08 07:11:00,426.00,448.14
2024/11/08 07:11:00,427.00,439.25
2024/11/08 07:11:00,428.00,427.62
2024/11/08 07:11:00,429.00,420.99
2024/11/08 07:11:00,430.00,421.17
2024/11/08 07:11:00,431.00,425.61
2024/11/08 07:11:00,432.00,437.06
2024/11/08 07:11:00,433.00,455.48
2024/11/08 07:11:00,434.00,473.04
2024/11/08 07:11:00,435.00,482.19
2024/11/08 07:11:00,436.00,486.72
2024/11/08 07:11:00,437.00,490.66
2024/11/08 07:11:00,438.00,493.85
2024/11/08 07:11:00,439.00,497.35
2024/11/08 07:11:00,440.00,504.49
2024/11/08 07:11:00,441.00,516.73
2024/11/08 07:11:00,442.00,527.52
2024/11/08 07:11:00,443.00,534.52
2024/11/08 07:11:00,444.00,540.08
2024/11/08 07:11:00,445.00,545.04
2024/11/08 07:11:00,446.00,550.14
2024/11/08 07:11:00,447.00,558.47
2024/11/08 07:11:00,448.00,568.75
2024/11/08 07:11:00,449.00,577.55
2024/11/08 07:11:00,450.00,582.05
2024/11/08 07:11:00,451.00,582.27
2024/11/08 07:11:00,452.00,581.16
2024/11/08 07:11:00,453.00,580.05
2024/11/08 07:11:00,454.00,580.50
2024/11/08 07:11:00,455.00,582.67
2024/11/08 07:11:00,456.00,586.93
2024/11/08 07:11:00,457.00,590.55
2024/11/08 07:11:00,458.00,593.18
2024/11/08 07:11:00,459.00,596.40
2024/11/08 07:11:00,460.00,599.74
2024/11/08 07:11:00,461.00,603.45
2024/11/08 07:11:00,462.00,604.93
2024/11/08 07:11:00,463.00,604.97
2024/11/08 07:11:00,464.00,603.23
2024/11/08 07:11:00,465.00,600.59
2024/11/08 07:11:00,466.00,597.37
2024/11/08 07:11:00,467.00,596.09
2024/11/08 07:11:00,468.00,595.23
2024/11/08 07:11:00,469.00,595.63
2024/11/08 07:11:00,470.00,595.60
2024/11/08 07:11:00,471.00,597.46
2024/11/08 07:11:00,472.00,599.25
2024/11/08 07:11:00,473.00,600.58
2024/11/08 07:11:00,474.00,601.10
2024/11/08 07:11:00,475.00,602.35
2024/11/08 07:11:00,476.00,603.16
2024/11/08 07:11:00,477.00,604.67
2024/11/08 07:11:00,478.00,607.45
2024/11/08 07:11:00,479.00,611.33
2024/11/08 07:11:00,480.00,614.53
2024/11/08 07:11:00,481.00,613.60
2024/11/08 07:11:00,482.00,611.14
2024/11/08 07:11:00,483.00,603.00
2024/11/08 07:11:00,484.00,589.05
2024/11/08 07:11:00,485.00,576.93
2024/11/08 07:11:00,486.00,571.80
2024/11/08 07:11:00,487.00,568.98
2024/11/08 07:11:00,488.00,572.44
2024/11/08 07:11:00,489.00,579.51
2024/11/08 07:11:00,490.00,585.04
2024/11/08 07:11:00,491.00,589.28
2024/11/08 07:11:00,492.00,591.02
2024/11/08 07:11:00,493.00,593.62
2024/11/08 07:11:00,494.00,597.25
2024/11/08 07:11:00,495.00,600.96
2024/11/08 07:11:00,496.00,600.42
2024/11/08 07:11:00,497.00,599.09
2024/11/08 07:11:00,498.00,594.54
2024/11/08 07:11:00,499.00,588.55
2024/11/08 07:11:00,500.00,581.58
2024/11/08 07:11:00,501.00,578.15
2024/11/08 07:11:00,502.00,577.44
2024/11/08 07:11:00,503.00,578.28
2024/11/08 07:11:00,504.00,581.14
2024/11/08 07:11:00,505.00,584.48
2024/11/08 07:11:00,506.00,586.19
2024/11/08 07:11:00,507.00,586.53
2024/11/08 07:11:00,508.00,587.28
2024/11/08 07:11:00,509.00,587.26
2024/11/08 07:11:00,510.00,586.78
2024/11/08 07:11:00,511.00,585.12
2024/11/08 07:11:00,512.00,583.78
2024/11/08 07:11:00,513.00,578.89
2024/11/08 07:11:00,514.00,569.74
2024/11/08 07:11:00,515.00,560.97
2024/11/08 07:11:00,516.00,553.72
2024/11/08 07:11:00,517.00,547.73
2024/11/08 07:11:00,518.00,545.69
2024/11/08 07:11:00,519.00,549.04
2024/11/08 07:11:00,520.00,554.39
2024/11/08 07:11:00,521.00,560.82
2024/11/08 07:11:00,522.00,566.33
2024/11/08 07:11:00,523.00,569.50
2024/11/08 07:11:00,524.00,568.53
2024/11/08 07:11:00,525.00,566.54
2024/11/08 07:11:00,526.00,566.38
2024/11/08 07:11:00,527.00,567.30
2024/11/08 07:11:00,528.00,569.61
2024/11/08 07:11:00,529.00,573.99
2024/11/08 07:11:00,530.00,577.32
2024/11/08 07:11:00,531.00,578.01
2024/11/08 07:11:00,532.00,578.44
2024/11/08 07:11:00,533.00,577.25
2024/11/08 07:11:00,534.00,577.04
2024/11/08 07:11:00,535.00,577.28
2024/11/08 07:11:00,536.00,576.76
2024/11/08 07:11:00,537.00,574.25
2024/11/08 07:11:00,538.00,571.66
2024/11/08 07:11:00,539.00,569.16
2024/11/08 07:11:00,540.00,567.48
2024/11/08 07:11:00,541.00,566.37
2024/11/08 07:11:00,542.00,566.57
2024/11/08 07:11:00,543.00,568.12
2024/11/08 07:11:00,544.00,568.79
2024/11/08 07:11:00,545.00,569.68
2024/11/08 07:11:00,546.00,570.39
2024/11/08 07:11:00,547.00,571.03
2024/11/08 07:11:00,548.00,570.13
2024/11/08 07:11:00,549.00,570.34
2024/11/08 07:11:00,550.00,570.43
2024/11/08 07:11:00,551.00,570.21
2024/11/08 07:11:00,552.00,569.64
2024/11/08 07:11:00,553.00,569.95
2024/11/08 07:11:00,554.00,568.42
2024/11/08 07:11:00,555.00,565.50
2024/11/08 07:11:00,556.00,562.12
2024/11/08 07:11:00,557.00,558.56
2024/11/08 07:11:00,558.00,555.21
2024/11/08 07:11:00,559.00,552.46
2024/11/08 07:11:00,560.00,551.94
2024/11/08 07:11:00,561.00,552.14
2024/11/08 07:11:00,562.00,550.98
2024/11/08 07:11:00,563.00,550.66
2024/11/08 07:11:00,564.00,550.55
2024/11/08 07:11:00,565.00,549.07
2024/11/08 07:11:00,566.00,546.52
2024/11/08 07:11:00,567.00,544.41
2024/11/08 07:11:00,568.00,542.14
2024/11/08 07:11:00,569.00,540.14
2024/11/08 07:11:00,570.00,539.54
2024/11/08 07:11:00,571.00,539.85
2024/11/08 07:11:00,572.00,540.04
2024/11/08 07:11:00,573.00,539.02
2024/11/08 07:11:00,574.00,538.57
2024/11/08 07:11:00,575.00,537.48
2024/11/08 07:11:00,576.00,535.54
2024/11/08 07:11:00,577.00,534.99
2024/11/08 07:11:00,578.00,535.32
2024/11/08 07:11:00,579.00,536.64
2024/11/08 07:11:00,580.00,539.19
2024/11/08 07:11:00,581.00,541.19
2024/11/08 07:11:00,582.00,542.80
2024/11/08 07:11:00,583.00,545.47
2024/11/08 07:11:00,584.00,546.31
2024/11/08 07:11:00,585.00,544.38
2024/11/08 07:11:00,586.00,540.50
2024/11/08 07:11:00,587.00,536.29
2024/11/08 07:11:00,588.00,532.84
2024/11/08 07:11:00,589.00,529.67
2024/11/08 07:11:00,590.00,528.76
2024/11/08 07:11:00,591.00,530.19
2024/11/08 07:11:00,592.00,532.22
2024/11/08 07:11:00,593.00,533.33
2024/11/08 07:11:00,594.00,533.47
2024/11/08 07:11:00,595.00,532.87
2024/11/08 07:11:00,596.00,531.27
2024/11/08 07:11:00,597.00,530.29
2024/11/08 07:11:00,598.00,528.54
2024/11/08 07:11:00,599.00,526.60
2024/11/08 07:11:00,600.00,525.31
2024/11/08 07:11:00,601.00,526.03
2024/11/08 07:11:00,602.00,526.70
2024/11/08 07:11:00,603.00,526.73
2024/11/08 07:11:00,604.00,527.92
2024/11/08 07:11:00,605.00,528.24
2024/11/08 07:11:00,606.00,527.47
2024/11/08 07:11:00,607.00,525.98
2024/11/08 07:11:00,608.00,525.00
2024/11/08 07:11:00,609.00,524.58
2024/11/08 07:11:00,610.00,523.26
2024/11/08 07:11:00,611.00,520.77
2024/11/08 07:11:00,612.00,520.20
2024/11/08 07:11:00,613.00,519.14
2024/11/08 07:11:00,614.00,515.48
2024/11/08 07:11:00,615.00,514.88
2024/11/08 07:11:00,616.00,515.37
2024/11/08 07:11:00,617.00,515.46
2024/11/08 07:11:00,618.00,516.49
2024/11/08 07:11:00,619.00,518.22
2024/11/08 07:11:00,620.00,518.01
2024/11/08 07:11:00,621.00,517.20
2024/11/08 07:11:00,622.00,514.69
2024/11/08 07:11:00,623.00,512.70
2024/11/08 07:11:00,624.00,511.67
2024/11/08 07:11:00,625.00,508.52
2024/11/08 07:11:00,626.00,505.62
2024/11/08 07:11:00,627.00,503.89
2024/11/08 07:11:00,628.00,501.55
2024/11/08 07:11:00,629.00,498.90
2024/11/08 07:11:00,630.00,498.85
2024/11/08 07:11:00,631.00,500.05
2024/11/08 07:11:00,632.00,502.10
2024/11/08 07:11:00,633.00,503.19
2024/11/08 07:11:00,634.00,505.95
2024/11/08 07:11:00,635.00,508.58
2024/11/08 07:11:00,636.00,510.12
2024/11/08 07:11:00,637.00,510.91
2024/11/08 07:11:00,638.00,512.42
2024/11/08 07:11:00,639.00,512.12
2024/11/08 07:11:00,640.00,512.43
2024/11/08 07:11:00,641.00,511.83
2024/11/08 07:11:00,642.00,513.17
2024/11/08 07:11:00,643.00,514.05
2024/11/08 07:11:00,644.00,513.39
2024/11/08 07:11:00,645.00,513.57
2024/11/08 07:11:00,646.00,512.83
2024/11/08 07:11:00,647.00,510.01
2024/11/08 07:11:00,648.00,508.64
2024/11/08 07:11:00,649.00,509.13
2024/11/08 07:11:00,650.00,507.91
2024/11/08 07:11:00,651.00,508.09
2024/11/08 07:11:00,652.00,506.01
2024/11/08 07:11:00,653.00,500.91
2024/11/08 07:11:00,654.00,494.93
2024/11/08 07:11:00,655.00,489.86
2024/11/08 07:11:00,656.00,487.23
2024/11/08 07:11:00,657.00,486.87
2024/11/08 07:11:00,658.00,490.66
2024/11/08 07:11:00,659.00,495.08
2024/11/08 07:11:00,660.00,498.97
2024/11/08 07:11:00,661.00,501.80
2024/11/08 07:11:00,662.00,504.17
2024/11/08 07:11:00,663.00,505.30
2024/11/08 07:11:00,664.00,507.19
2024/11/08 07:11:00,665.00,508.22
2024/11/08 07:11:00,666.00,509.33
2024/11/08 07:11:00,667.00,510.69
2024/11/08 07:11:00,668.00,511.60
2024/11/08 07:11:00,669.00,510.81
2024/11/08 07:11:00,670.00,510.34
2024/11/08 07:11:00,671.00,509.65
2024/11/08 07:11:00,672.00,509.22
2024/11/08 07:11:00,673.00,507.98
2024/11/08 07:11:00,674.00,508.28
2024/11/08 07:11:00,675.00,508.76
2024/11/08 07:11:00,676.00,508.20
2024/11/08 07:11:00,677.00,506.95
2024/11/08 07:11:00,678.00,508.45
2024/11/08 07:11:00,679.00,508.47
2024/11/08 07:11:00,680.00,507.75
2024/11/08 07:11:00,681.00,507.07
2024/11/08 07:11:00,682.00,506.68
2024/11/08 07:11:00,683.00,500.30
2024/11/08 07:11:00,684.00,487.93
2024/11/08 07:11:00,685.00,473.18
2024/11/08 07:11:00,686.00,458.79
2024/11/08 07:11:00,687.00,443.11
2024/11/08 07:11:00,688.00,432.61
2024/11/08 07:11:00,689.00,431.05
2024/11/08 07:11:00,690.00,435.67
2024/11/08 07:11:00,691.00,442.19
2024/11/08 07:11:00,692.00,449.13
2024/11/08 07:11:00,693.00,457.95
2024/11/08 07:11:00,694.00,465.27
2024/11/08 07:11:00,695.00,468.38
2024/11/08 07:11:00,696.00,472.07
2024/11/08 07:11:00,697.00,476.16
2024/11/08 07:11:00,698.00,476.86
2024/11/08 07:11:00,699.00,477.19
2024/11/08 07:11:00,700.00,478.83
2024/11/08 07:11:00,701.00,477.90
2024/11/08 07:11:00,702.00,477.38
2024/11/08 07:11:00,703.00,477.81
2024/11/08 07:11:00,704.00,478.52
2024/11/08 07:11:00,705.00,480.06
2024/11/08 07:11:00,706.00,480.34
2024/11/08 07:11:00,707.00,481.53
2024/11/08 07:11:00,708.00,482.34
2024/11/08 07:11:00,709.00,481.34
2024/11/08 07:11:00,710.00,479.86
2024/11/08 07:11:00,711.00,479.40
2024/11/08 07:11:00,712.00,477.61
2024/11/08 07:11:00,713.00,475.22
2024/11/08 07:11:00,714.00,469.93
2024/11/08 07:11:00,715.00,464.30
2024/11/08 07:11:00,716.00,457.79
2024/11/08 07:11:00,717.00,447.98
2024/11/08 07:11:00,718.00,442.79
2024/11/08 07:11:00,719.00,441.02
2024/11/08 07:11:00,720.00,438.01
2024/11/08 07:11:00,721.00,435.85
2024/11/08 07:11:00,722.00,437.76
2024/11/08 07:11:00,723.00,436.77
2024/11/08 07:11:00,724.00,434.71
2024/11/08 07:11:00,725.00,432.54
2024/11/08 07:11:00,726.00,433.44
2024/11/08 07:11:00,727.00,434.04
2024/11/08 07:11:00,728.00,433.08
2024/11/08 07:11:00,729.00,435.74
2024/11/08 07:11:00,730.00,439.39
2024/11/08 07:11:00,731.00,441.35
2024/11/08 07:11:00,732.00,442.93
2024/11/08 07:11:00,733.00,446.43
2024/11/08 07:11:00,734.00,448.27
2024/11/08 07:11:00,735.00,449.60
2024/11/08 07:11:00,736.00,447.50
2024/11/08 07:11:00,737.00,448.07
2024/11/08 07:11:00,738.00,446.91
2024/11/08 07:11:00,739.00,445.17
2024/11/08 07:11:00,740.00,446.28
2024/11/08 07:11:00,741.00,449.22
2024/11/08 07:11:00,742.00,449.45
2024/11/08 07:11:00,743.00,447.84
2024/11/08 07:11:00,744.00,448.73
2024/11/08 07:11:00,745.00,448.96
2024/11/08 07:11:00,746.00,447.96
2024/11/08 07:11:00,747.00,447.72
2024/11/08 07:11:00,748.00,449.31
2024/11/08 07:11:00,749.00,447.68
2024/11/08 07:11:00,750.00,444.60
2024/11/08 07:11:00,751.00,445.02
2024/11/08 07:11:00,752.00,444.94
2024/11/08 07:11:00,753.00,442.67
2024/11/08 07:11:00,754.00,441.37
2024/11/08 07:11:00,755.00,441.03
2024/11/08 07:11:00,756.00,430.77
2024/11/08 07:11:00,757.00,404.49
2024/11/08 07:11:00,758.00,373.35
2024/11/08 07:11:00,759.00,339.12
2024/11/08 07:11:00,760.00,300.22
2024/11/08 07:11:00,761.00,269.41
2024/11/08 07:11:00,762.00,256.80
2024/11/08 07:11:00,763.00,255.34
2024/11/08 07:11:00,764.00,262.64
2024/11/08 07:11:00,765.00,276.99
2024/11/08 07:11:00,766.00,297.43
2024/11/08 07:11:00,767.00,318.64
2024/11/08 07:11:00,768.00,335.79
2024/11/08 07:11:00,769.00,354.25
2024/11/08 07:11:00,770.00,370.96
2024/11/08 07:11:00,771.00,380.49
2024/11/08 07:11:00,772.00,391.13
2024/11/08 07:11:00,773.00,402.58
2024/11/08 07:11:00,774.00,407.74
2024/11/08 07:11:00,775.00,409.22
2024/11/08 07:11:00,776.00,412.57
2024/11/08 07:11:00,777.00,414.28
2024/11/08 07:11:00,778.00,413.77
2024/11/08 07:11:00,779.00,414.34
2024/11/08 07:11:00,780.00,417.16
2024/11/08 07:11:00,781.00,419.49
2024/11/08 07:11:00,782.00,416.49
2024/11/08 07:11:00,783.00,415.25
2024/11/08 07:11:00,784.00,415.18
2024/11/08 07:11:00,785.00,412.07
2024/11/08 07:11:00,786.00,409.26
2024/11/08 07:11:00,787.00,410.85
2024/11/08 07:11:00,788.00,411.38
2024/11/08 07:11:00,789.00,409.53
2024/11/08 07:11:00,790.00,408.48
2024/11/08 07:11:00,791.00,408.86
2024/11/08 07:11:00,792.00,407.76
2024/11/08 07:11:00,793.00,405.36
2024/11/08 07:11:00,794.00,404.86
2024/11/08 07:11:00,795.00,407.15
2024/11/08 07:11:00,796.00,405.73
2024/11/08 07:11:00,797.00,404.35
2024/11/08 07:11:00,798.00,405.95
2024/11/08 07:11:00,799.00,404.98
2024/11/08 07:11:00,800.00,400.39
2024/11/08 07:11:00,801.00,400.32
2024/11/08 07:11:00,802.00,401.16
2024/11/08 07:11:00,803.00,399.54
2024/11/08 07:11:00,804.00,397.69
2024/11/08 07:11:00,805.00,400.84
2024/11/08 07:11:00,806.00,402.52
2024/11/08 07:11:00,807.00,401.05
2024/11/08 07:11:00,808.00,399.68
2024/11/08 07:11:00,809.00,401.78
2024/11/08 07:11:00,810.00,399.49
2024/11/08 07:11:00,811.00,392.44
2024/11/08 07:11:00,812.00,390.11
2024/11/08 07:11:00,813.00,388.41
2024/11/08 07:11:00,814.00,381.92
2024/11/08 07:11:00,815.00,376.34
2024/11/08 07:11:00,816.00,375.45
2024/11/08 07:11:00,817.00,372.76
2024/11/08 07:11:00,818.00,368.77
2024/11/08 07:11:00,819.00,368.61
2024/11/08 07:11:00,820.00,372.06
2024/11/08 07:11:00,821.00,373.90
2024/11/08 07:11:00,822.00,376.14
2024/11/08 07:11:00,823.00,382.78
2024/11/08 07:11:00,824.00,386.47
2024/11/08 07:11:00,825.00,384.06
2024/11/08 07:11:00,826.00,382.24
2024/11/08 07:11:00,827.00,380.49
2024/11/08 07:11:00,828.00,376.82
2024/11/08 07:11:00,829.00,372.55
2024/11/08 07:11:00,830.00,374.20
2024/11/08 07:11:00,831.00,374.52
2024/11/08 07:11:00,832.00,372.34
2024/11/08 07:11:00,833.00,371.54
2024/11/08 07:11:00,834.00,372.78
2024/11/08 07:11:00,835.00,372.10
2024/11/08 07:11:00,836.00,371.26
2024/11/08 07:11:00,837.00,371.27
2024/11/08 07:11:00,838.00,371.44
2024/11/08 07:11:00,839.00,371.07
2024/11/08 07:11:00,840.00,368.98
2024/11/08 07:11:00,841.00,369.50
2024/11/08 07:11:00,842.00,368.57
2024/11/08 07:11:00,843.00,364.60
2024/11/08 07:11:00,844.00,363.77
2024/11/08 07:11:00,845.00,364.27
2024/11/08 07:11:00,846.00,361.42
2024/11/08 07:11:00,847.00,358.70
2024/11/08 07:11:00,848.00,358.24
2024/11/08 07:11:00,849.00,357.12
2024/11/08 07:11:00,850.00,352.91
2024/11/08 07:11:00,851.00,349.78
2024/11/08 07:11:00,852.00,347.67
2024/11/08 07:11:00,853.00,344.76
2024/11/08 07:11:00,854.00,342.90
2024/11/08 07:11:00,855.00,344.75
2024/11/08 07:11:00,856.00,346.86
2024/11/08 07:11:00,857.00,348.87
2024/11/08 07:11:00,858.00,350.16
2024/11/08 07:11:00,859.00,351.14
2024/11/08 07:11:00,860.00,352.71
2024/11/08 07:11:00,861.00,351.43
2024/11/08 07:11:00,862.00,351.93
2024/11/08 07:11:00,863.00,350.44
2024/11/08 07:11:00,864.00,345.79
2024/11/08 07:11:00,865.00,342.42
2024/11/08 07:11:00,866.00,340.23
2024/11/08 07:11:00,867.00,339.69
2024/11/08 07:11:00,868.00,339.46
2024/11/08 07:11:00,869.00,341.72
2024/11/08 07:11:00,870.00,342.47
2024/11/08 07:11:00,871.00,342.90
2024/11/08 07:11:00,872.00,341.17
2024/11/08 07:11:00,873.00,343.21
2024/11/08 07:11:00,874.00,343.71
2024/11/08 07:11:00,875.00,342.13
2024/11/08 07:11:00,876.00,343.47
2024/11/08 07:11:00,877.00,342.96
2024/11/08 07:11:00,878.00,340.72
2024/11/08 07:11:00,879.00,339.32
2024/11/08 07:11:00,880.00,339.26
2024/11/08 07:11:00,881.00,338.58
2024/11/08 07:11:00,882.00,337.07
2024/11/08 07:11:00,883.00,337.05
2024/11/08 07:11:00,884.00,337.11
2024/11/08 07:11:00,885.00,335.21
2024/11/08 07:11:00,886.00,334.57
2024/11/08 07:11:00,887.00,335.21
2024/11/08 07:11:00,888.00,334.18
2024/11/08 07:11:00,889.00,333.51
2024/11/08 07:11:00,890.00,333.46
2024/11/08 07:11:00,891.00,331.08
2024/11/08 07:11:00,892.00,328.21
2024/11/08 07:11:00,893.00,323.08
2024/11/08 07:11:00,894.00,318.13
2024/11/08 07:11:00,895.00,312.54
2024/11/08 07:11:00,896.00,304.85
2024/11/08 07:11:00,897.00,298.66
2024/11/08 07:11:00,898.00,293.05
2024/11/08 07:11:00,899.00,287.67
2024/11/08 07:11:00,900.00,284.82
2024/11/08 07:11:00,901.00,285.82
2024/11/08 07:11:00,902.00,287.97
2024/11/08 07:11:00,903.00,288.99
2024/11/08 07:11:00,904.00,290.81
2024/11/08 07:11:00,905.00,290.38
2024/11/08 07:11:00,906.00,286.93
2024/11/08 07:11:00,907.00,283.46
2024/11/08 07:11:00,908.00,282.41
2024/11/08 07:11:00,909.00,280.69
2024/11/08 07:11:00,910.00,279.20
2024/11/08 07:11:00,911.00,279.32
2024/11/08 07:11:00,912.00,278.91
2024/11/08 07:11:00,913.00,277.46
2024/11/08 07:11:00,914.00,275.58
2024/11/08 07:11:00,915.00,275.22
2024/11/08 07:11:00,916.00,275.12
2024/11/08 07:11:00,917.00,275.68
2024/11/08 07:11:00,918.00,278.17
2024/11/08 07:11:00,919.00,280.27
2024/11/08 07:11:00,920.00,281.36
2024/11/08 07:11:00,921.00,281.43
2024/11/08 07:11:00,922.00,281.40
2024/11/08 07:11:00,923.00,281.02
2024/11/08 07:11:00,924.00,279.20
2024/11/08 07:11:00,925.00,277.98
2024/11/08 07:11:00,926.00,275.02
2024/11/08 07:11:00,927.00,268.17
2024/11/08 07:11:00,928.00,258.13
2024/11/08 07:11:00,929.00,246.59
2024/11/08 07:11:00,930.00,231.30
2024/11/08 07:11:00,931.00,215.59
2024/11/08 07:11:00,932.00,200.87
2024/11/08 07:11:00,933.00,189.32
2024/11/08 07:11:00,934.00,179.66
2024/11/08 07:11:00,935.00,173.32
2024/11/08 07:11:00,936.00,172.94
2024/11/08 07:11:00,937.00,174.83
2024/11/08 07:11:00,938.00,178.00
2024/11/08 07:11:00,939.00,182.32
2024/11/08 07:11:00,940.00,186.10
2024/11/08 07:11:00,941.00,186.86
2024/11/08 07:11:00,942.00,184.83
2024/11/08 07:11:00,943.00,184.10
2024/11/08 07:11:00,944.00,183.05
2024/11/08 07:11:00,945.00,181.34
2024/11/08 07:11:00,946.00,181.85
2024/11/08 07:11:00,947.00,183.64
2024/11/08 07:11:00,948.00,183.90
2024/11/08 07:11:00,949.00,184.26
2024/11/08 07:11:00,950.00,186.72
2024/11/08 07:11:00,951.00,188.48
2024/11/08 07:11:00,952.00,189.09
2024/11/08 07:11:00,953.00,190.75
2024/11/08 07:11:00,954.00,192.62
2024/11/08 07:11:00,955.00,193.78
2024/11/08 07:11:00,956.00,194.66
2024/11/08 07:11:00,957.00,197.37
2024/11/08 07:11:00,958.00,199.42
2024/11/08 07:11:00,959.00,202.19
2024/11/08 07:11:00,960.00,205.54
2024/11/08 07:11:00,961.00,210.30
2024/11/08 07:11:00,962.00,214.70
2024/11/08 07:11:00,963.00,217.74
2024/11/08 07:11:00,964.00,222.25
2024/11/08 07:11:00,965.00,226.78
2024/11/08 07:11:00,966.00,229.81
2024/11/08 07:11:00,967.00,234.06
2024/11/08 07:11:00,968.00,240.08
2024/11/08 07:11:00,969.00,243.90
2024/11/08 07:11:00,970.00,245.59
2024/11/08 07:11:00,971.00,247.97
2024/11/08 07:11:00,972.00,248.93
2024/11/08 07:11:00,973.00,247.44
2024/11/08 07:11:00,974.00,247.27
2024/11/08 07:11:00,975.00,247.90
2024/11/08 07:11:00,976.00,247.65
2024/11/08 07:11:00,977.00,247.06
2024/11/08 07:11:00,978.00,249.20
2024/11/08 07:11:00,979.00,250.42
2024/11/08 07:11:00,980.00,251.51
2024/11/08 07:11:00,981.00,253.72
2024/11/08 07:11:00,982.00,256.06
2024/11/08 07:11:00,983.00,257.56
2024/11/08 07:11:00,984.00,259.15
2024/11/08 07:11:00,985.00,261.45
2024/11/08 07:11:00,986.00,262.29
2024/11/08 07:11:00,987.00,263.69
2024/11/08 07:11:00,988.00,265.03
2024/11/08 07:11:00,989.00,265.42
2024/11/08 07:11:00,990.00,265.01
2024/11/08 07:11:00,991.00,264.62
2024/11/08 07:11:00,992.00,265.02
2024/11/08 07:11:00,993.00,264.81
2024/11/08 07:11:00,994.00,263.68
2024/11/08 07:11:00,995.00,263.92
2024/11/08 07:11:00,996.00,264.30
2024/11/08 07:11:00,997.00,263.10
2024/11/08 07:11:00,998.00,262.73
2024/11/08 07:11:00,999.00,262.93
2024/11/08 07:11:00,1000.00,262.29
2024/11/08 07:11:00,1001.00,260.96
2024/11/08 07:11:00,1002.00,260.88
2024/11/08 07:11:00,1003.00,259.37
2024/11/08 07:11:00,1004.00,257.11
2024/11/08 07:11:00,1005.00,256.00
2024/11/08 07:11:00,1006.00,256.83
2024/11/08 07:11:00,1007.00,255.53
2024/11/08 07:11:00,1008.00,255.03
2024/11/08 07:11:00,1009.00,256.43
2024/11/08 07:11:00,1010.00,256.66
2024/11/08 07:11:00,1011.00,256.12
2024/11/08 07:11:00,1012.00,255.76
2024/11/08 07:11:00,1013.00,255.94
2024/11/08 07:11:00,1014.00,255.40
2024/11/08 07:11:00,1015.00,253.62
2024/11/08 07:11:00,1016.00,254.21
2024/11/08 07:11:00,1017.00,252.73
2024/11/08 07:11:00,1018.00,251.98
2024/11/08 07:11:00,1019.00,251.36
2024/11/08 07:11:00,1020.00,251.37
2024/11/08 07:11:00,1021.00,251.26
2024/11/08 07:11:00,1022.00,249.63
2024/11/08 07:11:00,1023.00,249.41
2024/11/08 07:11:00,1024.00,249.26
2024/11/08 07:11:00,1025.00,247.20
2024/11/08 07:11:00,1026.00,248.58
2024/11/08 07:11:00,1027.00,248.73
2024/11/08 07:11:00,1028.00,248.60
2024/11/08 07:11:00,1029.00,248.23
2024/11/08 07:11:00,1030.00,248.52
2024/11/08 07:11:00,1031.00,248.38
2024/11/08 07:11:00,1032.00,245.76
2024/11/08 07:11:00,1033.00,244.91
2024/11/08 07:11:00,1034.00,244.66
2024/11/08 07:11:00,1035.00,241.37
2024/11/08 07:11:00,1036.00,240.87
2024/11/08 07:11:00,1037.00,241.78
2024/11/08 07:11:00,1038.00,240.22
2024/11/08 07:11:00,1039.00,238.81
2024/11/08 07:11:00,1040.00,239.64
2024/11/08 07:11:00,1041.00,239.35
2024/11/08 07:11:00,1042.00,238.78
2024/11/08 07:11:00,1043.00,240.38
2024/11/08 07:11:00,1044.00,240.80
2024/11/08 07:11:00,1045.00,239.10
2024/11/08 07:11:00,1046.00,236.71
2024/11/08 07:11:00,1047.00,238.02
2024/11/08 07:11:00,1048.00,235.53
2024/11/08 07:11:00,1049.00,233.79
2024/11/08 07:11:00,1050.00,234.00
2024/11/08 07:11:00,1051.00,236.59
2024/11/08 07:11:00,1052.00,234.81
2024/11/08 07:11:00,1053.00,234.75
2024/11/08 07:11:00,1054.00,236.42
2024/11/08 07:11:00,1055.00,235.46
2024/11/08 07:11:00,1056.00,232.30
2024/11/08 07:11:00,1057.00,232.98
2024/11/08 07:11:00,1058.00,231.12
2024/11/08 07:11:00,1059.00,228.54
2024/11/08 07:11:00,1060.00,228.77
2024/11/08 07:11:00,1061.00,228.88
2024/11/08 07:11:00,1062.00,228.68
2024/11/08 07:11:00,1063.00,225.33
2024/11/08 07:11:00,1064.00,226.22
2024/11/08 07:11:00,1065.00,227.62
2024/11/08 07:11:00,1066.00,224.13
2024/11/08 07:11:00,1067.00,224.32
2024/11/08 07:11:00,1068.00,225.20
2024/11/08 07:11:00,1069.00,223.91
2024/11/08 07:11:00,1070.00,222.00
2024/11/08 07:11:00,1071.00,223.49
2024/11/08 07:11:00,1072.00,224.46
2024/11/08 07:11:00,1073.00,219.66
2024/11/08 07:11:00,1074.00,222.08
2024/11/08 07:11:00,1075.00,226.44
2024/11/08 07:11:00,1076.00,222.82
2024/11/08 07:11:00,1077.00,221.99
2024/11/08 07:11:00,1078.00,225.60
2024/11/08 07:11:00,1079.00,219.81
2024/11/08 07:11:00,1080.00,214.86
2024/11/08 07:11:00,1081.00,217.79
2024/11/08 07:11:00,1082.00,219.28
2024/11/08 07:11:00,1083.00,214.72
2024/11/08 07:11:00,1084.00,220.79
2024/11/08 07:11:00,1085.00,224.75
2024/11/08 07:11:00,1086.00,219.35
2024/11/08 07:11:00,1087.00,213.58
2024/11/08 07:11:00,1088.00,216.20
2024/11/08 07:11:00,1089.00,213.63
2024/11/08 07:11:00,1090.00,211.85
2024/11/08 07:11:00,1091.00,219.30
2024/11/08 07:11:00,1092.00,224.99
2024/11/08 07:11:00,1093.00,224.61
2024/11/08 07:11:00,1094.00,221.69
2024/11/08 07:11:00,1095.00,223.35
2024/11/08 07:11:00,1096.00,216.75
2024/11/08 07:11:00,1097.00,205.16
2024/11/08 07:11:00,1098.00,202.25
2024/11/08 07:11:00,1099.00,201.40
2024/11/08 07:11:00,1100.00,199.12
2024/11/08 07:12:00,Wavelength(nm),Irradiance(W/m2/um)
2024/11/08 07:12:00,300.00,6.99
2024/11/08 07:12:00,301.00,7.93
2024/11/08 07:12:00,302.00,8.69
2024/11/08 07:12:00,303.00,9.35
2024/11/08 07:12:00,304.00,10.55
2024/11/08 07:12:00,305.00,11.91
2024/11/08 07:12:00,306.00,13.14
2024/11/08 07:12:00,307.00,15.05
2024/11/08 07:12:00,308.00,17.51
2024/11/08 07:12:00,309.00,20.69
2024/11/08 07:12:00,310.00,24.28
2024/11/08 07:12:00,311.00,28.21
2024/11/08 07:12:00,312.00,32.91
2024/11/08 07:12:00,313.00,37.75
2024/11/08 07:12:00,314.00,43.01
2024/11/08 07:12:00,315.00,48.96
2024/11/08 07:12:00,316.00,55.34
2024/11/08 07:12:00,317.00,61.83
2024/11/08 07:12:00,318.00,68.50
2024/11/08 07:12:00,319.00,74.30
2024/11/08 07:12:00,320.00,80.56
2024/11/08 07:12:00,321.00,86.85
2024/11/08 07:12:00,322.00,94.22
2024/11/08 07:12:00,323.00,103.17
2024/11/08 07:12:00,324.00,112.92
2024/11/08 07:12:00,325.00,122.83
2024/11/08 07:12:00,326.00,133.79
2024/11/08 07:12:00,327.00,143.81
2024/11/08 07:12:00,328.00,151.81
2024/11/08 07:12:00,329.00,158.74
2024/11/08 07:12:00,330.00,164.81
2024/11/08 07:12:00,331.00,168.97
2024/11/08 07:12:00,332.00,171.38
2024/11/08 07:12:00,333.00,172.16
2024/11/08 07:12:00,334.00,172.80
2024/11/08 07:12:00,335.00,173.25
2024/11/08 07:12:00,336.00,174.51
2024/11/08 07:12:00,337.00,176.80
2024/11/08 07:12:00,338.00,180.37
2024/11/08 07:12:00,339.00,184.31
2024/11/08 07:12:00,340.00,187.91
2024/11/08 07:12:00,341.00,189.73
2024/11/08 07:12:00,342.00,190.75
2024/11/08 07:12:00,343.00,191.78
2024/11/08 07:12:00,344.00,192.06
2024/11/08 07:12:00,345.00,192.17
2024/11/08 07:12:00,346.00,193.16
2024/11/08 07:12:00,347.00,195.20
2024/11/08 07:12:00,348.00,198.07
2024/11/08 07:12:00,349.00,201.03
2024/11/08 07:12:00,350.00,204.33
2024/11/08 07:12:00,351.00,209.29
2024/11/08 07:12:00,352.00,213.83
2024/11/08 07:12:00,353.00,216.21
2024/11/08 07:12:00,354.00,216.33
2024/11/08 07:12:00,355.00,214.05
2024/11/08 07:12:00,356.00,210.71
2024/11/08 07:12:00,357.00,207.76
2024/11/08 07:12:00,358.00,205.33
2024/11/08 07:12:00,359.00,205.96
2024/11/08 07:12:00,360.00,210.72
2024/11/08 07:12:00,361.00,215.62
2024/11/08 07:12:00,362.00,222.04
2024/11/08 07:12:00,363.00,231.77
2024/11/08 07:12:00,364.00,242.05
2024/11/08 07:12:00,365.00,250.17
2024/11/08 07:12:00,366.00,257.83
2024/11/08 07:12:00,367.00,263.45
2024/11/08 07:12:00,368.00,266.12
2024/11/08 07:12:00,369.00,265.81
2024/11/08 07:12:00,370.00,262.16
2024/11/08 07:12:00,371.00,255.92
2024/11/08 07:12:00,372.00,249.20
2024/11/08 07:12:00,373.00,245.07
2024/11/08 07:12:00,374.00,245.53
2024/11/08 07:12:00,375.00,252.59
2024/11/08 07:12:00,376.00,261.80
2024/11/08 07:12:00,377.00,270.77
2024/11/08 07:12:00,378.00,277.16
2024/11/08 07:12:00,379.00,275.44
2024/11/08 07:12:00,380.00,264.12
2024/11/08 07:12:00,381.00,251.51
2024/11/08 07:12:00,382.00,241.38
2024/11/08 07:12:00,383.00,233.13
2024/11/08 07:12:00,384.00,230.66
2024/11/08 07:12:00,385.00,234.96
2024/11/08 07:12:00,386.00,242.74
2024/11/08 07:12:00,387.00,252.60
2024/11/08 07:12:00,388.00,264.16
2024/11/08 07:12:00,389.00,273.71
2024/11/08 07:12:00,390.00,275.59
2024/11/08 07:12:00,391.00,271.56
2024/11/08 07:12:00,392.00,267.73
2024/11/08 07:12:00,393.00,261.45
2024/11/08 07:12:00,394.00,253.65
2024/11/08 07:12:00,395.00,258.03
2024/11/08 07:12:00,396.00,277.47
2024/11/08 07:12:00,397.00,300.60
2024/11/08 07:12:00,398.00,328.34
2024/11/08 07:12:00,399.00,361.55
2024/11/08 07:12:00,400.00,391.33
2024/11/08 07:12:00,401.00,410.25
2024/11/08 07:12:00,402.00,420.55
2024/11/08 07:12:00,403.00,422.64
2024/11/08 07:12:00,404.00,420.58
2024/11/08 07:12:00,405.00,418.29
2024/11/08 07:12:00,406.00,418.01
2024/11/08 07:12:00,407.00,418.68
2024/11/08 07:12:00,408.00,421.26
2024/11/08 07:12:00,409.00,427.38
2024/11/08 07:12:00,410.00,433.89
2024/11/08 07:12:00,411.00,439.37
2024/11/08 07:12:00,412.00,445.12
2024/11/08 07:12:00,413.00,451.28
2024/11/08 07:12:00,414.00,455.05
2024/11/08 07:12:00,415.00,456.16
2024/11/08 07:12:00,416.00,455.49
2024/11/08 07:12:00,417.00,455.23
2024/11/08 07:12:00,418.00,455.43
2024/11/08 07:12:00,419.00,455.87
2024/11/08 07:12:00,420.00,456.37
2024/11/08 07:12:00,421.00,458.03
2024/11/08 07:12:00,422.00,459.08
2024/11/08 07:12:00,423.00,459.38
2024/11/08 07:12:00,424.00,458.07
2024/11/08 07:12:00,425.00,456.61
2024/11/08 07:12:00,426.00,453.18
2024/11/08 07:12:00,427.00,443.77
2024/11/08 07:12:00,428.00,431.72
2024/11/08 07:12:00,429.00,424.96
2024/11/08 07:12:00,430.00,424.96
2024/11/08 07:12:00,431.00,429.48
2024/11/08 07:12:00,432.00,441.88
2024/11/08 07:12:00,433.00,460.39
2024/11/08 07:12:00,434.00,477.58
2024/11/08 07:12:00,435.00,486.43
2024/11/08 07:12:00,436.00,491.32
2024/11/08 07:12:00,437.00,495.12
2024/11/08 07:12:00,438.00,497.90
2024/11/08 07:12:00,439.00,501.44
2024/11/08 07:12:00,440.00,509.03
2024/11/08 07:12:00,441.00,520.42
2024/11/08 07:12:00,442.00,530.34
2024/11/08 07:12:00,443.00,537.83
2024/11/08 07:12:00,444.00,543.59
2024/11/08 07:12:00,445.00,548.63
2024/11/08 07:12:00,446.00,553.29
2024/11/08 07:12:00,447.00,562.10
2024/11/08 07:12:00,448.00,573.30
2024/11/08 07:12:00,449.00,582.44
2024/11/08 07:12:00,450.00,587.27
2024/11/08 07:12:00,451.00,588.58
2024/11/08 07:12:00,452.00,587.22
2024/11/08 07:12:00,453.00,585.55
2024/11/08 07:12:00,454.00,585.58
2024/11/08 07:12:00,455.00,589.33
2024/11/08 07:12:00,456.00,593.46
2024/11/08 07:12:00,457.00,597.27
2024/11/08 07:12:00,458.00,600.49
2024/11/08 07:12:00,459.00,604.66
2024/11/08 07:12:00,460.00,605.84
2024/11/08 07:12:00,461.00,608.34
2024/11/08 07:12:00,462.00,610.63
2024/11/08 07:12:00,463.00,610.19
2024/11/08 07:12:00,464.00,607.46
2024/11/08 07:12:00,465.00,604.18
2024/11/08 07:12:00,466.00,602.51
2024/11/08 07:12:00,467.00,600.57
2024/11/08 07:12:00,468.00,599.23
2024/11/08 07:12:00,469.00,598.45
2024/11/08 07:12:00,470.00,599.18
2024/11/08 07:12:00,471.00,599.83
2024/11/08 07:12:00,472.00,601.75
2024/11/08 07:12:00,473.00,603.48
2024/11/08 07:12:00,474.00,604.69
2024/11/08 07:12:00,475.00,607.74
2024/11/08 07:12:00,476.00,609.96
2024/11/08 07:12:00,477.00,612.85
2024/11/08 07:12:00,478.00,616.12
2024/11/08 07:12:00,479.00,618.81
2024/11/08 07:12:00,480.00,620.69
2024/11/08 07:12:00,481.00,620.60
2024/11/08 07:12:00,482.00,616.47
2024/11/08 07:12:00,483.00,607.19
2024/11/08 07:12:00,484.00,595.28
2024/11/08 07:12:00,485.00,583.64
2024/11/08 07:12:00,486.00,576.43
2024/11/08 07:12:00,487.00,574.24
2024/11/08 07:12:00,488.00,578.90
2024/11/08 07:12:00,489.00,585.57
2024/11/08 07:12:00,490.00,590.61
2024/11/08 07:12:00,491.00,594.22
2024/11/08 07:12:00,492.00,597.22
2024/11/08 07:12:00,493.00,598.23
2024/11/08 07:12:00,494.00,601.26
2024/11/08 07:12:00,495.00,604.28
2024/11/08 07:12:00,496.00,604.82
2024/11/08 07:12:00,497.00,602.79
2024/11/08 07:12:00,498.00,598.60
2024/11/08 07:12:00,499.00,593.61
2024/11/08 07:12:00,500.00,588.13
2024/11/08 07:12:00,501.00,584.98
2024/11/08 07:12:00,502.00,583.71
2024/11/08 07:12:00,503.00,584.61
2024/11/08 07:12:00,504.00,587.33
2024/11/08 07:12:00,505.00,590.72
2024/11/08 07:12:00,506.00,592.73
2024/11/08 07:12:00,507.00,594.21
2024/11/08 07:12:00,508.00,594.72
2024/11/08 07:12:00,509.00,594.31
2024/11/08 07:12:00,510.00,593.38
2024/11/08 07:12:00,511.00,591.18
2024/11/08 07:12:00,512.00,588.31
2024/11/08 07:12:00,513.00,582.92
2024/11/08 07:12:00,514.00,574.09
2024/11/08 07:12:00,515.00,563.52
2024/11/08 07:12:00,516.00,555.44
2024/11/08 07:12:00,517.00,550.12
2024/11/08 07:12:00,518.00,548.79
2024/11/08 07:12:00,519.00,551.93
2024/11/08 07:12:00,520.00,558.81
2024/11/08 07:12:00,521.00,565.45
2024/11/08 07:12:00,522.00,571.41
2024/11/08 07:12:00,523.00,573.77
2024/11/08 07:12:00,524.00,572.71
2024/11/08 07:12:00,525.00,572.23
2024/11/08 07:12:00,526.00,572.38
2024/11/08 07:12:00,527.00,572.35
2024/11/08 07:12:00,528.00,575.13
2024/11/08 07:12:00,529.00,579.75
2024/11/08 07:12:00,530.00,581.84
2024/11/08 07:12:00,531.00,582.69
2024/11/08 07:12:00,532.00,583.58
2024/11/08 07:12:00,533.00,583.03
2024/11/08 07:12:00,534.00,582.62
2024/11/08 07:12:00,535.00,582.34
2024/11/08 07:12:00,536.00,582.71
2024/11/08 07:12:00,537.00,580.43
2024/11/08 07:12:00,538.00,576.21
2024/11/08 07:12:00,539.00,572.88
2024/11/08 07:12:00,540.00,571.76
2024/11/08 07:12:00,541.00,570.16
2024/11/08 07:12:00,542.00,569.53
2024/11/08 07:12:00,543.00,571.64
2024/11/08 07:12:00,544.00,573.49
2024/11/08 07:12:00,545.00,574.09
2024/11/08 07:12:00,546.00,573.52
2024/11/08 07:12:00,547.00,574.51
2024/11/08 07:12:00,548.00,574.69
2024/11/08 07:12:00,549.00,574.08
2024/11/08 07:12:00,550.00,573.61
2024/11/08 07:12:00,551.00,574.50
2024/11/08 07:12:00,552.00,575.01
2024/11/08 07:12:00,553.00,574.03
2024/11/08 07:12:00,554.00,572.61
2024/11/08 07:12:00,555.00,570.78
2024/11/08 07:12:00,556.00,567.85
2024/11/08 07:12:00,557.00,563.38
2024/11/08 07:12:00,558.00,560.90
2024/11/08 07:12:00,559.00,559.67
2024/11/08 07:12:00,560.00,557.95
2024/11/08 07:12:00,561.00,557.10
2024/11/08 07:12:00,562.00,558.10
2024/11/08 07:12:00,563.00,556.78
2024/11/08 07:12:00,564.00,555.23
2024/11/08 07:12:00,565.00,553.68
2024/11/08 07:12:00,566.00,552.75
2024/11/08 07:12:00,567.00,550.19
2024/11/08 07:12:00,568.00,547.50
2024/11/08 07:12:00,569.00,545.76
2024/11/08 07:12:00,570.00,545.22
2024/11/08 07:12:00,571.00,544.56
2024/11/08 07:12:00,572.00,543.22
2024/11/08 07:12:00,573.00,543.44
2024/11/08 07:12:00,574.00,543.32
2024/11/08 07:12:00,575.00,541.83
2024/11/08 07:12:00,576.00,540.56
2024/11/08 07:12:00,577.00,541.40
2024/11/08 07:12:00,578.00,542.12
2024/11/08 07:12:00,579.00,543.01
2024/11/08 07:12:00,580.00,545.58
2024/11/08 07:12:00,581.00,548.49
2024/11/08 07:12:00,582.00,550.25
2024/11/08 07:12:00,583.00,550.14
2024/11/08 07:12:00,584.00,550.79
2024/11/08 07:12:00,585.00,550.24
2024/11/08 07:12:00,586.00,546.11
2024/11/08 07:12:00,587.00,540.78
2024/11/08 07:12:00,588.00,538.35
2024/11/08 07:12:00,589.00,536.58
2024/11/08 07:12:00,590.00,534.03
2024/11/08 07:12:00,591.00,534.74
2024/11/08 07:12:00,592.00,537.67
2024/11/08 07:12:00,593.00,538.60
2024/11/08 07:12:00,594.00,537.46
2024/11/08 07:12:00,595.00,536.65
2024/11/08 07:12:00,596.00,535.78
2024/11/08 07:12:00,597.00,534.83
2024/11/08 07:12:00,598.00,532.33
2024/11/08 07:12:00,599.00,531.74
2024/11/08 07:12:00,600.00,531.67
2024/11/08 07:12:00,601.00,531.46
2024/11/08 07:12:00,602.00,530.76
2024/11/08 07:12:00,603.00,532.18
2024/11/08 07:12:00,604.00,532.53
2024/11/08 07:12:00,605.00,531.03
2024/11/08 07:12:00,606.00,530.04
2024/11/08 07:12:00,607.00,529.97
2024/11/08 07:12:00,608.00,529.07
2024/11/08 07:12:00,609.00,527.48
2024/11/08 07:12:00,610.00,528.00
2024/11/08 07:12:00,611.00,527.64
2024/11/08 07:12:00,612.00,525.75
2024/11/08 07:12:00,613.00,523.17
2024/11/08 07:12:00,614.00,521.52
2024/11/08 07:12:00,615.00,520.00
2024/11/08 07:12:00,616.00,518.33
2024/11/08 07:12:00,617.00,518.73
2024/11/08 07:12:00,618.00,520.39
2024/11/08 07:12:00,619.00,522.37
2024/11/08 07:12:00,620.00,521.82
2024/11/08 07:12:00,621.00,522.14
2024/11/08 07:12:00,622.00,521.16
2024/11/08 07:12:00,623.00,519.17
2024/11/08 07:12:00,624.00,515.98
2024/11/08 07:12:00,625.00,513.96
2024/11/08 07:12:00,626.00,511.33
2024/11/08 07:12:00,627.00,508.14
2024/11/08 07:12:00,628.00,505.53
2024/11/08 07:12:00,629.00,503.64
2024/11/08 07:12:00,630.00,503.29
2024/11/08 07:12:00,631.00,502.71
2024/11/08 07:12:00,632.00,504.98
2024/11/08 07:12:00,633.00,507.26
2024/11/08 07:12:00,634.00,510.14
2024/11/08 07:12:00,635.00,512.38
2024/11/08 07:12:00,636.00,515.30
2024/11/08 07:12:00,637.00,516.58
2024/11/08 07:12:00,638.00,516.83
2024/11/08 07:12:00,639.00,516.75
2024/11/08 07:12:00,640.00,517.43
2024/11/08 07:12:00,641.00,516.95
2024/11/08 07:12:00,642.00,516.17
2024/11/08 07:12:00,643.00,516.49
2024/11/08 07:12:00,644.00,516.44
2024/11/08 07:12:00,645.00,515.91
2024/11/08 07:12:00,646.00,514.25
2024/11/08 07:12:00,647.00,513.88
2024/11/08 07:12:00,648.00,513.56
2024/11/08 07:12:00,649.00,512.19
2024/11/08 07:12:00,650.00,511.16
2024/11/08 07:12:00,651.00,512.29
2024/11/08 07:12:00,652.00,510.13
2024/11/08 07:12:00,653.00,503.96
2024/11/08 07:12:00,654.00,499.51
2024/11/08 07:12:00,655.00,495.74
2024/11/08 07:12:00,656.00,492.77
2024/11/08 07:12:00,657.00,492.33
2024/11/08 07:12:00,658.00,496.65
2024/11/08 07:12:00,659.00,499.96
2024/11/08 07:12:00,660.00,503.05
2024/11/08 07:12:00,661.00,505.24
2024/11/08 07:12:00,662.00,507.01
2024/11/08 07:12:00,663.00,509.03
2024/11/08 07:12:00,664.00,510.54
2024/11/08 07:12:00,665.00,512.00
2024/11/08 07:12:00,666.00,514.15
2024/11/08 07:12:00,667.00,515.07
2024/11/08 07:12:00,668.00,514.81
2024/11/08 07:12:00,669.00,515.58
2024/11/08 07:12:00,670.00,515.76
2024/11/08 07:12:00,671.00,513.72
2024/11/08 07:12:00,672.00,513.59
2024/11/08 07:12:00,673.00,514.13
2024/11/08 07:12:00,674.00,514.15
2024/11/08 07:12:00,675.00,513.70
2024/11/08 07:12:00,676.00,514.32
2024/11/08 07:12:00,677.00,513.53
2024/11/08 07:12:00,678.00,512.74
2024/11/08 07:12:00,679.00,511.31
2024/11/08 07:12:00,680.00,510.62
2024/11/08 07:12:00,681.00,509.94
2024/11/08 07:12:00,682.00,508.70
2024/11/08 07:12:00,683.00,502.26
2024/11/08 07:12:00,684.00,492.07
2024/11/08 07:12:00,685.00,477.51
2024/11/08 07:12:00,686.00,462.23
2024/11/08 07:12:00,687.00,448.41
2024/11/08 07:12:00,688.00,439.58
2024/11/08 07:12:00,689.00,436.17
2024/11/08 07:12:00,690.00,440.04
2024/11/08 07:12:00,691.00,447.00
2024/11/08 07:12:00,692.00,452.83
2024/11/08 07:12:00,693.00,459.73
2024/11/08 07:12:00,694.00,467.55
2024/11/08 07:12:00,695.00,472.63
2024/11/08 07:12:00,696.00,475.35
2024/11/08 07:12:00,697.00,478.26
2024/11/08 07:12:00,698.00,480.39
2024/11/08 07:12:00,699.00,481.02
2024/11/08 07:12:00,700.00,479.92
2024/11/08 07:12:00,701.00,480.66
2024/11/08 07:12:00,702.00,483.07
2024/11/08 07:12:00,703.00,482.75
2024/11/08 07:12:00,704.00,482.93
2024/11/08 07:12:00,705.00,484.44
2024/11/08 07:12:00,706.00,484.83
2024/11/08 07:12:00,707.00,483.57
2024/11/08 07:12:00,708.00,484.10
2024/11/08 07:12:00,709.00,485.12
2024/11/08 07:12:00,710.00,484.61
2024/11/08 07:12:00,711.00,483.31
2024/11/08 07:12:00,712.00,482.19
2024/11/08 07:12:00,713.00,481.02
2024/11/08 07:12:00,714.00,475.50
2024/11/08 07:12:00,715.00,468.11
2024/11/08 07:12:00,716.00,461.94
2024/11/08 07:12:00,717.00,453.14
2024/11/08 07:12:00,718.00,445.25
2024/11/08 07:12:00,719.00,441.67
2024/11/08 07:12:00,720.00,439.65
2024/11/08 07:12:00,721.00,438.76
2024/11/08 07:12:00,722.00,438.69
2024/11/08 07:12:00,723.00,438.90
2024/11/08 07:12:00,724.00,439.73
2024/11/08 07:12:00,725.00,440.56
2024/11/08 07:12:00,726.00,439.09
2024/11/08 07:12:00,727.00,440.15
2024/11/08 07:12:00,728.00,439.92
2024/11/08 07:12:00,729.00,439.61
2024/11/08 07:12:00,730.00,442.22
2024/11/08 07:12:00,731.00,445.98
2024/11/08 07:12:00,732.00,449.53
2024/11/08 07:12:00,733.00,451.89
2024/11/08 07:12:00,734.00,453.79
2024/11/08 07:12:00,735.00,454.34
2024/11/08 07:12:00,736.00,453.70
2024/11/08 07:12:00,737.00,452.77
2024/11/08 07:12:00,738.00,453.64
2024/11/08 07:12:00,739.00,453.56
2024/11/08 07:12:00,740.00,452.96
2024/11/08 07:12:00,741.00,453.53
2024/11/08 07:12:00,742.00,453.84
2024/11/08 07:12:00,743.00,453.28
2024/11/08 07:12:00,744.00,452.55
2024/11/08 07:12:00,745.00,452.82
2024/11/08 07:12:00,746.00,453.79
2024/11/08 07:12:00,747.00,451.27
2024/11/08 07:12:00,748.00,450.66
2024/11/08 07:12:00,749.00,450.72
2024/11/08 07:12:00,750.00,449.99
2024/11/08 07:12:00,751.00,446.74
2024/11/08 07:12:00,752.00,448.31
2024/11/08 07:12:00,753.00,448.13
2024/11/08 07:12:00,754.00,445.64
2024/11/08 07:12:00,755.00,441.64
2024/11/08 07:12:00,756.00,432.34
2024/11/08 07:12:00,757.00,407.41
2024/11/08 07:12:00,758.00,372.74
2024/11/08 07:12:00,759.00,337.42
2024/11/08 07:12:00,760.00,301.95
2024/11/08 07:12:00,761.00,272.39
2024/11/08 07:12:00,762.00,257.66
2024/11/08 07:12:00,763.00,259.61
2024/11/08 07:12:00,764.00,266.92
2024/11/08 07:12:00,765.00,280.17
2024/11/08 07:12:00,766.00,299.95
2024/11/08 07:12:00,767.00,322.26
2024/11/08 07:12:00,768.00,340.61
2024/11/08 07:12:00,769.00,357.54
2024/11/08 07:12:00,770.00,374.09
2024/11/08 07:12:00,771.00,386.22
2024/11/08 07:12:00,772.00,395.37
2024/11/08 07:12:00,773.00,404.13
2024/11/08 07:12:00,774.00,410.65
2024/11/08 07:12:00,775.00,414.34
2024/11/08 07:12:00,776.00,416.00
2024/11/08 07:12:00,777.00,419.13
2024/11/08 07:12:00,778.00,420.94
2024/11/08 07:12:00,779.00,420.32
2024/11/08 07:12:00,780.00,418.12
2024/11/08 07:12:00,781.00,419.77
2024/11/08 07:12:00,782.00,418.21
2024/11/08 07:12:00,783.00,415.39
2024/11/08 07:12:00,784.00,417.52
2024/11/08 07:12:00,785.00,418.05
2024/11/08 07:12:00,786.00,419.10
2024/11/08 07:12:00,787.00,419.03
2024/11/08 07:12:00,788.00,418.60
2024/11/08 07:12:00,789.00,418.71
2024/11/08 07:12:00,790.00,416.21
2024/11/08 07:12:00,791.00,411.95
2024/11/08 07:12:00,792.00,411.98
2024/11/08 07:12:00,793.00,411.80
2024/11/08 07:12:00,794.00,407.36
2024/11/08 07:12:00,795.00,409.39
2024/11/08 07:12:00,796.00,410.97
2024/11/08 07:12:00,797.00,410.91
2024/11/08 07:12:00,798.00,410.24
2024/11/08 07:12:00,799.00,410.90
2024/11/08 07:12:00,800.00,410.71
2024/11/08 07:12:00,801.00,406.28
2024/11/08 07:12:00,802.00,403.41
2024/11/08 07:12:00,803.00,405.49
2024/11/08 07:12:00,804.00,405.04
2024/11/08 07:12:00,805.00,403.34
2024/11/08 07:12:00,806.00,407.43
2024/11/08 07:12:00,807.00,408.13
2024/11/08 07:12:00,808.00,404.95
2024/11/08 07:12:00,809.00,403.84
2024/11/08 07:12:00,810.00,402.87
2024/11/08 07:12:00,811.00,399.06
2024/11/08 07:12:00,812.00,394.09
2024/11/08 07:12:00,813.00,391.14
2024/11/08 07:12:00,814.00,386.49
2024/11/08 07:12:00,815.00,382.13
2024/11/08 07:12:00,816.00,378.61
2024/11/08 07:12:00,817.00,377.67
2024/11/08 07:12:00,818.00,376.36
2024/11/08 07:12:00,819.00,375.55
2024/11/08 07:12:00,820.00,375.89
2024/11/08 07:12:00,821.00,377.07
2024/11/08 07:12:00,822.00,377.42
2024/11/08 07:12:00,823.00,378.27
2024/11/08 07:12:00,824.00,382.14
2024/11/08 07:12:00,825.00,383.64
2024/11/08 07:12:00,826.00,381.06
2024/11/08 07:12:00,827.00,381.95
2024/11/08 07:12:00,828.00,381.97
2024/11/08 07:12:00,829.00,381.73
2024/11/08 07:12:00,830.00,380.18
2024/11/08 07:12:00,831.00,381.04
2024/11/08 07:12:00,832.00,380.43
2024/11/08 07:12:00,833.00,377.41
2024/11/08 07:12:00,834.00,373.89
2024/11/08 07:12:00,835.00,375.08
2024/11/08 07:12:00,836.00,376.14
2024/11/08 07:12:00,837.00,373.25
2024/11/08 07:12:00,838.00,375.83
2024/11/08 07:12:00,839.00,376.15
2024/11/08 07:12:00,840.00,373.21
2024/11/08 07:12:00,841.00,372.69
2024/11/08 07:12:00,842.00,372.81
2024/11/08 07:12:00,843.00,370.26
2024/11/08 07:12:00,844.00,368.40
2024/11/08 07:12:00,845.00,369.17
2024/11/08 07:12:00,846.00,366.51
2024/11/08 07:12:00,847.00,363.31
2024/11/08 07:12:00,848.00,361.53
2024/11/08 07:12:00,849.00,359.25
2024/11/08 07:12:00,850.00,355.56
2024/11/08 07:12:00,851.00,350.34
2024/11/08 07:12:00,852.00,346.77
2024/11/08 07:12:00,853.00,345.04
2024/11/08 07:12:00,854.00,344.50
2024/11/08 07:12:00,855.00,345.12
2024/11/08 07:12:00,856.00,348.59
2024/11/08 07:12:00,857.00,352.00
2024/11/08 07:12:00,858.00,352.47
2024/11/08 07:12:00,859.00,353.93
2024/11/08 07:12:00,860.00,354.78
2024/11/08 07:12:00,861.00,354.81
2024/11/08 07:12:00,862.00,352.45
2024/11/08 07:12:00,863.00,350.14
2024/11/08 07:12:00,864.00,346.47
2024/11/08 07:12:00,865.00,342.60
2024/11/08 07:12:00,866.00,340.54
2024/11/08 07:12:00,867.00,341.20
2024/11/08 07:12:00,868.00,341.67
2024/11/08 07:12:00,869.00,342.84
2024/11/08 07:12:00,870.00,344.99
2024/11/08 07:12:00,871.00,345.52
2024/11/08 07:12:00,872.00,344.85
2024/11/08 07:12:00,873.00,344.31
2024/11/08 07:12:00,874.00,344.29
2024/11/08 07:12:00,875.00,343.29
2024/11/08 07:12:00,876.00,342.33
2024/11/08 07:12:00,877.00,343.13
2024/11/08 07:12:00,878.00,343.17
2024/11/08 07:12:00,879.00,341.81
2024/11/08 07:12:00,880.00,342.39
2024/11/08 07:12:00,881.00,342.20
2024/11/08 07:12:00,882.00,341.93
2024/11/08 07:12:00,883.00,340.56
2024/11/08 07:12:00,884.00,340.08
2024/11/08 07:12:00,885.00,339.01
2024/11/08 07:12:00,886.00,336.82
2024/11/08 07:12:00,887.00,336.65
2024/11/08 07:12:00,888.00,337.91
2024/11/08 07:12:00,889.00,337.99
2024/11/08 07:12:00,890.00,336.96
2024/11/08 07:12:00,891.00,335.31
2024/11/08 07:12:00,892.00,331.96
2024/11/08 07:12:00,893.00,326.93
2024/11/08 07:12:00,894.00,321.02
2024/11/08 07:12:00,895.00,315.14
2024/11/08 07:12:00,896.00,308.51
2024/11/08 07:12:00,897.00,301.81
2024/11/08 07:12:00,898.00,296.01
2024/11/08 07:12:00,899.00,291.62
2024/11/08 07:12:00,900.00,288.03
2024/11/08 07:12:00,901.00,288.99
2024/11/08 07:12:00,902.00,290.77
2024/11/08 07:12:00,903.00,292.74
2024/11/08 07:12:00,904.00,293.36
2024/11/08 07:12:00,905.00,293.53
2024/11/08 07:12:00,906.00,290.93
2024/11/08 07:12:00,907.00,286.92
2024/11/08 07:12:00,908.00,284.54
2024/11/08 07:12:00,909.00,283.30
2024/11/08 07:12:00,910.00,281.58
2024/11/08 07:12:00,911.00,280.56
2024/11/08 07:12:00,912.00,280.60
2024/11/08 07:12:00,913.00,279.41
2024/11/08 07:12:00,914.00,278.54
2024/11/08 07:12:00,915.00,277.72
2024/11/08 07:12:00,916.00,278.92
2024/11/08 07:12:00,917.00,280.35
2024/11/08 07:12:00,918.00,281.08
2024/11/08 07:12:00,919.00,283.55
2024/11/08 07:12:00,920.00,284.11
2024/11/08 07:12:00,921.00,283.81
2024/11/08 07:12:00,922.00,283.61
2024/11/08 07:12:00,923.00,283.68
2024/11/08 07:12:00,924.00,282.19
2024/11/08 07:12:00,925.00,279.85
2024/11/08 07:12:00,926.00,276.16
2024/11/08 07:12:00,927.00,269.35
2024/11/08 07:12:00,928.00,258.64
2024/11/08 07:12:00,929.00,247.00
2024/11/08 07:12:00,930.00,233.57
2024/11/08 07:12:00,931.00,217.74
2024/11/08 07:12:00,932.00,203.67
2024/11/08 07:12:00,933.00,192.64
2024/11/08 07:12:00,934.00,183.42
2024/11/08 07:12:00,935.00,177.08
2024/11/08 07:12:00,936.00,176.38
2024/11/08 07:12:00,937.00,178.81
2024/11/08 07:12:00,938.00,182.10
2024/11/08 07:12:00,939.00,184.96
2024/11/08 07:12:00,940.00,188.74
2024/11/08 07:12:00,941.00,189.27
2024/11/08 07:12:00,942.00,187.18
2024/11/08 07:12:00,943.00,185.47
2024/11/08 07:12:00,944.00,184.43
2024/11/08 07:12:00,945.00,184.77
2024/11/08 07:12:00,946.00,185.19
2024/11/08 07:12:00,947.00,186.80
2024/11/08 07:12:00,948.00,188.84
2024/11/08 07:12:00,949.00,188.83
2024/11/08 07:12:00,950.00,189.74
2024/11/08 07:12:00,951.00,191.02
2024/11/08 07:12:00,952.00,192.12
2024/11/08 07:12:00,953.00,192.29
2024/11/08 07:12:00,954.00,193.54
2024/11/08 07:12:00,955.00,195.53
2024/11/08 07:12:00,956.00,195.89
2024/11/08 07:12:00,957.00,197.86
2024/11/08 07:12:00,958.00,202.32
2024/11/08 07:12:00,959.00,204.68
2024/11/08 07:12:00,960.00,207.88
2024/11/08 07:12:00,961.00,213.01
2024/11/08 07:12:00,962.00,216.27
2024/11/08 07:12:00,963.00,219.22
2024/11/08 07:12:00,964.00,223.70
2024/11/08 07:12:00,965.00,228.69
2024/11/08 07:12:00,966.00,233.43
2024/11/08 07:12:00,967.00,238.70
2024/11/08 07:12:00,968.00,244.88
2024/11/08 07:12:00,969.00,248.58
2024/11/08 07:12:00,970.00,249.96
2024/11/08 07:12:00,971.00,251.50
2024/11/08 07:12:00,972.00,251.33
2024/11/08 07:12:00,973.00,249.36
2024/11/08 07:12:00,974.00,249.66
2024/11/08 07:12:00,975.00,249.37
2024/11/08 07:12:00,976.00,249.83
2024/11/08 07:12:00,977.00,249.65
2024/11/08 07:12:00,978.00,251.26
2024/11/08 07:12:00,979.00,253.07
2024/11/08 07:12:00,980.00,253.18
2024/11/08 07:12:00,981.00,255.06
2024/11/08 07:12:00,982.00,257.83
2024/11/08 07:12:00,983.00,258.76
2024/11/08 07:12:00,984.00,260.81
2024/11/08 07:12:00,985.00,263.07
2024/11/08 07:12:00,986.00,264.36
2024/11/08 07:12:00,987.00,264.90
2024/11/08 07:12:00,988.00,265.17
2024/11/08 07:12:00,989.00,266.51
2024/11/08 07:12:00,990.00,266.88
2024/11/08 07:12:00,991.00,266.28
2024/11/08 07:12:00,992.00,267.25
2024/11/08 07:12:00,993.00,267.20
2024/11/08 07:12:00,994.00,266.49
2024/11/08 07:12:00,995.00,266.79
2024/11/08 07:12:00,996.00,266.98
2024/11/08 07:12:00,997.00,266.49
2024/11/08 07:12:00,998.00,266.27
2024/11/08 07:12:00,999.00,265.60
2024/11/08 07:12:00,1000.00,264.19
2024/11/08 07:12:00,1001.00,262.47
2024/11/08 07:12:00,1002.00,262.43
2024/11/08 07:12:00,1003.00,260.51
2024/11/08 07:12:00,1004.00,258.30
2024/11/08 07:12:00,1005.00,257.69
2024/11/08 07:12:00,1006.00,256.57
2024/11/08 07:12:00,1007.00,256.47
2024/11/08 07:12:00,1008.00,256.19
2024/11/08 07:12:00,1009.00,256.60
2024/11/08 07:12:00,1010.00,257.42
2024/11/08 07:12:00,1011.00,256.36
2024/11/08 07:12:00,1012.00,255.32
2024/11/08 07:12:00,1013.00,255.87
2024/11/08 07:12:00,1014.00,254.04
2024/11/08 07:12:00,1015.00,254.46
2024/11/08 07:12:00,1016.00,255.36
2024/11/08 07:12:00,1017.00,254.96
2024/11/08 07:12:00,1018.00,254.67
2024/11/08 07:12:00,1019.00,254.80
2024/11/08 07:12:00,1020.00,254.48
2024/11/08 07:12:00,1021.00,252.38
2024/11/08 07:12:00,1022.00,251.64
2024/11/08 07:12:00,1023.00,251.76
2024/11/08 07:12:00,1024.00,250.24
2024/11/08 07:12:00,1025.00,249.27
2024/11/08 07:12:00,1026.00,250.72
2024/11/08 07:12:00,1027.00,250.26
2024/11/08 07:12:00,1028.00,249.75
2024/11/08 07:12:00,1029.00,249.86
2024/11/08 07:12:00,1030.00,248.58
2024/11/08 07:12:00,1031.00,247.18
2024/11/08 07:12:00,1032.00,245.81
2024/11/08 07:12:00,1033.00,247.24
2024/11/08 07:12:00,1034.00,247.06
2024/11/08 07:12:00,1035.00,244.97
2024/11/08 07:12:00,1036.00,245.51
2024/11/08 07:12:00,1037.00,245.24
2024/11/08 07:12:00,1038.00,243.91
2024/11/08 07:12:00,1039.00,242.74
2024/11/08 07:12:00,1040.00,243.93
2024/11/08 07:12:00,1041.00,242.86
2024/11/08 07:12:00,1042.00,240.05
2024/11/08 07:12:00,1043.00,240.87
2024/11/08 07:12:00,1044.00,238.62
2024/11/08 07:12:00,1045.00,235.21
2024/11/08 07:12:00,1046.00,237.30
2024/11/08 07:12:00,1047.00,237.05
2024/11/08 07:12:00,1048.00,235.35
2024/11/08 07:12:00,1049.00,236.49
2024/11/08 07:12:00,1050.00,237.01
2024/11/08 07:12:00,1051.00,238.74
2024/11/08 07:12:00,1052.00,236.69
2024/11/08 07:12:00,1053.00,236.06
2024/11/08 07:12:00,1054.00,237.01
2024/11/08 07:12:00,1055.00,233.59
2024/11/08 07:12:00,1056.00,234.12
2024/11/08 07:12:00,1057.00,234.87
2024/11/08 07:12:00,1058.00,231.66
2024/11/08 07:12:00,1059.00,231.10
2024/11/08 07:12:00,1060.00,231.58
2024/11/08 07:12:00,1061.00,231.17
2024/11/08 07:12:00,1062.00,229.15
2024/11/08 07:12:00,1063.00,227.71
2024/11/08 07:12:00,1064.00,230.12
2024/11/08 07:12:00,1065.00,228.64
2024/11/08 07:12:00,1066.00,225.53
2024/11/08 07:12:00,1067.00,227.72
2024/11/08 07:12:00,1068.00,226.19
2024/11/08 07:12:00,1069.00,223.33
2024/11/08 07:12:00,1070.00,223.35
2024/11/08 07:12:00,1071.00,224.60
2024/11/08 07:12:00,1072.00,221.87
2024/11/08 07:12:00,1073.00,217.96
2024/11/08 07:12:00,1074.00,221.61
2024/11/08 07:12:00,1075.00,220.98
2024/11/08 07:12:00,1076.00,216.13
2024/11/08 07:12:00,1077.00,223.62
2024/11/08 07:12:00,1078.00,226.41
2024/11/08 07:12:00,1079.00,225.59
2024/11/08 07:12:00,1080.00,229.40
2024/11/08 07:12:00,1081.00,232.86
2024/11/08 07:12:00,1082.00,230.62
2024/11/08 07:12:00,1083.00,226.34
2024/11/08 07:12:00,1084.00,228.01
2024/11/08 07:12:00,1085.00,223.21
2024/11/08 07:12:00,1086.00,215.30
2024/11/08 07:12:00,1087.00,218.06
2024/11/08 07:12:00,1088.00,221.12
2024/11/08 07:12:00,1089.00,220.80
2024/11/08 07:12:00,1090.00,219.78
2024/11/08 07:12:00,1091.00,221.14
2024/11/08 07:12:00,1092.00,222.56
2024/11/08 07:12:00,1093.00,213.97
2024/11/08 07:12:00,1094.00,216.54
2024/11/08 07:12:00,1095.00,219.92
2024/11/08 07:12:00,1096.00,212.22
2024/11/08 07:12:00,1097.00,217.54
2024/11/08 07:12:00,1098.00,221.32
2024/11/08 07:12:00,1099.00,214.09
2024/11/08 07:12:00,1100.00,214.87
2024/11/08 07:13:00,Wavelength(nm),Irradiance(W/m2/um)
2024/11/08 07:13:00,300.00,6.91
2024/11/08 07:13:00,301.00,7.69
2024/11/08 07:13:00,302.00,8.51
2024/11/08 07:13:00,303.00,9.34
2024/11/08 07:13:00,304.00,10.50
2024/11/08 07:13:00,305.00,12.02
2024/11/08 07:13:00,306.00,13.62
2024/11/08 07:13:00,307.00,15.31
2024/11/08 07:13:00,308.00,17.72
2024/11/08 07:13:00,309.00,20.82
2024/11/08 07:13:00,310.00,24.39
2024/11/08 07:13:00,311.00,28.20
2024/11/08 07:13:00,312.00,32.87
2024/11/08 07:13:00,313.00,38.07
2024/11/08 07:13:00,314.00,43.74
2024/11/08 07:13:00,315.00,49.62
2024/11/08 07:13:00,316.00,56.31
2024/11/08 07:13:00,317.00,63.19
2024/11/08 07:13:00,318.00,69.48
2024/11/08 07:13:00,319.00,75.32
2024/11/08 07:13:00,320.00,81.59
2024/11/08 07:13:00,321.00,88.04
2024/11/08 07:13:00,322.00,95.36
2024/11/08 07:13:00,323.00,104.48
2024/11/08 07:13:00,324.00,114.36
2024/11/08 07:13:00,325.00,124.44
2024/11/08 07:13:00,326.00,135.20
2024/11/08 07:13:00,327.00,145.38
2024/11/08 07:13:00,328.00,153.65
2024/11/08 07:13:00,329.00,160.42
2024/11/08 07:13:00,330.00,166.38
2024/11/08 07:13:00,331.00,170.74
2024/11/08 07:13:00,332.00,173.41
2024/11/08 07:13:00,333.00,174.46
2024/11/08 07:13:00,334.00,175.29
2024/11/08 07:13:00,335.00,176.33
2024/11/08 07:13:00,336.00,177.49
2024/11/08 07:13:00,337.00,179.44
2024/11/08 07:13:00,338.00,182.88
2024/11/08 07:13:00,339.00,187.12
2024/11/08 07:13:00,340.00,190.24
2024/11/08 07:13:00,341.00,192.15
2024/11/08 07:13:00,342.00,193.06
2024/11/08 07:13:00,343.00,193.96
2024/11/08 07:13:00,344.00,193.98
2024/11/08 07:13:00,345.00,194.08
2024/11/08 07:13:00,346.00,195.08
2024/11/08 07:13:00,347.00,197.24
2024/11/08 07:13:00,348.00,199.84
2024/11/08 07:13:00,349.00,203.01
2024/11/08 07:13:00,350.00,206.48
2024/11/08 07:13:00,351.00,211.33
2024/11/08 07:13:00,352.00,216.08
2024/11/08 07:13:00,353.00,218.83
2024/11/08 07:13:00,354.00,218.64
2024/11/08 07:13:00,355.00,215.88
2024/11/08 07:13:00,356.00,212.38
2024/11/08 07:13:00,357.00,209.46
2024/11/08 07:13:00,358.00,206.80
2024/11/08 07:13:00,359.00,207.31
2024/11/08 07:13:00,360.00,212.21
2024/11/08 07:13:00,361.00,217.57
2024/11/08 07:13:00,362.00,223.66
2024/11/08 07:13:00,363.00,233.51
2024/11/08 07:13:00,364.00,244.30
2024/11/08 07:13:00,365.00,252.85
2024/11/08 07:13:00,366.00,260.35
2024/11/08 07:13:00,367.00,266.27
2024/11/08 07:13:00,368.00,268.84
2024/11/08 07:13:00,369.00,268.43
2024/11/08 07:13:00,370.00,264.78
2024/11/08 07:13:00,371.00,258.37
2024/11/08 07:13:00,372.00,251.94
2024/11/08 07:13:00,373.00,247.82
2024/11/08 07:13:00,374.00,248.41
2024/11/08 07:13:00,375.00,255.33
2024/11/08 07:13:00,376.00,264.92
2024/11/08 07:13:00,377.00,273.88
2024/11/08 07:13:00,378.00,280.12
2024/11/08 07:13:00,379.00,278.52
2024/11/08 07:13:00,380.00,267.30
2024/11/08 07:13:00,381.00,254.02
2024/11/08 07:13:00,382.00,243.39
2024/11/08 07:13:00,383.00,235.37
2024/11/08 07:13:00,384.00,232.20
2024/11/08 07:13:00,385.00,236.71
2024/11/08 07:13:00,386.00,244.84
2024/11/08 07:13:00,387.00,254.92
2024/11/08 07:13:00,388.00,266.82
2024/11/08 07:13:00,389.00,276.64
2024/11/08 07:13:00,390.00,278.32
2024/11/08 07:13:00,391.00,274.07
2024/11/08 07:13:00,392.00,270.13
2024/11/08 07:13:00,393.00,263.45
2024/11/08 07:13:00,394.00,255.63
2024/11/08 07:13:00,395.00,259.87
2024/11/08 07:13:00,396.00,279.30
2024/11/08 07:13:00,397.00,302.95
2024/11/08 07:13:00,398.00,330.56
2024/11/08 07:13:00,399.00,364.01
2024/11/08 07:13:00,400.00,393.76
2024/11/08 07:13:00,401.00,413.09
2024/11/08 07:13:00,402.00,423.74
2024/11/08 07:13:00,403.00,426.26
2024/11/08 07:13:00,404.00,424.10
2024/11/08 07:13:00,405.00,422.49
2024/11/08 07:13:00,406.00,422.18
2024/11/08 07:13:00,407.00,422.43
2024/11/08 07:13:00,408.00,424.99
2024/11/08 07:13:00,409.00,431.32
2024/11/08 07:13:00,410.00,437.43
2024/11/08 07:13:00,411.00,442.74
2024/11/08 07:13:00,412.00,448.31
2024/11/08 07:13:00,413.00,454.69
2024/11/08 07:13:00,414.00,458.63
2024/11/08 07:13:00,415.00,460.16
2024/11/08 07:13:00,416.00,460.11
2024/11/08 07:13:00,417.00,460.07
2024/11/08 07:13:00,418.00,460.26
2024/11/08 07:13:00,419.00,460.32
2024/11/08 07:13:00,420.00,460.88
2024/11/08 07:13:00,421.00,461.70
2024/11/08 07:13:00,422.00,462.56
2024/11/08 07:13:00,423.00,462.59
2024/11/08 07:13:00,424.00,461.20
2024/11/08 07:13:00,425.00,459.41
2024/11/08 07:13:00,426.00,456.47
2024/11/08 07:13:00,427.00,447.69
2024/11/08 07:13:00,428.00,435.87
2024/11/08 07:13:00,429.00,428.39
2024/11/08 07:13:00,430.00,428.25
2024/11/08 07:13:00,431.00,433.12
2024/11/08 07:13:00,432.00,445.07
2024/11/08 07:13:00,433.00,463.75
2024/11/08 07:13:00,434.00,482.29
2024/11/08 07:13:00,435.00,491.59
2024/11/08 07:13:00,436.00,495.77
2024/11/08 07:13:00,437.00,499.23
2024/11/08 07:13:00,438.00,502.71
2024/11/08 07:13:00,439.00,506.04
2024/11/08 07:13:00,440.00,513.73
2024/11/08 07:13:00,441.00,524.77
2024/11/08 07:13:00,442.00,535.61
2024/11/08 07:13:00,443.00,542.66
2024/11/08 07:13:00,444.00,547.98
2024/11/08 07:13:00,445.00,552.78
2024/11/08 07:13:00,446.00,558.32
2024/11/08 07:13:00,447.00,565.72
2024/11/08 07:13:00,448.00,576.25
2024/11/08 07:13:00,449.00,585.12
2024/11/08 07:13:00,450.00,590.24
2024/11/08 07:13:00,451.00,591.25
2024/11/08 07:13:00,452.00,591.11
2024/11/08 07:13:00,453.00,590.32
2024/11/08 07:13:00,454.00,590.84
2024/11/08 07:13:00,455.00,593.50
2024/11/08 07:13:00,456.00,597.61
2024/11/08 07:13:00,457.00,601.39
2024/11/08 07:13:00,458.00,604.27
2024/11/08 07:13:00,459.00,607.57
2024/11/08 07:13:00,460.00,610.09
2024/11/08 07:13:00,461.00,613.85
2024/11/08 07:13:00,462.00,615.92
2024/11/08 07:13:00,463.00,615.17
2024/11/08 07:13:00,464.00,612.73
2024/11/08 07:13:00,465.00,609.99
2024/11/08 07:13:00,466.00,607.42
2024/11/08 07:13:00,467.00,605.41
2024/11/08 07:13:00,468.00,604.65
2024/11/08 07:13:00,469.00,604.99
2024/11/08 07:13:00,470.00,606.25
2024/11/08 07:13:00,471.00,606.27
2024/11/08 07:13:00,472.00,608.51
2024/11/08 07:13:00,473.00,610.39
2024/11/08 07:13:00,474.00,610.28
2024/11/08 07:13:00,475.00,611.21
2024/11/08 07:13:00,476.00,613.06
2024/11/08 07:13:00,477.00,615.73
2024/11/08 07:13:00,478.00,619.39
2024/11/08 07:13:00,479.00,623.42
2024/11/08 07:13:00,480.00,625.86
2024/11/08 07:13:00,481.00,625.64
2024/11/08 07:13:00,482.00,620.72
2024/11/08 07:13:00,483.00,611.81
2024/11/08 07:13:00,484.00,597.77
2024/11/08 07:13:00,485.00,586.41
2024/11/08 07:13:00,486.00,579.46
2024/11/08 07:13:00,487.00,577.83
2024/11/08 07:13:00,488.00,582.11
2024/11/08 07:13:00,489.00,590.93
2024/11/08 07:13:00,490.00,596.03
2024/11/08 07:13:00,491.00,600.15
2024/11/08 07:13:00,492.00,602.60
2024/11/08 07:13:00,493.00,604.73
2024/11/08 07:13:00,494.00,607.39
2024/11/08 07:13:00,495.00,610.57
2024/11/08 07:13:00,496.00,610.13
2024/11/08 07:13:00,497.00,608.08
2024/11/08 07:13:00,498.00,602.99
2024/11/08 07:13:00,499.00,596.63
2024/11/08 07:13:00,500.00,591.33
2024/11/08 07:13:00,501.00,588.49
2024/11/08 07:13:00,502.00,587.71
2024/11/08 07:13:00,503.00,589.05
2024/11/08 07:13:00,504.00,591.80
2024/11/08 07:13:00,505.00,594.71
2024/11/08 07:13:00,506.00,596.67
2024/11/08 07:13:00,507.00,597.71
2024/11/08 07:13:00,508.00,598.21
2024/11/08 07:13:00,509.00,598.26
2024/11/08 07:13:00,510.00,597.18
2024/11/08 07:13:00,511.00,595.45
2024/11/08 07:13:00,512.00,593.25
2024/11/08 07:13:00,513.00,588.49
2024/11/08 07:13:00,514.00,579.47
2024/11/08 07:13:00,515.00,568.35
2024/11/08 07:13:00,516.00,560.28
2024/11/08 07:13:00,517.00,555.01
2024/11/08 07:13:00,518.00,552.76
2024/11/08 07:13:00,519.00,555.31
2024/11/08 07:13:00,520.00,563.39
2024/11/08 07:13:00,521.00,570.29
2024/11/08 07:13:00,522.00,576.44
2024/11/08 07:13:00,523.00,579.31
2024/11/08 07:13:00,524.00,579.56
2024/11/08 07:13:00,525.00,578.89
2024/11/08 07:13:00,526.00,579.96
2024/11/08 07:13:00,527.00,580.04
2024/11/08 07:13:00,528.00,582.17
2024/11/08 07:13:00,529.00,585.70
2024/11/08 07:13:00,530.00,587.27
2024/11/08 07:13:00,531.00,587.76
2024/11/08 07:13:00,532.00,587.62
2024/11/08 07:13:00,533.00,587.20
2024/11/08 07:13:00,534.00,586.57
2024/11/08 07:13:00,535.00,587.82
2024/11/08 07:13:00,536.00,586.84
2024/11/08 07:13:00,537.00,584.27
2024/11/08 07:13:00,538.00,580.85
2024/11/08 07:13:00,539.00,578.33
2024/11/08 07:13:00,540.00,576.09
2024/11/08 07:13:00,541.00,574.93
2024/11/08 07:13:00,542.00,576.02
2024/11/08 07:13:00,543.00,577.29
2024/11/08 07:13:00,544.00,578.28
2024/11/08 07:13:00,545.00,578.99
2024/11/08 07:13:00,546.00,580.26
2024/11/08 07:13:00,547.00,581.00
2024/11/08 07:13:00,548.00,580.24
2024/11/08 07:13:00,549.00,580.04
2024/11/08 07:13:00,550.00,580.74
2024/11/08 07:13:00,551.00,579.35
2024/11/08 07:13:00,552.00,578.61
2024/11/08 07:13:00,553.00,579.76
2024/11/08 07:13:00,554.00,578.23
2024/11/08 07:13:00,555.00,575.26
2024/11/08 07:13:00,556.00,571.81
2024/11/08 07:13:00,557.00,567.19
2024/11/08 07:13:00,558.00,563.43
2024/11/08 07:13:00,559.00,561.08
2024/11/08 07:13:00,560.00,559.29
2024/11/08 07:13:00,561.00,560.59
2024/11/08 07:13:00,562.00,560.60
2024/11/08 07:13:00,563.00,558.98
2024/11/08 07:13:00,564.00,558.89
2024/11/08 07:13:00,565.00,557.76
2024/11/08 07:13:00,566.00,554.88
2024/11/08 07:13:00,567.00,553.66
2024/11/08 07:13:00,568.00,550.34
2024/11/08 07:13:00,569.00,548.94
2024/11/08 07:13:00,570.00,548.34
2024/11/08 07:13:00,571.00,548.15
2024/11/08 07:13:00,572.00,547.66
2024/11/08 07:13:00,573.00,547.38
2024/11/08 07:13:00,574.00,546.42
2024/11/08 07:13:00,575.00,545.13
2024/11/08 07:13:00,576.00,543.05
2024/11/08 07:13:00,577.00,543.06
2024/11/08 07:13:00,578.00,544.17
2024/11/08 07:13:00,579.00,544.48
2024/11/08 07:13:00,580.00,546.78
2024/11/08 07:13:00,581.00,549.79
2024/11/08 07:13:00,582.00,551.74
2024/11/08 07:13:00,583.00,554.24
2024/11/08 07:13:00,584.00,555.77
2024/11/08 07:13:00,585.00,554.23
2024/11/08 07:13:00,586.00,551.36
2024/11/08 07:13:00,587.00,546.46
2024/11/08 07:13:00,588.00,543.66
2024/11/08 07:13:00,589.00,541.67
2024/11/08 07:13:00,590.00,538.98
2024/11/08 07:13:00,591.00,539.00
2024/11/08 07:13:00,592.00,540.65
2024/11/08 07:13:00,593.00,540.69
2024/11/08 07:13:00,594.00,540.92
2024/11/08 07:13:00,595.00,541.89
2024/11/08 07:13:00,596.00,540.46
2024/11/08 07:13:00,597.00,541.18
2024/11/08 07:13:00,598.00,539.15
2024/11/08 07:13:00,599.00,536.60
2024/11/08 07:13:00,600.00,535.73
2024/11/08 07:13:00,601.00,536.23
2024/11/08 07:13:00,602.00,536.00
2024/11/08 07:13:00,603.00,536.93
2024/11/08 07:13:00,604.00,537.21
2024/11/08 07:13:00,605.00,538.11
2024/11/08 07:13:00,606.00,537.69
2024/11/08 07:13:00,607.00,535.91
2024/11/08 07:13:00,608.00,535.08
2024/11/08 07:13:00,609.00,533.99
2024/11/08 07:13:00,610.00,531.60
2024/11/08 07:13:00,611.00,530.00
2024/11/08 07:13:00,612.00,527.53
2024/11/08 07:13:00,613.00,525.00
2024/11/08 07:13:00,614.00,522.71
2024/11/08 07:13:00,615.00,520.63
2024/11/08 07:13:00,616.00,520.76
2024/11/08 07:13:00,617.00,521.94
2024/11/08 07:13:00,618.00,522.99
2024/11/08 07:13:00,619.00,524.76
2024/11/08 07:13:00,620.00,524.34
2024/11/08 07:13:00,621.00,523.65
2024/11/08 07:13:00,622.00,522.84
2024/11/08 07:13:00,623.00,520.41
2024/11/08 07:13:00,624.00,519.64
2024/11/08 07:13:00,625.00,517.89
2024/11/08 07:13:00,626.00,514.74
2024/11/08 07:13:00,627.00,512.80
2024/11/08 07:13:00,628.00,511.11
2024/11/08 07:13:00,629.00,508.24
2024/11/08 07:13:00,630.00,509.38
2024/11/08 07:13:00,631.00,509.01
2024/11/08 07:13:00,632.00,509.43
2024/11/08 07:13:00,633.00,511.28
2024/11/08 07:13:00,634.00,513.03
2024/11/08 07:13:00,635.00,514.56
2024/11/08 07:13:00,636.00,517.53
2024/11/08 07:13:00,637.00,518.97
2024/11/08 07:13:00,638.00,520.34
2024/11/08 07:13:00,639.00,520.73
2024/11/08 07:13:00,640.00,521.41
2024/11/08 07:13:00,641.00,522.38
2024/11/08 07:13:00,642.00,522.25
2024/11/08 07:13:00,643.00,521.57
2024/11/08 07:13:00,644.00,520.95
2024/11/08 07:13:00,645.00,518.98
2024/11/08 07:13:00,646.00,517.46
2024/11/08 07:13:00,647.00,515.67
2024/11/08 07:13:00,648.00,515.10
2024/11/08 07:13:00,649.00,515.61
2024/11/08 07:13:00,650.00,514.85
2024/11/08 07:13:00,651.00,515.14
2024/11/08 07:13:00,652.00,513.52
2024/11/08 07:13:00,653.00,507.39
2024/11/08 07:13:00,654.00,501.32
2024/11/08 07:13:00,655.00,497.14
2024/11/08 07:13:00,656.00,493.33
2024/11/08 07:13:00,657.00,493.69
2024/11/08 07:13:00,658.00,498.41
2024/11/08 07:13:00,659.00,502.86
2024/11/08 07:13:00,660.00,507.15
2024/11/08 07:13:00,661.00,509.75
2024/11/08 07:13:00,662.00,512.05
2024/11/08 07:13:00,663.00,513.78
2024/11/08 07:13:00,664.00,515.34
2024/11/08 07:13:00,665.00,516.45
2024/11/08 07:13:00,666.00,518.18
2024/11/08 07:13:00,667.00,518.94
2024/11/08 07:13:00,668.00,519.03
2024/11/08 07:13:00,669.00,519.26
2024/11/08 07:13:00,670.00,518.00
2024/11/08 07:13:00,671.00,517.64
2024/11/08 07:13:00,672.00,516.47
2024/11/08 07:13:00,673.00,515.90
2024/11/08 07:13:00,674.00,516.50
2024/11/08 07:13:00,675.00,516.47
2024/11/08 07:13:00,676.00,515.56
2024/11/08 07:13:00,677.00,516.32
2024/11/08 07:13:00,678.00,515.83
2024/11/08 07:13:00,679.00,514.70
2024/11/08 07:13:00,680.00,514.43
2024/11/08 07:13:00,681.00,514.11
2024/11/08 07:13:00,682.00,512.55
2024/11/08 07:13:00,683.00,507.09
2024/11/08 07:13:00,684.00,496.00
2024/11/08 07:13:00,685.00,482.58
2024/11/08 07:13:00,686.00,467.02
2024/11/08 07:13:00,687.00,452.25
2024/11/08 07:13:00,688.00,443.09
2024/11/08 07:13:00,689.00,440.07
2024/11/08 07:13:00,690.00,444.14
2024/11/08 07:13:00,691.00,451.08
2024/11/08 07:13:00,692.00,457.88
2024/11/08 07:13:00,693.00,465.44
2024/11/08 07:13:00,694.00,472.25
2024/11/08 07:13:00,695.00,476.23
2024/11/08 07:13:00,696.00,480.12
2024/11/08 07:13:00,697.00,482.65
2024/11/08 07:13:00,698.00,484.43
2024/11/08 07:13:00,699.00,485.40
2024/11/08 07:13:00,700.00,483.74
2024/11/08 07:13:00,701.00,484.23
2024/11/08 07:13:00,702.00,485.58
2024/11/08 07:13:00,703.00,485.44
2024/11/08 07:13:00,704.00,486.22
2024/11/08 07:13:00,705.00,487.96
2024/11/08 07:13:00,706.00,486.99
2024/11/08 07:13:00,707.00,488.18
2024/11/08 07:13:00,708.00,488.28
2024/11/08 07:13:00,709.00,488.12
2024/11/08 07:13:00,710.00,488.19
2024/11/08 07:13:00,711.00,487.37
2024/11/08 07:13:00,712.00,486.48
2024/11/08 07:13:00,713.00,484.86
2024/11/08 07:13:00,714.00,480.92
2024/11/08 07:13:00,715.00,475.15
2024/11/08 07:13:00,716.00,467.48
2024/11/08 07:13:00,717.00,457.35
2024/11/08 07:13:00,718.00,449.36
2024/11/08 07:13:00,719.00,444.75
2024/11/08 07:13:00,720.00,442.68
2024/11/08 07:13:00,721.00,442.59
2024/11/08 07:13:00,722.00,441.26
2024/11/08 07:13:00,723.00,441.42
2024/11/08 07:13:00,724.00,440.43
2024/11/08 07:13:00,725.00,439.20
2024/11/08 07:13:00,726.00,439.66
2024/11/08 07:13:00,727.00,442.05
2024/11/08 07:13:00,728.00,443.20
2024/11/08 07:13:00,729.00,444.53
2024/11/08 07:13:00,730.00,446.70
2024/11/08 07:13:00,731.00,450.13
2024/11/08 07:13:00,732.00,452.91
2024/11/08 07:13:00,733.00,454.13
2024/11/08 07:13:00,734.00,457.69
2024/11/08 07:13:00,735.00,458.94
2024/11/08 07:13:00,736.00,458.34
2024/11/08 07:13:00,737.00,457.47
2024/11/08 07:13:00,738.00,456.58
2024/11/08 07:13:00,739.00,455.01
2024/11/08 07:13:00,740.00,453.64
2024/11/08 07:13:00,741.00,453.53
2024/11/08 07:13:00,742.00,454.25
2024/11/08 07:13:00,743.00,454.62
2024/11/08 07:13:00,744.00,454.94
2024/11/08 07:13:00,745.00,455.80
2024/11/08 07:13:00,746.00,455.13
2024/11/08 07:13:00,747.00,455.64
2024/11/08 07:13:00,748.00,454.68
2024/11/08 07:13:00,749.00,453.04
2024/11/08 07:13:00,750.00,451.47
2024/11/08 07:13:00,751.00,450.10
2024/11/08 07:13:00,752.00,447.67
2024/11/08 07:13:00,753.00,447.61
2024/11/08 07:13:00,754.00,444.03
2024/11/08 07:13:00,755.00,441.14
2024/11/08 07:13:00,756.00,431.55
2024/11/08 07:13:00,757.00,406.52
2024/11/08 07:13:00,758.00,373.11
2024/11/08 07:13:00,759.00,340.17
2024/11/08 07:13:00,760.00,304.54
2024/11/08 07:13:00,761.00,275.80
2024/11/08 07:13:00,762.00,260.75
2024/11/08 07:13:00,763.00,259.96
2024/11/08 07:13:00,764.00,267.67
2024/11/08 07:13:00,765.00,280.96
2024/11/08 07:13:00,766.00,300.26
2024/11/08 07:13:00,767.00,323.07
2024/11/08 07:13:00,768.00,341.92
2024/11/08 07:13:00,769.00,359.60
2024/11/08 07:13:00,770.00,376.02
2024/11/08 07:13:00,771.00,389.73
2024/11/08 07:13:00,772.00,401.29
2024/11/08 07:13:00,773.00,409.33
2024/11/08 07:13:00,774.00,415.98
2024/11/08 07:13:00,775.00,420.58
2024/11/08 07:13:00,776.00,420.71
2024/11/08 07:13:00,777.00,422.70
2024/11/08 07:13:00,778.00,424.01
2024/11/08 07:13:00,779.00,422.71
2024/11/08 07:13:00,780.00,422.45
2024/11/08 07:13:00,781.00,423.22
2024/11/08 07:13:00,782.00,423.53
2024/11/08 07:13:00,783.00,424.14
2024/11/08 07:13:00,784.00,423.15
2024/11/08 07:13:00,785.00,421.28
2024/11/08 07:13:00,786.00,420.76
2024/11/08 07:13:00,787.00,418.84
2024/11/08 07:13:00,788.00,418.91
2024/11/08 07:13:00,789.00,419.28
2024/11/08 07:13:00,790.00,420.19
2024/11/08 07:13:00,791.00,417.24
2024/11/08 07:13:00,792.00,415.16
2024/11/08 07:13:00,793.00,412.81
2024/11/08 07:13:00,794.00,409.49
2024/11/08 07:13:00,795.00,407.91
2024/11/08 07:13:00,796.00,409.90
2024/11/08 07:13:00,797.00,406.93
2024/11/08 07:13:00,798.00,405.85
2024/11/08 07:13:00,799.00,406.79
2024/11/08 07:13:00,800.00,405.40
2024/11/08 07:13:00,801.00,403.98
2024/11/08 07:13:00,802.00,405.92
2024/11/08 07:13:00,803.00,406.43
2024/11/08 07:13:00,804.00,408.12
2024/11/08 07:13:00,805.00,408.18
2024/11/08 07:13:00,806.00,408.63
2024/11/08 07:13:00,807.00,409.52
2024/11/08 07:13:00,808.00,407.27
2024/11/08 07:13:00,809.00,407.12
2024/11/08 07:13:00,810.00,408.28
2024/11/08 07:13:00,811.00,405.12
2024/11/08 07:13:00,812.00,401.82
2024/11/08 07:13:00,813.00,398.84
2024/11/08 07:13:00,814.00,393.46
2024/11/08 07:13:00,815.00,388.84
2024/11/08 07:13:00,816.00,384.09
2024/11/08 07:13:00,817.00,380.45
2024/11/08 07:13:00,818.00,379.53
2024/11/08 07:13:00,819.00,375.17
2024/11/08 07:13:00,820.00,374.38
2024/11/08 07:13:00,821.00,375.40
2024/11/08 07:13:00,822.00,377.10
2024/11/08 07:13:00,823.00,381.23
2024/11/08 07:13:00,824.00,383.89
2024/11/08 07:13:00,825.00,386.04
2024/11/08 07:13:00,826.00,387.81
2024/11/08 07:13:00,827.00,385.47
2024/11/08 07:13:00,828.00,384.37
2024/11/08 07:13:00,829.00,381.73
2024/11/08 07:13:00,830.00,379.44
2024/11/08 07:13:00,831.00,378.71
2024/11/08 07:13:00,832.00,377.50
2024/11/08 07:13:00,833.00,379.53
2024/11/08 07:13:00,834.00,379.80
2024/11/08 07:13:00,835.00,380.51
2024/11/08 07:13:00,836.00,381.93
2024/11/08 07:13:00,837.00,380.79
2024/11/08 07:13:00,838.00,379.81
2024/11/08 07:13:00,839.00,379.52
2024/11/08 07:13:00,840.00,377.08
2024/11/08 07:13:00,841.00,375.88
2024/11/08 07:13:00,842.00,375.59
2024/11/08 07:13:00,843.00,372.65
2024/11/08 07:13:00,844.00,373.51
2024/11/08 07:13:00,845.00,372.01
2024/11/08 07:13:00,846.00,367.23
2024/11/08 07:13:00,847.00,365.18
2024/11/08 07:13:00,848.00,361.23
2024/11/08 07:13:00,849.00,358.64
2024/11/08 07:13:00,850.00,356.33
2024/11/08 07:13:00,851.00,352.14
2024/11/08 07:13:00,852.00,349.08
2024/11/08 07:13:00,853.00,347.39
2024/11/08 07:13:00,854.00,346.92
2024/11/08 07:13:00,855.00,348.24
2024/11/08 07:13:00,856.00,351.06
2024/11/08 07:13:00,857.00,354.32
2024/11/08 07:13:00,858.00,356.49
2024/11/08 07:13:00,859.00,356.03
2024/11/08 07:13:00,860.00,356.83
2024/11/08 07:13:00,861.00,356.53
2024/11/08 07:13:00,862.00,354.58
2024/11/08 07:13:00,863.00,351.61
2024/11/08 07:13:00,864.00,347.18
2024/11/08 07:13:00,865.00,345.16
2024/11/08 07:13:00,866.00,343.71
2024/11/08 07:13:00,867.00,343.84
2024/11/08 07:13:00,868.00,346.37
2024/11/08 07:13:00,869.00,347.86
2024/11/08 07:13:00,870.00,347.37
2024/11/08 07:13:00,871.00,348.03
2024/11/08 07:13:00,872.00,346.92
2024/11/08 07:13:00,873.00,347.41
2024/11/08 07:13:00,874.00,347.01
2024/11/08 07:13:00,875.00,346.51
2024/11/08 07:13:00,876.00,346.82
2024/11/08 07:13:00,877.00,346.52
2024/11/08 07:13:00,878.00,345.22
2024/11/08 07:13:00,879.00,345.53
2024/11/08 07:13:00,880.00,343.86
2024/11/08 07:13:00,881.00,343.66
2024/11/08 07:13:00,882.00,343.21
2024/11/08 07:13:00,883.00,342.73
2024/11/08 07:13:00,884.00,342.69
2024/11/08 07:13:00,885.00,341.67
2024/11/08 07:13:00,886.00,341.13
2024/11/08 07:13:00,887.00,340.72
2024/11/08 07:13:00,888.00,339.87
2024/11/08 07:13:00,889.00,339.55
2024/11/08 07:13:00,890.00,338.43
2024/11/08 07:13:00,891.00,335.11
2024/11/08 07:13:00,892.00,331.51
2024/11/08 07:13:00,893.00,326.56
2024/11/08 07:13:00,894.00,321.32
2024/11/08 07:13:00,895.00,315.62
2024/11/08 07:13:00,896.00,309.64
2024/11/08 07:13:00,897.00,304.61
2024/11/08 07:13:00,898.00,298.80
2024/11/08 07:13:00,899.00,294.50
2024/11/08 07:13:00,900.00,293.57
2024/11/08 07:13:00,901.00,293.41
2024/11/08 07:13:00,902.00,295.33
2024/11/08 07:13:00,903.00,297.48
2024/11/08 07:13:00,904.00,297.83
2024/11/08 07:13:00,905.00,296.10
2024/11/08 07:13:00,906.00,292.72
2024/11/08 07:13:00,907.00,290.35
2024/11/08 07:13:00,908.00,287.39
2024/11/08 07:13:00,909.00,285.70
2024/11/08 07:13:00,910.00,285.39
2024/11/08 07:13:00,911.00,284.03
2024/11/08 07:13:00,912.00,282.34
2024/11/08 07:13:00,913.00,281.37
2024/11/08 07:13:00,914.00,279.48
2024/11/08 07:13:00,915.00,278.72
2024/11/08 07:13:00,916.00,279.19
2024/11/08 07:13:00,917.00,279.66
2024/11/08 07:13:00,918.00,281.74
2024/11/08 07:13:00,919.00,283.27
2024/11/08 07:13:00,920.00,285.51
2024/11/08 07:13:00,921.00,287.53
2024/11/08 07:13:00,922.00,286.97
2024/11/08 07:13:00,923.00,286.67
2024/11/08 07:13:00,924.00,285.20
2024/11/08 07:13:00,925.00,282.34
2024/11/08 07:13:00,926.00,278.36
2024/11/08 07:13:00,927.00,272.07
2024/11/08 07:13:00,928.00,262.42
2024/11/08 07:13:00,929.00,250.98
2024/11/08 07:13:00,930.00,236.23
2024/11/08 07:13:00,931.00,221.14
2024/11/08 07:13:00,932.00,205.82
2024/11/08 07:13:00,933.00,193.00
2024/11/08 07:13:00,934.00,182.51
2024/11/08 07:13:00,935.00,176.17
2024/11/08 07:13:00,936.00,175.22
2024/11/08 07:13:00,937.00,178.32
2024/11/08 07:13:00,938.00,182.46
2024/11/08 07:13:00,939.00,187.74
2024/11/08 07:13:00,940.00,190.67
2024/11/08 07:13:00,941.00,191.40
2024/11/08 07:13:00,942.00,190.20
2024/11/08 07:13:00,943.00,187.93
2024/11/08 07:13:00,944.00,186.65
2024/11/08 07:13:00,945.00,185.66
2024/11/08 07:13:00,946.00,184.75
2024/11/08 07:13:00,947.00,187.20
2024/11/08 07:13:00,948.00,188.25
2024/11/08 07:13:00,949.00,190.65
2024/11/08 07:13:00,950.00,193.03
2024/11/08 07:13:00,951.00,194.64
2024/11/08 07:13:00,952.00,195.59
2024/11/08 07:13:00,953.00,196.38
2024/11/08 07:13:00,954.00,197.01
2024/11/08 07:13:00,955.00,199.12
2024/11/08 07:13:00,956.00,200.16
2024/11/08 07:13:00,957.00,202.17
2024/11/08 07:13:00,958.00,205.29
2024/11/08 07:13:00,959.00,208.19
2024/11/08 07:13:00,960.00,211.83
2024/11/08 07:13:00,961.00,214.47
2024/11/08 07:13:00,962.00,218.49
2024/11/08 07:13:00,963.00,220.92
2024/11/08 07:13:00,964.00,224.80
2024/11/08 07:13:00,965.00,229.15
2024/11/08 07:13:00,966.00,234.13
2024/11/08 07:13:00,967.00,239.76
2024/11/08 07:13:00,968.00,246.00
2024/11/08 07:13:00,969.00,249.49
2024/11/08 07:13:00,970.00,252.23
2024/11/08 07:13:00,971.00,253.35
2024/11/08 07:13:00,972.00,252.61
2024/11/08 07:13:00,973.00,251.73
2024/11/08 07:13:00,974.00,251.09
2024/11/08 07:13:00,975.00,251.32
2024/11/08 07:13:00,976.00,252.70
2024/11/08 07:13:00,977.00,253.51
2024/11/08 07:13:00,978.00,254.44
2024/11/08 07:13:00,979.00,255.35
2024/11/08 07:13:00,980.00,256.69
2024/11/08 07:13:00,981.00,259.66
2024/11/08 07:13:00,982.00,260.99
2024/11/08 07:13:00,983.00,263.39
2024/11/08 07:13:00,984.00,264.69
2024/11/08 07:13:00,985.00,265.63
2024/11/08 07:13:00,986.00,266.48
2024/11/08 07:13:00,987.00,266.69
2024/11/08 07:13:00,988.00,266.81
2024/11/08 07:13:00,989.00,267.44
2024/11/08 07:13:00,990.00,267.22
2024/11/08 07:13:00,991.00,267.56
2024/11/08 07:13:00,992.00,267.87
2024/11/08 07:13:00,993.00,267.79
2024/11/08 07:13:00,994.00,268.41
2024/11/08 07:13:00,995.00,267.59
2024/11/08 07:13:00,996.00,268.26
2024/11/08 07:13:00,997.00,267.07
2024/11/08 07:13:00,998.00,267.39
2024/11/08 07:13:00,999.00,267.28
2024/11/08 07:13:00,1000.00,266.46
2024/11/08 07:13:00,1001.00,265.31
2024/11/08 07:13:00,1002.00,265.26
2024/11/08 07:13:00,1003.00,262.61
2024/11/08 07:13:00,1004.00,261.32
2024/11/08 07:13:00,1005.00,260.26
2024/11/08 07:13:00,1006.00,259.40
2024/11/08 07:13:00,1007.00,258.72
2024/11/08 07:13:00,1008.00,258.68
2024/11/08 07:13:00,1009.00,258.75
2024/11/08 07:13:00,1010.00,257.61
2024/11/08 07:13:00,1011.00,257.58
2024/11/08 07:13:00,1012.00,258.38
2024/11/08 07:13:00,1013.00,257.15
2024/11/08 07:13:00,1014.00,258.12
2024/11/08 07:13:00,1015.00,258.86
2024/11/08 07:13:00,1016.00,258.27
2024/11/08 07:13:00,1017.00,258.20
2024/11/08 07:13:00,1018.00,256.88
2024/11/08 07:13:00,1019.00,255.64
2024/11/08 07:13:00,1020.00,254.96
2024/11/08 07:13:00,1021.00,253.14
2024/11/08 07:13:00,1022.00,252.63
2024/11/08 07:13:00,1023.00,252.04
2024/11/08 07:13:00,1024.00,252.34
2024/11/08 07:13:00,1025.00,252.92
2024/11/08 07:13:00,1026.00,252.98
2024/11/08 07:13:00,1027.00,253.48
2024/11/08 07:13:00,1028.00,252.48
2024/11/08 07:13:00,1029.00,251.30
2024/11/08 07:13:00,1030.00,251.01
2024/11/08 07:13:00,1031.00,248.39
2024/11/08 07:13:00,1032.00,247.35
2024/11/08 07:13:00,1033.00,246.71
2024/11/08 07:13:00,1034.00,246.74
2024/11/08 07:13:00,1035.00,247.56
2024/11/08 07:13:00,1036.00,246.72
2024/11/08 07:13:00,1037.00,246.64
2024/11/08 07:13:00,1038.00,246.54
2024/11/08 07:13:00,1039.00,245.01
2024/11/08 07:13:00,1040.00,244.83
2024/11/08 07:13:00,1041.00,243.38
2024/11/08 07:13:00,1042.00,242.25
2024/11/08 07:13:00,1043.00,242.00
2024/11/08 07:13:00,1044.00,240.60
2024/11/08 07:13:00,1045.00,239.93
2024/11/08 07:13:00,1046.00,241.93
2024/11/08 07:13:00,1047.00,239.91
2024/11/08 07:13:00,1048.00,239.47
2024/11/08 07:13:00,1049.00,237.77
2024/11/08 07:13:00,1050.00,236.24
2024/11/08 07:13:00,1051.00,238.82
2024/11/08 07:13:00,1052.00,237.96
2024/11/08 07:13:00,1053.00,237.53
2024/11/08 07:13:00,1054.00,234.82
2024/11/08 07:13:00,1055.00,233.54
2024/11/08 07:13:00,1056.00,233.30
2024/11/08 07:13:00,1057.00,231.96
2024/11/08 07:13:00,1058.00,233.24
2024/11/08 07:13:00,1059.00,230.75
2024/11/08 07:13:00,1060.00,230.37
2024/11/08 07:13:00,1061.00,228.91
2024/11/08 07:13:00,1062.00,229.15
2024/11/08 07:13:00,1063.00,228.76
2024/11/08 07:13:00,1064.00,228.35
2024/11/08 07:13:00,1065.00,227.85
2024/11/08 07:13:00,1066.00,227.81
2024/11/08 07:13:00,1067.00,225.76
2024/11/08 07:13:00,1068.00,227.53
2024/11/08 07:13:00,1069.00,227.40
2024/11/08 07:13:00,1070.00,227.96
2024/11/08 07:13:00,1071.00,230.91
2024/11/08 07:13:00,1072.00,229.69
2024/11/08 07:13:00,1073.00,231.01
2024/11/08 07:13:00,1074.00,231.00
2024/11/08 07:13:00,1075.00,230.34
2024/11/08 07:13:00,1076.00,232.20
2024/11/08 07:13:00,1077.00,228.74
2024/11/08 07:13:00,1078.00,230.59
2024/11/08 07:13:00,1079.00,227.49
2024/11/08 07:13:00,1080.00,225.72
2024/11/08 07:13:00,1081.00,224.71
2024/11/08 07:13:00,1082.00,221.58
2024/11/08 07:13:00,1083.00,221.03
2024/11/08 07:13:00,1084.00,224.42
2024/11/08 07:13:00,1085.00,219.99
2024/11/08 07:13:00,1086.00,223.78
2024/11/08 07:13:00,1087.00,221.68
2024/11/08 07:13:00,1088.00,219.48
2024/11/08 07:13:00,1089.00,220.91
2024/11/08 07:13:00,1090.00,214.77
2024/11/08 07:13:00,1091.00,218.54
2024/11/08 07:13:00,1092.00,216.90
2024/11/08 07:13:00,1093.00,218.20
2024/11/08 07:13:00,1094.00,222.52
2024/11/08 07:13:00,1095.00,216.37
2024/11/08 07:13:00,1096.00,216.54
2024/11/08 07:13:00,1097.00,219.05
2024/11/08 07:13:00,1098.00,217.42
2024/11/08 07:13:00,1099.00,222.16
2024/11/08 07:13:00,1100.00,224.25
2024/11/08 07:14:00,Wavelength(nm),Irradiance(W/m2/um)
2024/11/08 07:14:00,300.00,7.50
2024/11/08 07:14:00,301.00,7.93
2024/11/08 07:14:00,302.00,8.46
2024/11/08 07:14:00,303.00,9.41
2024/11/08 07:14:00,304.00,10.48
2024/11/08 07:14:00,305.00,11.88
2024/11/08 07:14:00,306.00,13.27
2024/11/08 07:14:00,307.00,15.52
2024/11/08 07:14:00,308.00,18.39
2024/11/08 07:14:00,309.00,21.19
2024/11/08 07:14:00,310.00,25.01
2024/11/08 07:14:00,311.00,29.23
2024/11/08 07:14:00,312.00,33.69
2024/11/08 07:14:00,313.00,38.57
2024/11/08 07:14:00,314.00,44.26
2024/11/08 07:14:00,315.00,50.17
2024/11/08 07:14:00,316.00,56.82
2024/11/08 07:14:00,317.00,63.30
2024/11/08 07:14:00,318.00,70.04
2024/11/08 07:14:00,319.00,76.43
2024/11/08 07:14:00,320.00,82.36
2024/11/08 07:14:00,321.00,89.10
2024/11/08 07:14:00,322.00,97.28
2024/11/08 07:14:00,323.00,106.14
2024/11/08 07:14:00,324.00,115.79
2024/11/08 07:14:00,325.00,126.24
2024/11/08 07:14:00,326.00,136.87
2024/11/08 07:14:00,327.00,146.94
2024/11/08 07:14:00,328.00,155.07
2024/11/08 07:14:00,329.00,162.15
2024/11/08 07:14:00,330.00,168.02
2024/11/08 07:14:00,331.00,172.03
2024/11/08 07:14:00,332.00,174.74
2024/11/08 07:14:00,333.00,176.01
2024/11/08 07:14:00,334.00,176.68
2024/11/08 07:14:00,335.00,177.73
2024/11/08 07:14:00,336.00,179.22
2024/11/08 07:14:00,337.00,180.86
2024/11/08 07:14:00,338.00,184.44
2024/11/08 07:14:00,339.00,188.52
2024/11/08 07:14:00,340.00,191.84
2024/11/08 07:14:00,341.00,193.63
2024/11/08 07:14:00,342.00,194.52
2024/11/08 07:14:00,343.00,195.06
2024/11/08 07:14:00,344.00,195.32
2024/11/08 07:14:00,345.00,195.19
2024/11/08 07:14:00,346.00,196.42
2024/11/08 07:14:00,347.00,198.91
2024/11/08 07:14:00,348.00,201.66
2024/11/08 07:14:00,349.00,204.47
2024/11/08 07:14:00,350.00,207.79
2024/11/08 07:14:00,351.00,212.86
2024/11/08 07:14:00,352.00,217.55
2024/11/08 07:14:00,353.00,220.42
2024/11/08 07:14:00,354.00,220.94
2024/11/08 07:14:00,355.00,218.45
2024/11/08 07:14:00,356.00,214.88
2024/11/08 07:14:00,357.00,211.66
2024/11/08 07:14:00,358.00,209.00
2024/11/08 07:14:00,359.00,209.39
2024/11/08 07:14:00,360.00,214.57
2024/11/08 07:14:00,361.00,219.61
2024/11/08 07:14:00,362.00,226.43
2024/11/08 07:14:00,363.00,236.47
2024/11/08 07:14:00,364.00,247.08
2024/11/08 07:14:00,365.00,255.37
2024/11/08 07:14:00,366.00,263.07
2024/11/08 07:14:00,367.00,268.34
2024/11/08 07:14:00,368.00,270.80
2024/11/08 07:14:00,369.00,270.21
2024/11/08 07:14:00,370.00,266.52
2024/11/08 07:14:00,371.00,260.33
2024/11/08 07:14:00,372.00,253.69
2024/11/08 07:14:00,373.00,249.78
2024/11/08 07:14:00,374.00,250.63
2024/11/08 07:14:00,375.00,257.55
2024/11/08 07:14:00,376.00,266.92
2024/11/08 07:14:00,377.00,276.18
2024/11/08 07:14:00,378.00,282.47
2024/11/08 07:14:00,379.00,280.61
2024/11/08 07:14:00,380.00,268.90
2024/11/08 07:14:00,381.00,255.66
2024/11/08 07:14:00,382.00,245.24
2024/11/08 07:14:00,383.00,236.75
2024/11/08 07:14:00,384.00,234.08
2024/11/08 07:14:00,385.00,239.09
2024/11/08 07:14:00,386.00,247.09
2024/11/08 07:14:00,387.00,257.15
2024/11/08 07:14:00,388.00,268.93
2024/11/08 07:14:00,389.00,278.83
2024/11/08 07:14:00,390.00,280.56
2024/11/08 07:14:00,391.00,276.19
2024/11/08 07:14:00,392.00,272.57
2024/11/08 07:14:00,393.00,265.96
2024/11/08 07:14:00,394.00,257.56
2024/11/08 07:14:00,395.00,262.05
2024/11/08 07:14:00,396.00,282.12
2024/11/08 07:14:00,397.00,305.45
2024/11/08 07:14:00,398.00,333.81
2024/11/08 07:14:00,399.00,367.95
2024/11/08 07:14:00,400.00,398.18
2024/11/08 07:14:00,401.00,417.41
2024/11/08 07:14:00,402.00,427.94
2024/11/08 07:14:00,403.00,430.42
2024/11/08 07:14:00,404.00,428.57
2024/11/08 07:14:00,405.00,426.47
2024/11/08 07:14:00,406.00,426.13
2024/11/08 07:14:00,407.00,426.49
2024/11/08 07:14:00,408.00,429.14
2024/11/08 07:14:00,409.00,434.73
2024/11/08 07:14:00,410.00,440.62
2024/11/08 07:14:00,411.00,446.27
2024/11/08 07:14:00,412.00,452.20
2024/11/08 07:14:00,413.00,458.08
2024/11/08 07:14:00,414.00,462.32
2024/11/08 07:14:00,415.00,464.21
2024/11/08 07:14:00,416.00,463.76
2024/11/08 07:14:00,417.00,463.55
2024/11/08 07:14:00,418.00,464.16
2024/11/08 07:14:00,419.00,464.43
2024/11/08 07:14:00,420.00,464.92
2024/11/08 07:14:00,421.00,466.31
2024/11/08 07:14:00,422.00,467.48
2024/11/08 07:14:00,423.00,467.63
2024/11/08 07:14:00,424.00,466.11
2024/11/08 07:14:00,425.00,464.54
2024/11/08 07:14:00,426.00,460.57
2024/11/08 07:14:00,427.00,451.12
2024/11/08 07:14:00,428.00,438.56
2024/11/08 07:14:00,429.00,431.86
2024/11/08 07:14:00,430.00,431.45
2024/11/08 07:14:00,431.00,435.92
2024/11/08 07:14:00,432.00,448.07
2024/11/08 07:14:00,433.00,467.14
2024/11/08 07:14:00,434.00,484.99
2024/11/08 07:14:00,435.00,493.74
2024/11/08 07:14:00,436.00,498.81
2024/11/08 07:14:00,437.00,502.98
2024/11/08 07:14:00,438.00,506.15
2024/11/08 07:14:00,439.00,509.45
2024/11/08 07:14:00,440.00,518.05
2024/11/08 07:14:00,441.00,529.92
2024/11/08 07:14:00,442.00,540.65
2024/11/08 07:14:00,443.00,548.32
2024/11/08 07:14:00,444.00,554.01
2024/11/08 07:14:00,445.00,558.27
2024/11/08 07:14:00,446.00,562.39
2024/11/08 07:14:00,447.00,569.76
2024/11/08 07:14:00,448.00,580.33
2024/11/08 07:14:00,449.00,589.39
2024/11/08 07:14:00,450.00,593.84
2024/11/08 07:14:00,451.00,595.74
2024/11/08 07:14:00,452.00,595.32
2024/11/08 07:14:00,453.00,593.31
2024/11/08 07:14:00,454.00,594.03
2024/11/08 07:14:00,455.00,597.93
2024/11/08 07:14:00,456.00,602.18
2024/11/08 07:14:00,457.00,606.19
2024/11/08 07:14:00,458.00,609.49
2024/11/08 07:14:00,459.00,612.53
2024/11/08 07:14:00,460.00,615.40
2024/11/08 07:14:00,461.00,616.79
2024/11/08 07:14:00,462.00,618.72
2024/11/08 07:14:00,463.00,619.04
2024/11/08 07:14:00,464.00,616.14
2024/11/08 07:14:00,465.00,612.52
2024/11/08 07:14:00,466.00,611.36
2024/11/08 07:14:00,467.00,609.32
2024/11/08 07:14:00,468.00,608.03
2024/11/08 07:14:00,469.00,608.93
2024/11/08 07:14:00,470.00,610.65
2024/11/08 07:14:00,471.00,612.03
2024/11/08 07:14:00,472.00,613.50
2024/11/08 07:14:00,473.00,616.28
2024/11/08 07:14:00,474.00,616.99
2024/11/08 07:14:00,475.00,617.79
2024/11/08 07:14:00,476.00,619.28
2024/11/08 07:14:00,477.00,622.01
2024/11/08 07:14:00,478.00,623.58
2024/11/08 07:14:00,479.00,626.99
2024/11/08 07:14:00,480.00,629.62
2024/11/08 07:14:00,481.00,629.62
2024/11/08 07:14:00,482.00,625.40
2024/11/08 07:14:00,483.00,615.97
2024/11/08 07:14:00,484.00,602.47
2024/11/08 07:14:00,485.00,591.02
2024/11/08 07:14:00,486.00,583.36
2024/11/08 07:14:00,487.00,581.46
2024/11/08 07:14:00,488.00,585.40
2024/11/08 07:14:00,489.00,593.33
2024/11/08 07:14:00,490.00,598.69
2024/11/08 07:14:00,491.00,602.90
2024/11/08 07:14:00,492.00,606.44
2024/11/08 07:14:00,493.00,609.83
2024/11/08 07:14:00,494.00,611.41
2024/11/08 07:14:00,495.00,614.32
2024/11/08 07:14:00,496.00,614.52
2024/11/08 07:14:00,497.00,611.37
2024/11/08 07:14:00,498.00,606.65
2024/11/08 07:14:00,499.00,601.86
2024/11/08 07:14:00,500.00,596.23
2024/11/08 07:14:00,501.00,593.08
2024/11/08 07:14:00,502.00,591.21
2024/11/08 07:14:00,503.00,593.91
2024/11/08 07:14:00,504.00,597.44
2024/11/08 07:14:00,505.00,599.74
2024/11/08 07:14:00,506.00,601.48
2024/11/08 07:14:00,507.00,603.34
2024/11/08 07:14:00,508.00,603.31
2024/11/08 07:14:00,509.00,602.18
2024/11/08 07:14:00,510.00,602.46
2024/11/08 07:14:00,511.00,601.65
2024/11/08 07:14:00,512.00,599.00
2024/11/08 07:14:00,513.00,593.37
2024/11/08 07:14:00,514.00,584.54
2024/11/08 07:14:00,515.00,573.48
2024/11/08 07:14:00,516.00,564.82
2024/11/08 07:14:00,517.00,558.15
2024/11/08 07:14:00,518.00,556.62
2024/11/08 07:14:00,519.00,560.52
2024/11/08 07:14:00,520.00,567.52
2024/11/08 07:14:00,521.00,573.86
2024/11/08 07:14:00,522.00,581.50
2024/11/08 07:14:00,523.00,583.94
2024/11/08 07:14:00,524.00,581.70
2024/11/08 07:14:00,525.00,580.44
2024/11/08 07:14:00,526.00,581.17
2024/11/08 07:14:00,527.00,581.08
2024/11/08 07:14:00,528.00,583.54
2024/11/08 07:14:00,529.00,588.68
2024/11/08 07:14:00,530.00,592.20
2024/11/08 07:14:00,531.00,592.26
2024/11/08 07:14:00,532.00,592.92
2024/11/08 07:14:00,533.00,592.79
2024/11/08 07:14:00,534.00,592.13
2024/11/08 07:14:00,535.00,591.88
2024/11/08 07:14:00,536.00,592.08
2024/11/08 07:14:00,537.00,590.32
2024/11/08 07:14:00,538.00,587.06
2024/11/08 07:14:00,539.00,583.95
2024/11/08 07:14:00,540.00,582.82
2024/11/08 07:14:00,541.00,581.46
2024/11/08 07:14:00,542.00,580.77
2024/11/08 07:14:00,543.00,582.07
2024/11/08 07:14:00,544.00,583.98
2024/11/08 07:14:00,545.00,583.57
2024/11/08 07:14:00,546.00,584.52
2024/11/08 07:14:00,547.00,585.32
2024/11/08 07:14:00,548.00,585.05
2024/11/08 07:14:00,549.00,584.96
2024/11/08 07:14:00,550.00,584.59
2024/11/08 07:14:00,551.00,584.72
2024/11/08 07:14:00,552.00,584.33
2024/11/08 07:14:00,553.00,582.82
2024/11/08 07:14:00,554.00,580.88
2024/11/08 07:14:00,555.00,579.69
2024/11/08 07:14:00,556.00,575.96
2024/11/08 07:14:00,557.00,572.40
2024/11/08 07:14:00,558.00,569.35
2024/11/08 07:14:00,559.00,567.82
2024/11/08 07:14:00,560.00,567.31
2024/11/08 07:14:00,561.00,567.22
2024/11/08 07:14:00,562.00,568.42
2024/11/08 07:14:00,563.00,568.90
2024/11/08 07:14:00,564.00,566.99
2024/11/08 07:14:00,565.00,565.52
2024/11/08 07:14:00,566.00,562.93
2024/11/08 07:14:00,567.00,559.16
2024/11/08 07:14:00,568.00,555.93
2024/11/08 07:14:00,569.00,554.13
2024/11/08 07:14:00,570.00,553.34
2024/11/08 07:14:00,571.00,553.22
2024/11/08 07:14:00,572.00,552.35
2024/11/08 07:14:00,573.00,553.37
2024/11/08 07:14:00,574.00,554.00
2024/11/08 07:14:00,575.00,551.22
2024/11/08 07:14:00,576.00,549.70
2024/11/08 07:14:00,577.00,549.87
2024/11/08 07:14:00,578.00,548.71
2024/11/08 07:14:00,579.00,549.60
2024/11/08 07:14:00,580.00,552.07
2024/11/08 07:14:00,581.00,555.56
2024/11/08 07:14:00,582.00,558.10
2024/11/08 07:14:00,583.00,559.46
2024/11/08 07:14:00,584.00,560.28
2024/11/08 07:14:00,585.00,559.78
2024/11/08 07:14:00,586.00,554.35
2024/11/08 07:14:00,587.00,549.28
2024/11/08 07:14:00,588.00,546.16
2024/11/08 07:14:00,589.00,542.42
2024/11/08 07:14:00,590.00,539.92
2024/11/08 07:14:00,591.00,540.89
2024/11/08 07:14:00,592.00,542.89
2024/11/08 07:14:00,593.00,544.32
2024/11/08 07:14:00,594.00,543.86
2024/11/08 07:14:00,595.00,545.44
2024/11/08 07:14:00,596.00,546.61
2024/11/08 07:14:00,597.00,545.65
2024/11/08 07:14:00,598.00,543.76
2024/11/08 07:14:00,599.00,542.15
2024/11/08 07:14:00,600.00,541.73
2024/11/08 07:14:00,601.00,540.88
2024/11/08 07:14:00,602.00,540.04
2024/11/08 07:14:00,603.00,540.93
2024/11/08 07:14:00,604.00,542.56
2024/11/08 07:14:00,605.00,540.53
2024/11/08 07:14:00,606.00,540.56
2024/11/08 07:14:00,607.00,540.70
2024/11/08 07:14:00,608.00,538.95
2024/11/08 07:14:00,609.00,536.86
2024/11/08 07:14:00,610.00,536.71
2024/11/08 07:14:00,611.00,535.21
2024/11/08 07:14:00,612.00,533.64
2024/11/08 07:14:00,613.00,532.11
2024/11/08 07:14:00,614.00,532.08
2024/11/08 07:14:00,615.00,530.15
2024/11/08 07:14:00,616.00,528.16
2024/11/08 07:14:00,617.00,528.31
2024/11/08 07:14:00,618.00,529.53
2024/11/08 07:14:00,619.00,528.91
2024/11/08 07:14:00,620.00,529.05
2024/11/08 07:14:00,621.00,529.55
2024/11/08 07:14:00,622.00,527.89
2024/11/08 07:14:00,623.00,525.88
2024/11/08 07:14:00,624.00,523.59
2024/11/08 07:14:00,625.00,522.70
2024/11/08 07:14:00,626.00,519.76
2024/11/08 07:14:00,627.00,516.52
2024/11/08 07:14:00,628.00,514.22
2024/11/08 07:14:00,629.00,513.33
2024/11/08 07:14:00,630.00,511.79
2024/11/08 07:14:00,631.00,512.65
2024/11/08 07:14:00,632.00,515.09
2024/11/08 07:14:00,633.00,516.89
2024/11/08 07:14:00,634.00,518.33
2024/11/08 07:14:00,635.00,520.54
2024/11/08 07:14:00,636.00,522.28
2024/11/08 07:14:00,637.00,523.58
2024/11/08 07:14:00,638.00,523.16
2024/11/08 07:14:00,639.00,524.80
2024/11/08 07:14:00,640.00,524.61
2024/11/08 07:14:00,641.00,523.98
2024/11/08 07:14:00,642.00,524.21
2024/11/08 07:14:00,643.00,526.17
2024/11/08 07:14:00,644.00,525.49
2024/11/08 07:14:00,645.00,524.17
2024/11/08 07:14:00,646.00,523.51
2024/11/08 07:14:00,647.00,522.12
2024/11/08 07:14:00,648.00,520.32
2024/11/08 07:14:00,649.00,520.08
2024/11/08 07:14:00,650.00,520.29
2024/11/08 07:14:00,651.00,519.71
2024/11/08 07:14:00,652.00,517.13
2024/11/08 07:14:00,653.00,512.49
2024/11/08 07:14:00,654.00,506.40
2024/11/08 07:14:00,655.00,502.46
2024/11/08 07:14:00,656.00,500.12
2024/11/08 07:14:00,657.00,500.54
2024/11/08 07:14:00,658.00,503.82
2024/11/08 07:14:00,659.00,508.10
2024/11/08 07:14:00,660.00,510.60
2024/11/08 07:14:00,661.00,513.30
2024/11/08 07:14:00,662.00,514.15
2024/11/08 07:14:00,663.00,515.20
2024/11/08 07:14:00,664.00,516.57
2024/11/08 07:14:00,665.00,519.56
2024/11/08 07:14:00,666.00,521.34
2024/11/08 07:14:00,667.00,522.83
2024/11/08 07:14:00,668.00,523.89
2024/11/08 07:14:00,669.00,525.14
2024/11/08 07:14:00,670.00,524.16
2024/11/08 07:14:00,671.00,522.24
2024/11/08 07:14:00,672.00,521.78
2024/11/08 07:14:00,673.00,521.18
2024/11/08 07:14:00,674.00,518.83
2024/11/08 07:14:00,675.00,517.45
2024/11/08 07:14:00,676.00,517.72
2024/11/08 07:14:00,677.00,517.45
2024/11/08 07:14:00,678.00,517.48
2024/11/08 07:14:00,679.00,518.17
2024/11/08 07:14:00,680.00,517.27
2024/11/08 07:14:00,681.00,516.55
2024/11/08 07:14:00,682.00,515.46
2024/11/08 07:14:00,683.00,510.59
2024/11/08 07:14:00,684.00,499.45
2024/11/08 07:14:00,685.00,484.73
2024/11/08 07:14:00,686.00,470.12
2024/11/08 07:14:00,687.00,455.36
2024/11/08 07:14:00,688.00,444.80
2024/11/08 07:14:00,689.00,442.62
2024/11/08 07:14:00,690.00,447.98
2024/11/08 07:14:00,691.00,454.15
2024/11/08 07:14:00,692.00,461.39
2024/11/08 07:14:00,693.00,469.10
2024/11/08 07:14:00,694.00,475.72
2024/11/08 07:14:00,695.00,480.68
2024/11/08 07:14:00,696.00,482.67
2024/11/08 07:14:00,697.00,484.94
2024/11/08 07:14:00,698.00,487.15
2024/11/08 07:14:00,699.00,487.52
2024/11/08 07:14:00,700.00,487.19
2024/11/08 07:14:00,701.00,488.72
2024/11/08 07:14:00,702.00,488.13
2024/11/08 07:14:00,703.00,489.35
2024/11/08 07:14:00,704.00,490.19
2024/11/08 07:14:00,705.00,491.00
2024/11/08 07:14:00,706.00,493.50
2024/11/08 07:14:00,707.00,493.48
2024/11/08 07:14:00,708.00,493.46
2024/11/08 07:14:00,709.00,494.23
2024/11/08 07:14:00,710.00,492.13
2024/11/08 07:14:00,711.00,491.23
2024/11/08 07:14:00,712.00,490.90
2024/11/08 07:14:00,713.00,488.30
2024/11/08 07:14:00,714.00,484.56
2024/11/08 07:14:00,715.00,479.15
2024/11/08 07:14:00,716.00,471.45
2024/11/08 07:14:00,717.00,464.22
2024/11/08 07:14:00,718.00,455.63
2024/11/08 07:14:00,719.00,451.67
2024/11/08 07:14:00,720.00,449.01
2024/11/08 07:14:00,721.00,445.67
2024/11/08 07:14:00,722.00,444.41
2024/11/08 07:14:00,723.00,445.61
2024/11/08 07:14:00,724.00,443.89
2024/11/08 07:14:00,725.00,441.93
2024/11/08 07:14:00,726.00,442.95
2024/11/08 07:14:00,727.00,443.89
2024/11/08 07:14:00,728.00,445.09
2024/11/08 07:14:00,729.00,445.84
2024/11/08 07:14:00,730.00,450.03
2024/11/08 07:14:00,731.00,455.71
2024/11/08 07:14:00,732.00,456.80
2024/11/08 07:14:00,733.00,458.67
2024/11/08 07:14:00,734.00,461.92
2024/11/08 07:14:00,735.00,462.37
2024/11/08 07:14:00,736.00,459.06
2024/11/08 07:14:00,737.00,458.72
2024/11/08 07:14:00,738.00,457.99
2024/11/08 07:14:00,739.00,456.86
2024/11/08 07:14:00,740.00,455.97
2024/11/08 07:14:00,741.00,457.85
2024/11/08 07:14:00,742.00,458.49
2024/11/08 07:14:00,743.00,456.68
2024/11/08 07:14:00,744.00,458.85
2024/11/08 07:14:00,745.00,459.62
2024/11/08 07:14:00,746.00,458.44
2024/11/08 07:14:00,747.00,457.91
2024/11/08 07:14:00,748.00,458.76
2024/11/08 07:14:00,749.00,457.48
2024/11/08 07:14:00,750.00,456.42
2024/11/08 07:14:00,751.00,455.47
2024/11/08 07:14:00,752.00,455.61
2024/11/08 07:14:00,753.00,455.17
2024/11/08 07:14:00,754.00,450.75
2024/11/08 07:14:00,755.00,448.30
2024/11/08 07:14:00,756.00,438.04
2024/11/08 07:14:00,757.00,411.11
2024/11/08 07:14:00,758.00,376.93
2024/11/08 07:14:00,759.00,342.08
2024/11/08 07:14:00,760.00,304.63
2024/11/08 07:14:00,761.00,274.40
2024/11/08 07:14:00,762.00,262.89
2024/11/08 07:14:00,763.00,264.54
2024/11/08 07:14:00,764.00,271.83
2024/11/08 07:14:00,765.00,286.03
2024/11/08 07:14:00,766.00,306.63
2024/11/08 07:14:00,767.00,325.23
2024/11/08 07:14:00,768.00,344.46
2024/11/08 07:14:00,769.00,362.42
2024/11/08 07:14:00,770.00,377.31
2024/11/08 07:14:00,771.00,391.07
2024/11/08 07:14:00,772.00,399.01
2024/11/08 07:14:00,773.00,408.76
2024/11/08 07:14:00,774.00,416.77
2024/11/08 07:14:00,775.00,420.92
2024/11/08 07:14:00,776.00,425.02
2024/11/08 07:14:00,777.00,428.64
2024/11/08 07:14:00,778.00,425.74
2024/11/08 07:14:00,779.00,424.02
2024/11/08 07:14:00,780.00,426.83
2024/11/08 07:14:00,781.00,425.25
2024/11/08 07:14:00,782.00,426.29
2024/11/08 07:14:00,783.00,427.01
2024/11/08 07:14:00,784.00,427.57
2024/11/08 07:14:00,785.00,427.80
2024/11/08 07:14:00,786.00,424.95
2024/11/08 07:14:00,787.00,425.05
2024/11/08 07:14:00,788.00,424.13
2024/11/08 07:14:00,789.00,419.61
2024/11/08 07:14:00,790.00,418.00
2024/11/08 07:14:00,791.00,419.08
2024/11/08 07:14:00,792.00,416.09
2024/11/08 07:14:00,793.00,416.31
2024/11/08 07:14:00,794.00,415.62
2024/11/08 07:14:00,795.00,413.94
2024/11/08 07:14:00,796.00,412.59
2024/11/08 07:14:00,797.00,411.47
2024/11/08 07:14:00,798.00,410.55
2024/11/08 07:14:00,799.00,411.87
2024/11/08 07:14:00,800.00,409.68
2024/11/08 07:14:00,801.00,411.66
2024/11/08 07:14:00,802.00,413.98
2024/11/08 07:14:00,803.00,412.79
2024/11/08 07:14:00,804.00,412.99
2024/11/08 07:14:00,805.00,414.25
2024/11/08 07:14:00,806.00,413.83
2024/11/08 07:14:00,807.00,412.43
2024/11/08 07:14:00,808.00,413.18
2024/11/08 07:14:00,809.00,411.92
2024/11/08 07:14:00,810.00,408.81
2024/11/08 07:14:00,811.00,405.53
2024/11/08 07:14:00,812.00,404.72
2024/11/08 07:14:00,813.00,400.50
2024/11/08 07:14:00,814.00,394.93
2024/11/08 07:14:00,815.00,391.91
2024/11/08 07:14:00,816.00,387.64
2024/11/08 07:14:00,817.00,383.79
2024/11/08 07:14:00,818.00,382.54
2024/11/08 07:14:00,819.00,384.80
2024/11/08 07:14:00,820.00,384.70
2024/11/08 07:14:00,821.00,382.41
2024/11/08 07:14:00,822.00,384.83
2024/11/08 07:14:00,823.00,388.31
2024/11/08 07:14:00,824.00,386.47
2024/11/08 07:14:00,825.00,386.07
2024/11/08 07:14:00,826.00,386.81
2024/11/08 07:14:00,827.00,384.93
2024/11/08 07:14:00,828.00,382.71
2024/11/08 07:14:00,829.00,383.14
2024/11/08 07:14:00,830.00,384.18
2024/11/08 07:14:00,831.00,385.37
2024/11/08 07:14:00,832.00,383.93
2024/11/08 07:14:00,833.00,384.28
2024/11/08 07:14:00,834.00,384.54
2024/11/08 07:14:00,835.00,383.47
2024/11/08 07:14:00,836.00,382.03
2024/11/08 07:14:00,837.00,382.27
2024/11/08 07:14:00,838.00,380.28
2024/11/08 07:14:00,839.00,378.52
2024/11/08 07:14:00,840.00,379.89
2024/11/08 07:14:00,841.00,380.13
2024/11/08 07:14:00,842.00,379.19
2024/11/08 07:14:00,843.00,378.08
2024/11/08 07:14:00,844.00,377.44
2024/11/08 07:14:00,845.00,375.08
2024/11/08 07:14:00,846.00,371.29
2024/11/08 07:14:00,847.00,369.44
2024/11/08 07:14:00,848.00,368.06
2024/11/08 07:14:00,849.00,365.44
2024/11/08 07:14:00,850.00,360.64
2024/11/08 07:14:00,851.00,357.55
2024/11/08 07:14:00,852.00,352.77
2024/11/08 07:14:00,853.00,348.45
2024/11/08 07:14:00,854.00,348.09
2024/11/08 07:14:00,855.00,349.80
2024/11/08 07:14:00,856.00,351.51
2024/11/08 07:14:00,857.00,355.32
2024/11/08 07:14:00,858.00,358.85
2024/11/08 07:14:00,859.00,359.12
2024/11/08 07:14:00,860.00,359.25
2024/11/08 07:14:00,861.00,361.60
2024/11/08 07:14:00,862.00,361.27
2024/11/08 07:14:00,863.00,357.23
2024/11/08 07:14:00,864.00,353.78
2024/11/08 07:14:00,865.00,351.62
2024/11/08 07:14:00,866.00,348.04
2024/11/08 07:14:00,867.00,347.60
2024/11/08 07:14:00,868.00,349.49
2024/11/08 07:14:00,869.00,351.93
2024/11/08 07:14:00,870.00,351.46
2024/11/08 07:14:00,871.00,351.97
2024/11/08 07:14:00,872.00,352.52
2024/11/08 07:14:00,873.00,351.86
2024/11/08 07:14:00,874.00,350.42
2024/11/08 07:14:00,875.00,350.35
2024/11/08 07:14:00,876.00,349.61
2024/11/08 07:14:00,877.00,348.21
2024/11/08 07:14:00,878.00,347.52
2024/11/08 07:14:00,879.00,347.85
2024/11/08 07:14:00,880.00,346.95
2024/11/08 07:14:00,881.00,346.56
2024/11/08 07:14:00,882.00,346.95
2024/11/08 07:14:00,883.00,347.53
2024/11/08 07:14:00,884.00,346.55
2024/11/08 07:14:00,885.00,346.87
2024/11/08 07:14:00,886.00,345.73
2024/11/08 07:14:00,887.00,344.16
2024/11/08 07:14:00,888.00,342.42
2024/11/08 07:14:00,889.00,341.30
2024/11/08 07:14:00,890.00,340.03
2024/11/08 07:14:00,891.00,337.68
2024/11/08 07:14:00,892.00,334.50
2024/11/08 07:14:00,893.00,331.79
2024/11/08 07:14:00,894.00,325.99
2024/11/08 07:14:00,895.00,319.01
2024/11/08 07:14:00,896.00,313.44
2024/11/08 07:14:00,897.00,306.86
2024/11/08 07:14:00,898.00,300.09
2024/11/08 07:14:00,899.00,295.75
2024/11/08 07:14:00,900.00,293.96
2024/11/08 07:14:00,901.00,294.41
2024/11/08 07:14:00,902.00,295.73
2024/11/08 07:14:00,903.00,297.80
2024/11/08 07:14:00,904.00,299.82
2024/11/08 07:14:00,905.00,297.57
2024/11/08 07:14:00,906.00,294.29
2024/11/08 07:14:00,907.00,291.57
2024/11/08 07:14:00,908.00,289.43
2024/11/08 07:14:00,909.00,287.29
2024/11/08 07:14:00,910.00,286.18
2024/11/08 07:14:00,911.00,285.07
2024/11/08 07:14:00,912.00,283.74
2024/11/08 07:14:00,913.00,281.54
2024/11/08 07:14:00,914.00,281.36
2024/11/08 07:14:00,915.00,280.38
2024/11/08 07:14:00,916.00,281.07
2024/11/08 07:14:00,917.00,281.97
2024/11/08 07:14:00,918.00,284.87
2024/11/08 07:14:00,919.00,286.59
2024/11/08 07:14:00,920.00,288.12
2024/11/08 07:14:00,921.00,288.61
2024/11/08 07:14:00,922.00,288.95
2024/11/08 07:14:00,923.00,287.16
2024/11/08 07:14:00,924.00,286.70
2024/11/08 07:14:00,925.00,285.10
2024/11/08 07:14:00,926.00,280.73
2024/11/08 07:14:00,927.00,274.35
2024/11/08 07:14:00,928.00,265.51
2024/11/08 07:14:00,929.00,253.08
2024/11/08 07:14:00,930.00,237.36
2024/11/08 07:14:00,931.00,220.85
2024/11/08 07:14:00,932.00,207.08
2024/11/08 07:14:00,933.00,193.77
2024/11/08 07:14:00,934.00,183.03
2024/11/08 07:14:00,935.00,178.85
2024/11/08 07:14:00,936.00,178.94
2024/11/08 07:14:00,937.00,180.29
2024/11/08 07:14:00,938.00,184.70
2024/11/08 07:14:00,939.00,190.17
2024/11/08 07:14:00,940.00,192.47
2024/11/08 07:14:00,941.00,192.64
2024/11/08 07:14:00,942.00,192.42
2024/11/08 07:14:00,943.00,190.69
2024/11/08 07:14:00,944.00,189.10
2024/11/08 07:14:00,945.00,190.38
2024/11/08 07:14:00,946.00,191.69
2024/11/08 07:14:00,947.00,191.67
2024/11/08 07:14:00,948.00,192.58
2024/11/08 07:14:00,949.00,193.53
2024/11/08 07:14:00,950.00,194.12
2024/11/08 07:14:00,951.00,194.62
2024/11/08 07:14:00,952.00,196.02
2024/11/08 07:14:00,953.00,197.38
2024/11/08 07:14:00,954.00,197.73
2024/11/08 07:14:00,955.00,198.33
2024/11/08 07:14:00,956.00,201.18
2024/11/08 07:14:00,957.00,203.29
2024/11/08 07:14:00,958.00,206.07
2024/11/08 07:14:00,959.00,209.29
2024/11/08 07:14:00,960.00,213.16
2024/11/08 07:14:00,961.00,216.10
2024/11/08 07:14:00,962.00,219.82
2024/11/08 07:14:00,963.00,224.19
2024/11/08 07:14:00,964.00,227.70
2024/11/08 07:14:00,965.00,231.83
2024/11/08 07:14:00,966.00,237.55
2024/11/08 07:14:00,967.00,242.40
2024/11/08 07:14:00,968.00,246.00
2024/11/08 07:14:00,969.00,250.38
2024/11/08 07:14:00,970.00,253.05
2024/11/08 07:14:00,971.00,253.97
2024/11/08 07:14:00,972.00,253.79
2024/11/08 07:14:00,973.00,254.05
2024/11/08 07:14:00,974.00,253.63
2024/11/08 07:14:00,975.00,253.15
2024/11/08 07:14:00,976.00,253.36
2024/11/08 07:14:00,977.00,254.81
2024/11/08 07:14:00,978.00,255.95
2024/11/08 07:14:00,979.00,257.26
2024/11/08 07:14:00,980.00,259.64
2024/11/08 07:14:00,981.00,261.25
2024/11/08 07:14:00,982.00,262.23
2024/11/08 07:14:00,983.00,264.15
2024/11/08 07:14:00,984.00,265.72
2024/11/08 07:14:00,985.00,265.36
2024/11/08 07:14:00,986.00,265.52
2024/11/08 07:14:00,987.00,267.22
2024/11/08 07:14:00,988.00,267.81
2024/11/08 07:14:00,989.00,268.23
2024/11/08 07:14:00,990.00,270.25
2024/11/08 07:14:00,991.00,271.57
2024/11/08 07:14:00,992.00,270.96
2024/11/08 07:14:00,993.00,271.67
2024/11/08 07:14:00,994.00,272.21
2024/11/08 07:14:00,995.00,270.96
2024/11/08 07:14:00,996.00,269.84
2024/11/08 07:14:00,997.00,269.18
2024/11/08 07:14:00,998.00,268.05
2024/11/08 07:14:00,999.00,265.88
2024/11/08 07:14:00,1000.00,265.71
2024/11/08 07:14:00,1001.00,265.26
2024/11/08 07:14:00,1002.00,264.16
2024/11/08 07:14:00,1003.00,263.77
2024/11/08 07:14:00,1004.00,263.43
2024/11/08 07:14:00,1005.00,262.99
2024/11/08 07:14:00,1006.00,262.63
2024/11/08 07:14:00,1007.00,262.25
2024/11/08 07:14:00,1008.00,262.44
2024/11/08 07:14:00,1009.00,260.91
2024/11/08 07:14:00,1010.00,259.85
2024/11/08 07:14:00,1011.00,260.79
2024/11/08 07:14:00,1012.00,261.24
2024/11/08 07:14:00,1013.00,260.49
2024/11/08 07:14:00,1014.00,261.17
2024/11/08 07:14:00,1015.00,261.60
2024/11/08 07:14:00,1016.00,260.82
2024/11/08 07:14:00,1017.00,258.44
2024/11/08 07:14:00,1018.00,258.61
2024/11/08 07:14:00,1019.00,256.78
2024/11/08 07:14:00,1020.00,255.28
2024/11/08 07:14:00,1021.00,255.61
2024/11/08 07:14:00,1022.00,255.90
2024/11/08 07:14:00,1023.00,254.00
2024/11/08 07:14:00,1024.00,254.18
2024/11/08 07:14:00,1025.00,254.69
2024/11/08 07:14:00,1026.00,252.92
2024/11/08 07:14:00,1027.00,251.67
2024/11/08 07:14:00,1028.00,251.60
2024/11/08 07:14:00,1029.00,251.09
2024/11/08 07:14:00,1030.00,249.42
2024/11/08 07:14:00,1031.00,251.26
2024/11/08 07:14:00,1032.00,250.77
2024/11/08 07:14:00,1033.00,250.02
2024/11/08 07:14:00,1034.00,249.67
2024/11/08 07:14:00,1035.00,249.89
2024/11/08 07:14:00,1036.00,248.51
2024/11/08 07:14:00,1037.00,246.60
2024/11/08 07:14:00,1038.00,245.56
2024/11/08 07:14:00,1039.00,245.22
2024/11/08 07:14:00,1040.00,242.57
2024/11/08 07:14:00,1041.00,244.05
2024/11/08 07:14:00,1042.00,246.27
2024/11/08 07:14:00,1043.00,244.63
2024/11/08 07:14:00,1044.00,245.07
2024/11/08 07:14:00,1045.00,245.79
2024/11/08 07:14:00,1046.00,245.06
2024/11/08 07:14:00,1047.00,244.48
2024/11/08 07:14:00,1048.00,243.44
2024/11/08 07:14:00,1049.00,243.89
2024/11/08 07:14:00,1050.00,240.40
2024/11/08 07:14:00,1051.00,241.12
2024/11/08 07:14:00,1052.00,241.14
2024/11/08 07:14:00,1053.00,238.03
2024/11/08 07:14:00,1054.00,236.95
2024/11/08 07:14:00,1055.00,235.89
2024/11/08 07:14:00,1056.00,235.85
2024/11/08 07:14:00,1057.00,233.15
2024/11/08 07:14:00,1058.00,232.20
2024/11/08 07:14:00,1059.00,236.18
2024/11/08 07:14:00,1060.00,236.01
2024/11/08 07:14:00,1061.00,233.07
2024/11/08 07:14:00,1062.00,237.12
2024/11/08 07:14:00,1063.00,235.94
2024/11/08 07:14:00,1064.00,232.27
2024/11/08 07:14:00,1065.00,232.84
2024/11/08 07:14:00,1066.00,232.41
2024/11/08 07:14:00,1067.00,228.02
2024/11/08 07:14:00,1068.00,229.20
2024/11/08 07:14:00,1069.00,231.77
2024/11/08 07:14:00,1070.00,229.49
2024/11/08 07:14:00,1071.00,227.75
2024/11/08 07:14:00,1072.00,231.81
2024/11/08 07:14:00,1073.00,229.36
2024/11/08 07:14:00,1074.00,226.78
2024/11/08 07:14:00,1075.00,228.79
2024/11/08 07:14:00,1076.00,230.32
2024/11/08 07:14:00,1077.00,224.91
2024/11/08 07:14:00,1078.00,223.96
2024/11/08 07:14:00,1079.00,225.54
2024/11/08 07:14:00,1080.00,224.66
2024/11/08 07:14:00,1081.00,221.25
2024/11/08 07:14:00,1082.00,225.02
2024/11/08 07:14:00,1083.00,225.25
2024/11/08 07:14:00,1084.00,217.97
2024/11/08 07:14:00,1085.00,220.83
2024/11/08 07:14:00,1086.00,222.30
2024/11/08 07:14:00,1087.00,218.13
2024/11/08 07:14:00,1088.00,217.46
2024/11/08 07:14:00,1089.00,219.91
2024/11/08 07:14:00,1090.00,221.37
2024/11/08 07:14:00,1091.00,218.57
2024/11/08 07:14:00,1092.00,221.54
2024/11/08 07:14:00,1093.00,221.82
2024/11/08 07:14:00,1094.00,212.48
2024/11/08 07:14:00,1095.00,213.69
2024/11/08 07:14:00,1096.00,214.82
2024/11/08 07:14:00,1097.00,208.75
2024/11/08 07:14:00,1098.00,211.52
2024/11/08 07:14:00,1099.00,213.37
2024/11/08 07:14:00,1100.00,215.16
2024/11/08 07:15:00,Wavelength(nm),Irradiance(W/m2/um)
2024/11/08 07:15:00,300.00,6.85
2024/11/08 07:15:00,301.00,7.35
2024/11/08 07:15:00,302.00,8.40
2024/11/08 07:15:00,303.00,9.40
2024/11/08 07:15:00,304.00,10.60
2024/11/08 07:15:00,305.00,12.27
2024/11/08 07:15:00,306.00,13.95
2024/11/08 07:15:00,307.00,15.88
2024/11/08 07:15:00,308.00,18.61
2024/11/08 07:15:00,309.00,21.68
2024/11/08 07:15:00,310.00,25.32
2024/11/08 07:15:00,311.00,29.39
2024/11/08 07:15:00,312.00,33.72
2024/11/08 07:15:00,313.00,38.96
2024/11/08 07:15:00,314.00,44.61
2024/11/08 07:15:00,315.00,50.56
2024/11/08 07:15:00,316.00,57.06
2024/11/08 07:15:00,317.00,63.95
2024/11/08 07:15:00,318.00,70.42
2024/11/08 07:15:00,319.00,76.63
2024/11/08 07:15:00,320.00,82.98
2024/11/08 07:15:00,321.00,89.93
2024/11/08 07:15:00,322.00,97.93
2024/11/08 07:15:00,323.00,106.96
2024/11/08 07:15:00,324.00,117.06
2024/11/08 07:15:00,325.00,127.39
2024/11/08 07:15:00,326.00,138.06
2024/11/08 07:15:00,327.00,148.17
2024/11/08 07:15:00,328.00,156.70
2024/11/08 07:15:00,329.00,163.60
2024/11/08 07:15:00,330.00,169.49
2024/11/08 07:15:00,331.00,173.79
2024/11/08 07:15:00,332.00,176.46
2024/11/08 07:15:00,333.00,177.56
2024/11/08 07:15:00,334.00,178.21
2024/11/08 07:15:00,335.00,179.30
2024/11/08 07:15:00,336.00,180.60
2024/11/08 07:15:00,337.00,182.56
2024/11/08 07:15:00,338.00,185.90
2024/11/08 07:15:00,339.00,189.90
2024/11/08 07:15:00,340.00,193.08
2024/11/08 07:15:00,341.00,195.01
2024/11/08 07:15:00,342.00,195.89
2024/11/08 07:15:00,343.00,196.85
2024/11/08 07:15:00,344.00,197.17
2024/11/08 07:15:00,345.00,197.25
2024/11/08 07:15:00,346.00,198.42
2024/11/08 07:15:00,347.00,200.89
2024/11/08 07:15:00,348.00,203.85
2024/11/08 07:15:00,349.00,206.94
2024/11/08 07:15:00,350.00,210.68
2024/11/08 07:15:00,351.00,215.70
2024/11/08 07:15:00,352.00,220.17
2024/11/08 07:15:00,353.00,222.79
2024/11/08 07:15:00,354.00,222.88
2024/11/08 07:15:00,355.00,220.17
2024/11/08 07:15:00,356.00,216.20
2024/11/08 07:15:00,357.00,213.31
2024/11/08 07:15:00,358.00,210.66
2024/11/08 07:15:00,359.00,211.18
2024/11/08 07:15:00,360.00,216.02
2024/11/08 07:15:00,361.00,221.38
2024/11/08 07:15:00,362.00,227.73
2024/11/08 07:15:00,363.00,237.72
2024/11/08 07:15:00,364.00,248.34
2024/11/08 07:15:00,365.00,257.01
2024/11/08 07:15:00,366.00,264.93
2024/11/08 07:15:00,367.00,270.98
2024/11/08 07:15:00,368.00,273.78
2024/11/08 07:15:00,369.00,273.35
2024/11/08 07:15:00,370.00,269.66
2024/11/08 07:15:00,371.00,263.13
2024/11/08 07:15:00,372.00,256.65
2024/11/08 07:15:00,373.00,252.30
2024/11/08 07:15:00,374.00,253.11
2024/11/08 07:15:00,375.00,260.06
2024/11/08 07:15:00,376.00,269.65
2024/11/08 07:15:00,377.00,278.41
2024/11/08 07:15:00,378.00,284.80
2024/11/08 07:15:00,379.00,282.92
2024/11/08 07:15:00,380.00,271.42
2024/11/08 07:15:00,381.00,258.11
2024/11/08 07:15:00,382.00,247.49
2024/11/08 07:15:00,383.00,239.31
2024/11/08 07:15:00,384.00,236.40
2024/11/08 07:15:00,385.00,240.96
2024/11/08 07:15:00,386.00,249.28
2024/11/08 07:15:00,387.00,259.64
2024/11/08 07:15:00,388.00,271.62
2024/11/08 07:15:00,389.00,281.57
2024/11/08 07:15:00,390.00,283.43
2024/11/08 07:15:00,391.00,279.10
2024/11/08 07:15:00,392.00,274.87
2024/11/08 07:15:00,393.00,267.99
2024/11/08 07:15:00,394.00,259.98
2024/11/08 07:15:00,395.00,264.23
2024/11/08 07:15:00,396.00,283.99
2024/11/08 07:15:00,397.00,307.71
2024/11/08 07:15:00,398.00,335.83
2024/11/08 07:15:00,399.00,369.87
2024/11/08 07:15:00,400.00,400.22
2024/11/08 07:15:00,401.00,419.69
2024/11/08 07:15:00,402.00,430.56
2024/11/08 07:15:00,403.00,433.14
2024/11/08 07:15:00,404.00,431.27
2024/11/08 07:15:00,405.00,429.79
2024/11/08 07:15:00,406.00,429.40
2024/11/08 07:15:00,407.00,429.51
2024/11/08 07:15:00,408.00,432.34
2024/11/08 07:15:00,409.00,438.68
2024/11/08 07:15:00,410.00,444.53
2024/11/08 07:15:00,411.00,450.23
2024/11/08 07:15:00,412.00,456.61
2024/11/08 07:15:00,413.00,463.39
2024/11/08 07:15:00,414.00,467.23
2024/11/08 07:15:00,415.00,468.54
2024/11/08 07:15:00,416.00,468.60
2024/11/08 07:15:00,417.00,468.34
2024/11/08 07:15:00,418.00,468.16
2024/11/08 07:15:00,419.00,468.45
2024/11/08 07:15:00,420.00,469.29
2024/11/08 07:15:00,421.00,470.31
2024/11/08 07:15:00,422.00,471.26
2024/11/08 07:15:00,423.00,471.47
2024/11/08 07:15:00,424.00,470.11
2024/11/08 07:15:00,425.00,468.08
2024/11/08 07:15:00,426.00,464.84
2024/11/08 07:15:00,427.00,455.81
2024/11/08 07:15:00,428.00,443.77
2024/11/08 07:15:00,429.00,436.68
2024/11/08 07:15:00,430.00,436.49
2024/11/08 07:15:00,431.00,441.26
2024/11/08 07:15:00,432.00,453.31
2024/11/08 07:15:00,433.00,472.04
2024/11/08 07:15:00,434.00,489.42
2024/11/08 07:15:00,435.00,498.93
2024/11/08 07:15:00,436.00,503.13
2024/11/08 07:15:00,437.00,505.93
2024/11/08 07:15:00,438.00,508.96
2024/11/08 07:15:00,439.00,512.75
2024/11/08 07:15:00,440.00,520.95
2024/11/08 07:15:00,441.00,533.07
2024/11/08 07:15:00,442.00,544.43
2024/11/08 07:15:00,443.00,552.18
2024/11/08 07:15:00,444.00,557.94
2024/11/08 07:15:00,445.00,562.77
2024/11/08 07:15:00,446.00,567.51
2024/11/08 07:15:00,447.00,576.18
2024/11/08 07:15:00,448.00,586.59
2024/11/08 07:15:00,449.00,596.07
2024/11/08 07:15:00,450.00,600.66
2024/11/08 07:15:00,451.00,601.51
2024/11/08 07:15:00,452.00,600.94
2024/11/08 07:15:00,453.00,600.14
2024/11/08 07:15:00,454.00,600.92
2024/11/08 07:15:00,455.00,604.81
2024/11/08 07:15:00,456.00,609.64
2024/11/08 07:15:00,457.00,613.34
2024/11/08 07:15:00,458.00,616.69
2024/11/08 07:15:00,459.00,619.76
2024/11/08 07:15:00,460.00,621.91
2024/11/08 07:15:00,461.00,625.12
2024/11/08 07:15:00,462.00,627.60
2024/11/08 07:15:00,463.00,626.79
2024/11/08 07:15:00,464.00,623.88
2024/11/08 07:15:00,465.00,619.84
2024/11/08 07:15:00,466.00,616.04
2024/11/08 07:15:00,467.00,612.97
2024/11/08 07:15:00,468.00,612.70
2024/11/08 07:15:00,469.00,613.38
2024/11/08 07:15:00,470.00,614.70
2024/11/08 07:15:00,471.00,616.92
2024/11/08 07:15:00,472.00,619.51
2024/11/08 07:15:00,473.00,620.58
2024/11/08 07:15:00,474.00,621.70
2024/11/08 07:15:00,475.00,623.11
2024/11/08 07:15:00,476.00,625.41
2024/11/08 07:15:00,477.00,627.83
2024/11/08 07:15:00,478.00,630.11
2024/11/08 07:15:00,479.00,633.30
2024/11/08 07:15:00,480.00,636.57
2024/11/08 07:15:00,481.00,636.43
2024/11/08 07:15:00,482.00,631.97
2024/11/08 07:15:00,483.00,623.08
2024/11/08 07:15:00,484.00,608.89
2024/11/08 07:15:00,485.00,596.01
2024/11/08 07:15:00,486.00,587.03
2024/11/08 07:15:00,487.00,585.44
2024/11/08 07:15:00,488.00,589.80
2024/11/08 07:15:00,489.00,597.90
2024/11/08 07:15:00,490.00,603.97
2024/11/08 07:15:00,491.00,609.59
2024/11/08 07:15:00,492.00,613.07
2024/11/08 07:15:00,493.00,615.71
2024/11/08 07:15:00,494.00,618.19
2024/11/08 07:15:00,495.00,621.31
2024/11/08 07:15:00,496.00,621.03
2024/11/08 07:15:00,497.00,618.10
2024/11/08 07:15:00,498.00,612.96
2024/11/08 07:15:00,499.00,607.81
2024/11/08 07:15:00,500.00,602.83
2024/11/08 07:15:00,501.00,600.11
2024/11/08 07:15:00,502.00,598.69
2024/11/08 07:15:00,503.00,599.70
2024/11/08 07:15:00,504.00,602.23
2024/11/08 07:15:00,505.00,604.95
2024/11/08 07:15:00,506.00,605.79
2024/11/08 07:15:00,507.00,607.53
2024/11/08 07:15:00,508.00,607.88
2024/11/08 07:15:00,509.00,607.04
2024/11/08 07:15:00,510.00,605.04
2024/11/08 07:15:00,511.00,604.82
2024/11/08 07:15:00,512.00,601.67
2024/11/08 07:15:00,513.00,596.08
2024/11/08 07:15:00,514.00,587.45
2024/11/08 07:15:00,515.00,577.92
2024/11/08 07:15:00,516.00,569.35
2024/11/08 07:15:00,517.00,563.40
2024/11/08 07:15:00,518.00,561.64
2024/11/08 07:15:00,519.00,565.39
2024/11/08 07:15:00,520.00,571.84
2024/11/08 07:15:00,521.00,578.42
2024/11/08 07:15:00,522.00,585.47
2024/11/08 07:15:00,523.00,588.53
2024/11/08 07:15:00,524.00,586.93
2024/11/08 07:15:00,525.00,586.44
2024/11/08 07:15:00,526.00,586.54
2024/11/08 07:15:00,527.00,586.74
2024/11/08 07:15:00,528.00,589.20
2024/11/08 07:15:00,529.00,593.39
2024/11/08 07:15:00,530.00,595.42
2024/11/08 07:15:00,531.00,595.78
2024/11/08 07:15:00,532.00,595.43
2024/11/08 07:15:00,533.00,595.50
2024/11/08 07:15:00,534.00,596.47
2024/11/08 07:15:00,535.00,596.46
2024/11/08 07:15:00,536.00,597.06
2024/11/08 07:15:00,537.00,596.36
2024/11/08 07:15:00,538.00,593.01
2024/11/08 07:15:00,539.00,590.03
2024/11/08 07:15:00,540.00,588.85
2024/11/08 07:15:00,541.00,587.70
2024/11/08 07:15:00,542.00,587.15
2024/11/08 07:15:00,543.00,588.60
2024/11/08 07:15:00,544.00,589.26
2024/11/08 07:15:00,545.00,590.09
2024/11/08 07:15:00,546.00,589.64
2024/11/08 07:15:00,547.00,589.65
2024/11/08 07:15:00,548.00,588.97
2024/11/08 07:15:00,549.00,588.13
2024/11/08 07:15:00,550.00,587.54
2024/11/08 07:15:00,551.00,588.13
2024/11/08 07:15:00,552.00,588.73
2024/11/08 07:15:00,553.00,588.56
2024/11/08 07:15:00,554.00,586.77
2024/11/08 07:15:00,555.00,585.63
2024/11/08 07:15:00,556.00,582.53
2024/11/08 07:15:00,557.00,578.17
2024/11/08 07:15:00,558.00,575.40
2024/11/08 07:15:00,559.00,574.03
2024/11/08 07:15:00,560.00,571.96
2024/11/08 07:15:00,561.00,571.90
2024/11/08 07:15:00,562.00,571.32
2024/11/08 07:15:00,563.00,569.95
2024/11/08 07:15:00,564.00,569.67
2024/11/08 07:15:00,565.00,568.17
2024/11/08 07:15:00,566.00,565.81
2024/11/08 07:15:00,567.00,563.75
2024/11/08 07:15:00,568.00,561.55
2024/11/08 07:15:00,569.00,559.39
2024/11/08 07:15:00,570.00,559.38
2024/11/08 07:15:00,571.00,559.36
2024/11/08 07:15:00,572.00,559.89
2024/11/08 07:15:00,573.00,560.39
2024/11/08 07:15:00,574.00,559.48
2024/11/08 07:15:00,575.00,557.69
2024/11/08 07:15:00,576.00,555.53
2024/11/08 07:15:00,577.00,555.05
2024/11/08 07:15:00,578.00,555.77
2024/11/08 07:15:00,579.00,557.37
2024/11/08 07:15:00,580.00,560.24
2024/11/08 07:15:00,581.00,563.13
2024/11/08 07:15:00,582.00,564.74
2024/11/08 07:15:00,583.00,565.62
2024/11/08 07:15:00,584.00,566.04
2024/11/08 07:15:00,585.00,563.77
2024/11/08 07:15:00,586.00,560.16
2024/11/08 07:15:00,587.00,554.46
2024/11/08 07:15:00,588.00,551.23
2024/11/08 07:15:00,589.00,549.75
2024/11/08 07:15:00,590.00,547.91
2024/11/08 07:15:00,591.00,547.95
2024/11/08 07:15:00,592.00,550.76
2024/11/08 07:15:00,593.00,551.49
2024/11/08 07:15:00,594.00,552.01
2024/11/08 07:15:00,595.00,551.02
2024/11/08 07:15:00,596.00,550.71
2024/11/08 07:15:00,597.00,549.89
2024/11/08 07:15:00,598.00,547.18
2024/11/08 07:15:00,599.00,544.80
2024/11/08 07:15:00,600.00,544.47
2024/11/08 07:15:00,601.00,544.36
2024/11/08 07:15:00,602.00,544.60
2024/11/08 07:15:00,603.00,546.43
2024/11/08 07:15:00,604.00,547.20
2024/11/08 07:15:00,605.00,547.70
2024/11/08 07:15:00,606.00,546.57
2024/11/08 07:15:00,607.00,545.42
2024/11/08 07:15:00,608.00,544.90
2024/11/08 07:15:00,609.00,542.99
2024/11/08 07:15:00,610.00,541.27
2024/11/08 07:15:00,611.00,540.21
2024/11/08 07:15:00,612.00,537.75
2024/11/08 07:15:00,613.00,535.37
2024/11/08 07:15:00,614.00,534.37
2024/11/08 07:15:00,615.00,533.10
2024/11/08 07:15:00,616.00,532.33
2024/11/08 07:15:00,617.00,533.56
2024/11/08 07:15:00,618.00,535.05
2024/11/08 07:15:00,619.00,536.26
2024/11/08 07:15:00,620.00,536.01
2024/11/08 07:15:00,621.00,535.58
2024/11/08 07:15:00,622.00,534.23
2024/11/08 07:15:00,623.00,532.04
2024/11/08 07:15:00,624.00,528.96
2024/11/08 07:15:00,625.00,526.68
2024/11/08 07:15:00,626.00,523.71
2024/11/08 07:15:00,627.00,521.23
2024/11/08 07:15:00,628.00,518.79
2024/11/08 07:15:00,629.00,517.69
2024/11/08 07:15:00,630.00,517.29
2024/11/08 07:15:00,631.00,517.03
2024/11/08 07:15:00,632.00,517.92
2024/11/08 07:15:00,633.00,519.32
2024/11/08 07:15:00,634.00,520.64
2024/11/08 07:15:00,635.00,522.91
2024/11/08 07:15:00,636.00,525.81
2024/11/08 07:15:00,637.00,527.75
2024/11/08 07:15:00,638.00,530.00
2024/11/08 07:15:00,639.00,531.12
2024/11/08 07:15:00,640.00,531.19
2024/11/08 07:15:00,641.00,531.43
2024/11/08 07:15:00,642.00,529.87
2024/11/08 07:15:00,643.00,529.06
2024/11/08 07:15:00,644.00,528.31
2024/11/08 07:15:00,645.00,526.71
2024/11/08 07:15:00,646.00,525.96
2024/11/08 07:15:00,647.00,525.54
2024/11/08 07:15:00,648.00,524.72
2024/11/08 07:15:00,649.00,525.19
2024/11/08 07:15:00,650.00,524.61
2024/11/08 07:15:00,651.00,523.61
2024/11/08 07:15:00,652.00,521.60
2024/11/08 07:15:00,653.00,515.09
2024/11/08 07:15:00,654.00,509.16
2024/11/08 07:15:00,655.00,506.32
2024/11/08 07:15:00,656.00,503.19
2024/11/08 07:15:00,657.00,503.30
2024/11/08 07:15:00,658.00,507.60
2024/11/08 07:15:00,659.00,511.65
2024/11/08 07:15:00,660.00,515.01
2024/11/08 07:15:00,661.00,517.62
2024/11/08 07:15:00,662.00,520.08
2024/11/08 07:15:00,663.00,523.14
2024/11/08 07:15:00,664.00,524.43
2024/11/08 07:15:00,665.00,526.76
2024/11/08 07:15:00,666.00,528.59
2024/11/08 07:15:00,667.00,529.47
2024/11/08 07:15:00,668.00,528.91
2024/11/08 07:15:00,669.00,529.00
2024/11/08 07:15:00,670.00,527.31
2024/11/08 07:15:00,671.00,526.86
2024/11/08 07:15:00,672.00,524.80
2024/11/08 07:15:00,673.00,525.22
2024/11/08 07:15:00,674.00,525.53
2024/11/08 07:15:00,675.00,524.92
2024/11/08 07:15:00,676.00,524.98
2024/11/08 07:15:00,677.00,525.40
2024/11/08 07:15:00,678.00,524.89
2024/11/08 07:15:00,679.00,524.28
2024/11/08 07:15:00,680.00,524.04
2024/11/08 07:15:00,681.00,522.17
2024/11/08 07:15:00,682.00,521.26
2024/11/08 07:15:00,683.00,514.05
2024/11/08 07:15:00,684.00,503.08
2024/11/08 07:15:00,685.00,488.91
2024/11/08 07:15:00,686.00,472.94
2024/11/08 07:15:00,687.00,458.30
2024/11/08 07:15:00,688.00,450.35
2024/11/08 07:15:00,689.00,447.37
2024/11/08 07:15:00,690.00,451.47
2024/11/08 07:15:00,691.00,458.65
2024/11/08 07:15:00,692.00,466.05
2024/11/08 07:15:00,693.00,473.23
2024/11/08 07:15:00,694.00,479.03
2024/11/08 07:15:00,695.00,484.37
2024/11/08 07:15:00,696.00,488.80
2024/11/08 07:15:00,697.00,489.96
2024/11/08 07:15:00,698.00,491.28
2024/11/08 07:15:00,699.00,493.25
2024/11/08 07:15:00,700.00,491.06
2024/11/08 07:15:00,701.00,490.94
2024/11/08 07:15:00,702.00,492.45
2024/11/08 07:15:00,703.00,493.26
2024/11/08 07:15:00,704.00,493.83
2024/11/08 07:15:00,705.00,496.02
2024/11/08 07:15:00,706.00,496.41
2024/11/08 07:15:00,707.00,497.30
2024/11/08 07:15:00,708.00,495.68
2024/11/08 07:15:00,709.00,496.05
2024/11/08 07:15:00,710.00,495.87
2024/11/08 07:15:00,711.00,493.85
2024/11/08 07:15:00,712.00,493.03
2024/11/08 07:15:00,713.00,493.02
2024/11/08 07:15:00,714.00,488.67
2024/11/08 07:15:00,715.00,482.34
2024/11/08 07:15:00,716.00,475.83
2024/11/08 07:15:00,717.00,469.36
2024/11/08 07:15:00,718.00,461.40
2024/11/08 07:15:00,719.00,454.75
2024/11/08 07:15:00,720.00,453.47
2024/11/08 07:15:00,721.00,451.99
2024/11/08 07:15:00,722.00,448.05
2024/11/08 07:15:00,723.00,449.12
2024/11/08 07:15:00,724.00,450.48
2024/11/08 07:15:00,725.00,448.13
2024/11/08 07:15:00,726.00,448.30
2024/11/08 07:15:00,727.00,449.71
2024/11/08 07:15:00,728.00,449.78
2024/11/08 07:15:00,729.00,449.49
2024/11/08 07:15:00,730.00,452.12
2024/11/08 07:15:00,731.00,456.08
2024/11/08 07:15:00,732.00,459.57
2024/11/08 07:15:00,733.00,461.08
2024/11/08 07:15:00,734.00,465.83
2024/11/08 07:15:00,735.00,467.36
2024/11/08 07:15:00,736.00,465.63
2024/11/08 07:15:00,737.00,464.68
2024/11/08 07:15:00,738.00,464.05
2024/11/08 07:15:00,739.00,461.25
2024/11/08 07:15:00,740.00,459.02
2024/11/08 07:15:00,741.00,459.35
2024/11/08 07:15:00,742.00,461.88
2024/11/08 07:15:00,743.00,460.95
2024/11/08 07:15:00,744.00,461.82
2024/11/08 07:15:00,745.00,463.45
2024/11/08 07:15:00,746.00,463.58
2024/11/08 07:15:00,747.00,460.36
2024/11/08 07:15:00,748.00,461.08
2024/11/08 07:15:00,749.00,459.51
2024/11/08 07:15:00,750.00,458.86
2024/11/08 07:15:00,751.00,455.71
2024/11/08 07:15:00,752.00,456.87
2024/11/08 07:15:00,753.00,456.27
2024/11/08 07:15:00,754.00,452.70
2024/11/08 07:15:00,755.00,450.94
2024/11/08 07:15:00,756.00,442.75
2024/11/08 07:15:00,757.00,415.26
2024/11/08 07:15:00,758.00,382.05
2024/11/08 07:15:00,759.00,347.59
2024/11/08 07:15:00,760.00,309.21
2024/11/08 07:15:00,761.00,278.99
2024/11/08 07:15:00,762.00,266.64
2024/11/08 07:15:00,763.00,266.90
2024/11/08 07:15:00,764.00,275.33
2024/11/08 07:15:00,765.00,287.22
2024/11/08 07:15:00,766.00,307.33
2024/11/08 07:15:00,767.00,328.84
2024/11/08 07:15:00,768.00,346.58
2024/11/08 07:15:00,769.00,364.48
2024/11/08 07:15:00,770.00,381.59
2024/11/08 07:15:00,771.00,394.04
2024/11/08 07:15:00,772.00,406.09
2024/11/08 07:15:00,773.00,414.52
2024/11/08 07:15:00,774.00,421.07
2024/11/08 07:15:00,775.00,426.47
2024/11/08 07:15:00,776.00,425.87
2024/11/08 07:15:00,777.00,427.04
2024/11/08 07:15:00,778.00,427.90
2024/11/08 07:15:00,779.00,425.38
2024/11/08 07:15:00,780.00,427.33
2024/11/08 07:15:00,781.00,431.31
2024/11/08 07:15:00,782.00,431.68
2024/11/08 07:15:00,783.00,432.17
2024/11/08 07:15:00,784.00,433.01
2024/11/08 07:15:00,785.00,432.81
2024/11/08 07:15:00,786.00,429.66
2024/11/08 07:15:00,787.00,425.05
2024/11/08 07:15:00,788.00,423.50
2024/11/08 07:15:00,789.00,420.96
2024/11/08 07:15:00,790.00,415.23
2024/11/08 07:15:00,791.00,417.94
2024/11/08 07:15:00,792.00,418.94
2024/11/08 07:15:00,793.00,418.81
2024/11/08 07:15:00,794.00,419.37
2024/11/08 07:15:00,795.00,421.76
2024/11/08 07:15:00,796.00,422.11
2024/11/08 07:15:00,797.00,419.21
2024/11/08 07:15:00,798.00,417.49
2024/11/08 07:15:00,799.00,418.25
2024/11/08 07:15:00,800.00,415.65
2024/11/08 07:15:00,801.00,413.29
2024/11/08 07:15:00,802.00,416.05
2024/11/08 07:15:00,803.00,417.17
2024/11/08 07:15:00,804.00,417.20
2024/11/08 07:15:00,805.00,419.15
2024/11/08 07:15:00,806.00,417.20
2024/11/08 07:15:00,807.00,417.66
2024/11/08 07:15:00,808.00,415.31
2024/11/08 07:15:00,809.00,413.98
2024/11/08 07:15:00,810.00,412.43
2024/11/08 07:15:00,811.00,408.68
2024/11/08 07:15:00,812.00,405.47
2024/11/08 07:15:00,813.00,401.66
2024/11/08 07:15:00,814.00,396.01
2024/11/08 07:15:00,815.00,391.53
2024/11/08 07:15:00,816.00,388.93
2024/11/08 07:15:00,817.00,386.29
2024/11/08 07:15:00,818.00,386.85
2024/11/08 07:15:00,819.00,384.02
2024/11/08 07:15:00,820.00,385.81
2024/11/08 07:15:00,821.00,386.95
2024/11/08 07:15:00,822.00,383.55
2024/11/08 07:15:00,823.00,385.92
2024/11/08 07:15:00,824.00,390.65
2024/11/08 07:15:00,825.00,388.85
2024/11/08 07:15:00,826.00,389.43
2024/11/08 07:15:00,827.00,391.96
2024/11/08 07:15:00,828.00,390.63
2024/11/08 07:15:00,829.00,386.94
2024/11/08 07:15:00,830.00,385.72
2024/11/08 07:15:00,831.00,387.55
2024/11/08 07:15:00,832.00,384.84
2024/11/08 07:15:00,833.00,382.52
2024/11/08 07:15:00,834.00,384.54
2024/11/08 07:15:00,835.00,383.76
2024/11/08 07:15:00,836.00,382.13
2024/11/08 07:15:00,837.00,386.25
2024/11/08 07:15:00,838.00,386.64
2024/11/08 07:15:00,839.00,387.03
2024/11/08 07:15:00,840.00,385.36
2024/11/08 07:15:00,841.00,383.55
2024/11/08 07:15:00,842.00,382.26
2024/11/08 07:15:00,843.00,377.99
2024/11/08 07:15:00,844.00,376.86
2024/11/08 07:15:00,845.00,376.79
2024/11/08 07:15:00,846.00,373.19
2024/11/08 07:15:00,847.00,370.88
2024/11/08 07:15:00,848.00,370.47
2024/11/08 07:15:00,849.00,367.53
2024/11/08 07:15:00,850.00,364.31
2024/11/08 07:15:00,851.00,360.05
2024/11/08 07:15:00,852.00,355.73
2024/11/08 07:15:00,853.00,353.65
2024/11/08 07:15:00,854.00,350.79
2024/11/08 07:15:00,855.00,352.86
2024/11/08 07:15:00,856.00,356.48
2024/11/08 07:15:00,857.00,359.46
2024/11/08 07:15:00,858.00,361.76
2024/11/08 07:15:00,859.00,363.29
2024/11/08 07:15:00,860.00,362.72
2024/11/08 07:15:00,861.00,362.04
2024/11/08 07:15:00,862.00,361.08
2024/11/08 07:15:00,863.00,358.16
2024/11/08 07:15:00,864.00,353.68
2024/11/08 07:15:00,865.00,350.91
2024/11/08 07:15:00,866.00,350.62
2024/11/08 07:15:00,867.00,349.39
2024/11/08 07:15:00,868.00,350.14
2024/11/08 07:15:00,869.00,353.99
2024/11/08 07:15:00,870.00,354.70
2024/11/08 07:15:00,871.00,354.26
2024/11/08 07:15:00,872.00,355.15
2024/11/08 07:15:00,873.00,354.61
2024/11/08 07:15:00,874.00,354.26
2024/11/08 07:15:00,875.00,352.71
2024/11/08 07:15:00,876.00,352.83
2024/11/08 07:15:00,877.00,352.51
2024/11/08 07:15:00,878.00,350.34
2024/11/08 07:15:00,879.00,349.94
2024/11/08 07:15:00,880.00,349.90
2024/11/08 07:15:00,881.00,348.88
2024/11/08 07:15:00,882.00,349.65
2024/11/08 07:15:00,883.00,350.23
2024/11/08 07:15:00,884.00,349.72
2024/11/08 07:15:00,885.00,348.86
2024/11/08 07:15:00,886.00,347.70
2024/11/08 07:15:00,887.00,347.12
2024/11/08 07:15:00,888.00,345.36
2024/11/08 07:15:00,889.00,343.64
2024/11/08 07:15:00,890.00,344.44
2024/11/08 07:15:00,891.00,341.33
2024/11/08 07:15:00,892.00,337.75
2024/11/08 07:15:00,893.00,333.86
2024/11/08 07:15:00,894.00,329.12
2024/11/08 07:15:00,895.00,322.95
2024/11/08 07:15:00,896.00,316.54
2024/11/08 07:15:00,897.00,310.62
2024/11/08 07:15:00,898.00,305.29
2024/11/08 07:15:00,899.00,298.78
2024/11/08 07:15:00,900.00,296.08
2024/11/08 07:15:00,901.00,295.75
2024/11/08 07:15:00,902.00,296.19
2024/11/08 07:15:00,903.00,298.57
2024/11/08 07:15:00,904.00,300.38
2024/11/08 07:15:00,905.00,299.82
2024/11/08 07:15:00,906.00,297.65
2024/11/08 07:15:00,907.00,295.52
2024/11/08 07:15:00,908.00,293.73
2024/11/08 07:15:00,909.00,291.77
2024/11/08 07:15:00,910.00,289.52
2024/11/08 07:15:00,911.00,289.43
2024/11/08 07:15:00,912.00,286.61
2024/11/08 07:15:00,913.00,283.95
2024/11/08 07:15:00,914.00,284.14
2024/11/08 07:15:00,915.00,283.95
2024/11/08 07:15:00,916.00,285.22
2024/11/08 07:15:00,917.00,286.62
2024/11/08 07:15:00,918.00,288.51
2024/11/08 07:15:00,919.00,290.46
2024/11/08 07:15:00,920.00,289.79
2024/11/08 07:15:00,921.00,290.17
2024/11/08 07:15:00,922.00,290.96
2024/11/08 07:15:00,923.00,289.23
2024/11/08 07:15:00,924.00,287.45
2024/11/08 07:15:00,925.00,286.81
2024/11/08 07:15:00,926.00,282.18
2024/11/08 07:15:00,927.00,275.70
2024/11/08 07:15:00,928.00,266.20
2024/11/08 07:15:00,929.00,254.18
2024/11/08 07:15:00,930.00,239.12
2024/11/08 07:15:00,931.00,223.85
2024/11/08 07:15:00,932.00,210.37
2024/11/08 07:15:00,933.00,197.35
2024/11/08 07:15:00,934.00,186.58
2024/11/08 07:15:00,935.00,182.33
2024/11/08 07:15:00,936.00,180.24
2024/11/08 07:15:00,937.00,182.06
2024/11/08 07:15:00,938.00,186.93
2024/11/08 07:15:00,939.00,191.93
2024/11/08 07:15:00,940.00,194.87
2024/11/08 07:15:00,941.00,194.35
2024/11/08 07:15:00,942.00,193.82
2024/11/08 07:15:00,943.00,192.55
2024/11/08 07:15:00,944.00,190.01
2024/11/08 07:15:00,945.00,190.86
2024/11/08 07:15:00,946.00,192.20
2024/11/08 07:15:00,947.00,192.40
2024/11/08 07:15:00,948.00,192.98
2024/11/08 07:15:00,949.00,194.50
2024/11/08 07:15:00,950.00,194.95
2024/11/08 07:15:00,951.00,195.50
2024/11/08 07:15:00,952.00,196.50
2024/11/08 07:15:00,953.00,198.82
2024/11/08 07:15:00,954.00,199.16
2024/11/08 07:15:00,955.00,200.64
2024/11/08 07:15:00,956.00,203.52
2024/11/08 07:15:00,957.00,206.54
2024/11/08 07:15:00,958.00,209.71
2024/11/08 07:15:00,959.00,213.17
2024/11/08 07:15:00,960.00,217.60
2024/11/08 07:15:00,961.00,221.33
2024/11/08 07:15:00,962.00,222.65
2024/11/08 07:15:00,963.00,226.13
2024/11/08 07:15:00,964.00,229.36
2024/11/08 07:15:00,965.00,230.97
2024/11/08 07:15:00,966.00,237.42
2024/11/08 07:15:00,967.00,243.24
2024/11/08 07:15:00,968.00,247.33
2024/11/08 07:15:00,969.00,252.65
2024/11/08 07:15:00,970.00,256.25
2024/11/08 07:15:00,971.00,257.13
2024/11/08 07:15:00,972.00,257.01
2024/11/08 07:15:00,973.00,256.94
2024/11/08 07:15:00,974.00,257.51
2024/11/08 07:15:00,975.00,256.34
2024/11/08 07:15:00,976.00,256.75
2024/11/08 07:15:00,977.00,257.37
2024/11/08 07:15:00,978.00,257.17
2024/11/08 07:15:00,979.00,257.93
2024/11/08 07:15:00,980.00,260.57
2024/11/08 07:15:00,981.00,262.59
2024/11/08 07:15:00,982.00,264.49
2024/11/08 07:15:00,983.00,266.93
2024/11/08 07:15:00,984.00,269.72
2024/11/08 07:15:00,985.00,270.53
2024/11/08 07:15:00,986.00,270.62
2024/11/08 07:15:00,987.00,272.54
2024/11/08 07:15:00,988.00,271.39
2024/11/08 07:15:00,989.00,270.41
2024/11/08 07:15:00,990.00,272.16
2024/11/08 07:15:00,991.00,272.24
2024/11/08 07:15:00,992.00,272.51
2024/11/08 07:15:00,993.00,272.50
2024/11/08 07:15:00,994.00,273.72
2024/11/08 07:15:00,995.00,273.81
2024/11/08 07:15:00,996.00,272.84
2024/11/08 07:15:00,997.00,273.02
2024/11/08 07:15:00,998.00,273.10
2024/11/08 07:15:00,999.00,270.80
2024/11/08 07:15:00,1000.00,269.92
2024/11/08 07:15:00,1001.00,269.04
2024/11/08 07:15:00,1002.00,267.47
2024/11/08 07:15:00,1003.00,265.27
2024/11/08 07:15:00,1004.00,264.51
2024/11/08 07:15:00,1005.00,264.32
2024/11/08 07:15:00,1006.00,263.17
2024/11/08 07:15:00,1007.00,263.92
2024/11/08 07:15:00,1008.00,265.66
2024/11/08 07:15:00,1009.00,263.97
2024/11/08 07:15:00,1010.00,263.36
2024/11/08 07:15:00,1011.00,263.10
2024/11/08 07:15:00,1012.00,261.76
2024/11/08 07:15:00,1013.00,261.86
2024/11/08 07:15:00,1014.00,262.36
2024/11/08 07:15:00,1015.00,262.60
2024/11/08 07:15:00,1016.00,261.80
2024/11/08 07:15:00,1017.00,261.65
2024/11/08 07:15:00,1018.00,261.13
2024/11/08 07:15:00,1019.00,259.01
2024/11/08 07:15:00,1020.00,258.33
2024/11/08 07:15:00,1021.00,258.99
2024/11/08 07:15:00,1022.00,257.27
2024/11/08 07:15:00,1023.00,256.87
2024/11/08 07:15:00,1024.00,256.75
2024/11/08 07:15:00,1025.00,257.25
2024/11/08 07:15:00,1026.00,255.93
2024/11/08 07:15:00,1027.00,253.98
2024/11/08 07:15:00,1028.00,253.95
2024/11/08 07:15:00,1029.00,254.10
2024/11/08 07:15:00,1030.00,251.45
2024/11/08 07:15:00,1031.00,251.93
2024/11/08 07:15:00,1032.00,251.33
2024/11/08 07:15:00,1033.00,250.51
2024/11/08 07:15:00,1034.00,250.66
2024/11/08 07:15:00,1035.00,250.28
2024/11/08 07:15:00,1036.00,249.90
2024/11/08 07:15:00,1037.00,248.57
2024/11/08 07:15:00,1038.00,248.94
2024/11/08 07:15:00,1039.00,249.12
2024/11/08 07:15:00,1040.00,246.66
2024/11/08 07:15:00,1041.00,246.72
2024/11/08 07:15:00,1042.00,247.92
2024/11/08 07:15:00,1043.00,245.63
2024/11/08 07:15:00,1044.00,245.22
2024/11/08 07:15:00,1045.00,245.60
2024/11/08 07:15:00,1046.00,244.03
2024/11/08 07:15:00,1047.00,242.52
2024/11/08 07:15:00,1048.00,242.42
2024/11/08 07:15:00,1049.00,243.42
2024/11/08 07:15:00,1050.00,240.48
2024/11/08 07:15:00,1051.00,242.94
2024/11/08 07:15:00,1052.00,244.33
2024/11/08 07:15:00,1053.00,240.81
2024/11/08 07:15:00,1054.00,238.92
2024/11/08 07:15:00,1055.00,240.79
2024/11/08 07:15:00,1056.00,238.01
2024/11/08 07:15:00,1057.00,236.58
2024/11/08 07:15:00,1058.00,235.87
2024/11/08 07:15:00,1059.00,235.59
2024/11/08 07:15:00,1060.00,233.81
2024/11/08 07:15:00,1061.00,235.19
2024/11/08 07:15:00,1062.00,238.74
2024/11/08 07:15:00,1063.00,236.83
2024/11/08 07:15:00,1064.00,236.23
2024/11/08 07:15:00,1065.00,237.55
2024/11/08 07:15:00,1066.00,234.96
2024/11/08 07:15:00,1067.00,232.72
2024/11/08 07:15:00,1068.00,231.84
2024/11/08 07:15:00,1069.00,233.61
2024/11/08 07:15:00,1070.00,233.34
2024/11/08 07:15:00,1071.00,230.38
2024/11/08 07:15:00,1072.00,234.47
2024/11/08 07:15:00,1073.00,232.45
2024/11/08 07:15:00,1074.00,225.72
2024/11/08 07:15:00,1075.00,229.44
2024/11/08 07:15:00,1076.00,229.52
2024/11/08 07:15:00,1077.00,227.16
2024/11/08 07:15:00,1078.00,228.98
2024/11/08 07:15:00,1079.00,228.81
2024/11/08 07:15:00,1080.00,227.01
2024/11/08 07:15:00,1081.00,219.65
2024/11/08 07:15:00,1082.00,223.05
2024/11/08 07:15:00,1083.00,227.66
2024/11/08 07:15:00,1084.00,221.89
2024/11/08 07:15:00,1085.00,226.29
2024/11/08 07:15:00,1086.00,228.19
2024/11/08 07:15:00,1087.00,222.62
2024/11/08 07:15:00,1088.00,223.79
2024/11/08 07:15:00,1089.00,224.20
2024/11/08 07:15:00,1090.00,221.94
2024/11/08 07:15:00,1091.00,214.85
2024/11/08 07:15:00,1092.00,213.57
2024/11/08 07:15:00,1093.00,214.25
2024/11/08 07:15:00,1094.00,206.14
2024/11/08 07:15:00,1095.00,208.64
2024/11/08 07:15:00,1096.00,221.53
2024/11/08 07:15:00,1097.00,218.71
2024/11/08 07:15:00,1098.00,223.54
2024/11/08 07:15:00,1099.00,229.43
2024/11/08 07:15:00,1100.00,226.46
2024/11/08 07:16:00,Wavelength(nm),Irradiance(W/m2/um)
2024/11/08 07:16:00,300.00,7.58
2024/11/08 07:16:00,301.00,7.98
2024/11/08 07:16:00,302.00,8.74
2024/11/08 07:16:00,303.00,9.69
2024/11/08 07:16:00,304.00,10.62
2024/11/08 07:16:00,305.00,11.88
2024/11/08 07:16:00,306.00,13.70
2024/11/08 07:16:00,307.00,15.83
2024/11/08 07:16:00,308.00,18.45
2024/11/08 07:16:00,309.00,21.80
2024/11/08 07:16:00,310.00,25.61
2024/11/08 07:16:00,311.00,29.90
2024/11/08 07:16:00,312.00,34.42
2024/11/08 07:16:00,313.00,39.77
2024/11/08 07:16:00,314.00,45.57
2024/11/08 07:16:00,315.00,51.45
2024/11/08 07:16:00,316.00,57.98
2024/11/08 07:16:00,317.00,65.11
2024/11/08 07:16:00,318.00,71.52
2024/11/08 07:16:00,319.00,77.70
2024/11/08 07:16:00,320.00,84.25
2024/11/08 07:16:00,321.00,91.01
2024/11/08 07:16:00,322.00,98.81
2024/11/08 07:16:00,323.00,107.94
2024/11/08 07:16:00,324.00,117.87
2024/11/08 07:16:00,325.00,128.49
2024/11/08 07:16:00,326.00,139.33
2024/11/08 07:16:00,327.00,149.36
2024/11/08 07:16:00,328.00,157.96
2024/11/08 07:16:00,329.00,165.15
2024/11/08 07:16:00,330.00,170.93
2024/11/08 07:16:00,331.00,175.25
2024/11/08 07:16:00,332.00,177.96
2024/11/08 07:16:00,333.00,179.14
2024/11/08 07:16:00,334.00,179.55
2024/11/08 07:16:00,335.00,180.36
2024/11/08 07:16:00,336.00,182.07
2024/11/08 07:16:00,337.00,184.01
2024/11/08 07:16:00,338.00,187.47
2024/11/08 07:16:00,339.00,192.03
2024/11/08 07:16:00,340.00,195.62
2024/11/08 07:16:00,341.00,197.45
2024/11/08 07:16:00,342.00,198.59
2024/11/08 07:16:00,343.00,199.17
2024/11/08 07:16:00,344.00,199.43
2024/11/08 07:16:00,345.00,199.12
2024/11/08 07:16:00,346.00,199.99
2024/11/08 07:16:00,347.00,202.55
2024/11/08 07:16:00,348.00,205.45
2024/11/08 07:16:00,349.00,208.42
2024/11/08 07:16:00,350.00,212.43
2024/11/08 07:16:00,351.00,217.39
2024/11/08 07:16:00,352.00,221.67
2024/11/08 07:16:00,353.00,224.50
2024/11/08 07:16:00,354.00,224.55
2024/11/08 07:16:00,355.00,221.75
2024/11/08 07:16:00,356.00,218.25
2024/11/08 07:16:00,357.00,215.27
2024/11/08 07:16:00,358.00,212.78
2024/11/08 07:16:00,359.00,213.16
2024/11/08 07:16:00,360.00,217.94
2024/11/08 07:16:00,361.00,223.39
2024/11/08 07:16:00,362.00,229.89
2024/11/08 07:16:00,363.00,239.97
2024/11/08 07:16:00,364.00,251.15
2024/11/08 07:16:00,365.00,259.68
2024/11/08 07:16:00,366.00,267.57
2024/11/08 07:16:00,367.00,273.18
2024/11/08 07:16:00,368.00,275.75
2024/11/08 07:16:00,369.00,275.11
2024/11/08 07:16:00,370.00,271.49
2024/11/08 07:16:00,371.00,264.63
2024/11/08 07:16:00,372.00,258.38
2024/11/08 07:16:00,373.00,254.02
2024/11/08 07:16:00,374.00,254.51
2024/11/08 07:16:00,375.00,261.52
2024/11/08 07:16:00,376.00,271.24
2024/11/08 07:16:00,377.00,280.33
2024/11/08 07:16:00,378.00,286.54
2024/11/08 07:16:00,379.00,284.82
2024/11/08 07:16:00,380.00,273.30
2024/11/08 07:16:00,381.00,259.89
2024/11/08 07:16:00,382.00,248.87
2024/11/08 07:16:00,383.00,240.90
2024/11/08 07:16:00,384.00,237.92
2024/11/08 07:16:00,385.00,242.33
2024/11/08 07:16:00,386.00,250.63
2024/11/08 07:16:00,387.00,261.30
2024/11/08 07:16:00,388.00,273.31
2024/11/08 07:16:00,389.00,283.12
2024/11/08 07:16:00,390.00,285.14
2024/11/08 07:16:00,391.00,280.75
2024/11/08 07:16:00,392.00,276.58
2024/11/08 07:16:00,393.00,269.64
2024/11/08 07:16:00,394.00,261.88
2024/11/08 07:16:00,395.00,266.66
2024/11/08 07:16:00,396.00,286.91
2024/11/08 07:16:00,397.00,310.92
2024/11/08 07:16:00,398.00,339.48
2024/11/08 07:16:00,399.00,373.49
2024/11/08 07:16:00,400.00,403.83
2024/11/08 07:16:00,401.00,423.21
2024/11/08 07:16:00,402.00,433.94
2024/11/08 07:16:00,403.00,436.31
2024/11/08 07:16:00,404.00,434.56
2024/11/08 07:16:00,405.00,432.82
2024/11/08 07:16:00,406.00,432.95
2024/11/08 07:16:00,407.00,433.51
2024/11/08 07:16:00,408.00,436.60
2024/11/08 07:16:00,409.00,442.55
2024/11/08 07:16:00,410.00,448.74
2024/11/08 07:16:00,411.00,453.86
2024/11/08 07:16:00,412.00,459.33
2024/11/08 07:16:00,413.00,465.92
2024/11/08 07:16:00,414.00,470.48
2024/11/08 07:16:00,415.00,471.60
2024/11/08 07:16:00,416.00,471.51
2024/11/08 07:16:00,417.00,471.36
2024/11/08 07:16:00,418.00,471.18
2024/11/08 07:16:00,419.00,471.54
2024/11/08 07:16:00,420.00,472.33
2024/11/08 07:16:00,421.00,473.38
2024/11/08 07:16:00,422.00,475.18
2024/11/08 07:16:00,423.00,475.05
2024/11/08 07:16:00,424.00,473.35
2024/11/08 07:16:00,425.00,471.75
2024/11/08 07:16:00,426.00,467.99
2024/11/08 07:16:00,427.00,458.23
2024/11/08 07:16:00,428.00,446.30
2024/11/08 07:16:00,429.00,439.02
2024/11/08 07:16:00,430.00,438.66
2024/11/08 07:16:00,431.00,443.62
2024/11/08 07:16:00,432.00,456.03
2024/11/08 07:16:00,433.00,475.57
2024/11/08 07:16:00,434.00,493.35
2024/11/08 07:16:00,435.00,502.81
2024/11/08 07:16:00,436.00,507.51
2024/11/08 07:16:00,437.00,511.17
2024/11/08 07:16:00,438.00,513.91
2024/11/08 07:16:00,439.00,517.88
2024/11/08 07:16:00,440.00,525.27
2024/11/08 07:16:00,441.00,537.08
2024/11/08 07:16:00,442.00,547.64
2024/11/08 07:16:00,443.00,555.01
2024/11/08 07:16:00,444.00,560.54
2024/11/08 07:16:00,445.00,565.45
2024/11/08 07:16:00,446.00,571.00
2024/11/08 07:16:00,447.00,580.15
2024/11/08 07:16:00,448.00,590.94
2024/11/08 07:16:00,449.00,599.96
2024/11/08 07:16:00,450.00,605.17
2024/11/08 07:16:00,451.00,605.54
2024/11/08 07:16:00,452.00,604.58
2024/11/08 07:16:00,453.00,603.70
2024/11/08 07:16:00,454.00,604.67
2024/11/08 07:16:00,455.00,607.54
2024/11/08 07:16:00,456.00,612.94
2024/11/08 07:16:00,457.00,616.90
2024/11/08 07:16:00,458.00,619.80
2024/11/08 07:16:00,459.00,622.15
2024/11/08 07:16:00,460.00,625.10
2024/11/08 07:16:00,461.00,627.99
2024/11/08 07:16:00,462.00,630.10
2024/11/08 07:16:00,463.00,629.35
2024/11/08 07:16:00,464.00,627.40
2024/11/08 07:16:00,465.00,624.87
2024/11/08 07:16:00,466.00,621.46
2024/11/08 07:16:00,467.00,618.38
2024/11/08 07:16:00,468.00,617.92
2024/11/08 07:16:00,469.00,618.59
2024/11/08 07:16:00,470.00,618.53
2024/11/08 07:16:00,471.00,619.31
2024/11/08 07:16:00,472.00,622.45
2024/11/08 07:16:00,473.00,624.36
2024/11/08 07:16:00,474.00,624.78
2024/11/08 07:16:00,475.00,626.73
2024/11/08 07:16:00,476.00,630.12
2024/11/08 07:16:00,477.00,631.91
2024/11/08 07:16:00,478.00,634.80
2024/11/08 07:16:00,479.00,637.95
2024/11/08 07:16:00,480.00,641.54
2024/11/08 07:16:00,481.00,640.87
2024/11/08 07:16:00,482.00,636.71
2024/11/08 07:16:00,483.00,627.31
2024/11/08 07:16:00,484.00,614.28
2024/11/08 07:16:00,485.00,600.99
2024/11/08 07:16:00,486.00,594.06
2024/11/08 07:16:00,487.00,592.72
2024/11/08 07:16:00,488.00,596.50
2024/11/08 07:16:00,489.00,604.26
2024/11/08 07:16:00,490.00,609.97
2024/11/08 07:16:00,491.00,614.50
2024/11/08 07:16:00,492.00,617.16
2024/11/08 07:16:00,493.00,619.44
2024/11/08 07:16:00,494.00,621.69
2024/11/08 07:16:00,495.00,624.91
2024/11/08 07:16:00,496.00,624.55
2024/11/08 07:16:00,497.00,621.94
2024/11/08 07:16:00,498.00,618.05
2024/11/08 07:16:00,499.00,612.38
2024/11/08 07:16:00,500.00,607.83
2024/11/08 07:16:00,501.00,604.34
2024/11/08 07:16:00,502.00,603.40
2024/11/08 07:16:00,503.00,604.19
2024/11/08 07:16:00,504.00,606.97
2024/11/08 07:16:00,505.00,609.20
2024/11/08 07:16:00,506.00,611.96
2024/11/08 07:16:00,507.00,612.80
2024/11/08 07:16:00,508.00,613.32
2024/11/08 07:16:00,509.00,614.30
2024/11/08 07:16:00,510.00,614.08
2024/11/08 07:16:00,511.00,611.72
2024/11/08 07:16:00,512.00,608.98
2024/11/08 07:16:00,513.00,603.59
2024/11/08 07:16:00,514.00,593.40
2024/11/08 07:16:00,515.00,581.52
2024/11/08 07:16:00,516.00,572.93
2024/11/08 07:16:00,517.00,567.19
2024/11/08 07:16:00,518.00,565.55
2024/11/08 07:16:00,519.00,569.02
2024/11/08 07:16:00,520.00,576.95
2024/11/08 07:16:00,521.00,584.51
2024/11/08 07:16:00,522.00,590.74
2024/11/08 07:16:00,523.00,593.11
2024/11/08 07:16:00,524.00,592.14
2024/11/08 07:16:00,525.00,591.04
2024/11/08 07:16:00,526.00,591.40
2024/11/08 07:16:00,527.00,591.58
2024/11/08 07:16:00,528.00,594.67
2024/11/08 07:16:00,529.00,599.12
2024/11/08 07:16:00,530.00,601.69
2024/11/08 07:16:00,531.00,601.78
2024/11/08 07:16:00,532.00,602.69
2024/11/08 07:16:00,533.00,602.36
2024/11/08 07:16:00,534.00,601.48
2024/11/08 07:16:00,535.00,602.14
2024/11/08 07:16:00,536.00,601.54
2024/11/08 07:16:00,537.00,599.34
2024/11/08 07:16:00,538.00,596.02
2024/11/08 07:16:00,539.00,592.91
2024/11/08 07:16:00,540.00,591.69
2024/11/08 07:16:00,541.00,591.14
2024/11/08 07:16:00,542.00,590.75
2024/11/08 07:16:00,543.00,592.00
2024/11/08 07:16:00,544.00,593.56
2024/11/08 07:16:00,545.00,593.56
2024/11/08 07:16:00,546.00,594.23
2024/11/08 07:16:00,547.00,593.98
2024/11/08 07:16:00,548.00,593.44
2024/11/08 07:16:00,549.00,593.21
2024/11/08 07:16:00,550.00,592.48
2024/11/08 07:16:00,551.00,592.51
2024/11/08 07:16:00,552.00,592.77
2024/11/08 07:16:00,553.00,591.76
2024/11/08 07:16:00,554.00,591.37
2024/11/08 07:16:00,555.00,588.71
2024/11/08 07:16:00,556.00,584.40
2024/11/08 07:16:00,557.00,580.96
2024/11/08 07:16:00,558.00,577.49
2024/11/08 07:16:00,559.00,574.42
2024/11/08 07:16:00,560.00,573.62
2024/11/08 07:16:00,561.00,573.62
2024/11/08 07:16:00,562.00,573.97
2024/11/08 07:16:00,563.00,573.22
2024/11/08 07:16:00,564.00,573.23
2024/11/08 07:16:00,565.00,573.80
2024/11/08 07:16:00,566.00,571.26
2024/11/08 07:16:00,567.00,568.40
2024/11/08 07:16:00,568.00,567.13
2024/11/08 07:16:00,569.00,564.75
2024/11/08 07:16:00,570.00,562.65
2024/11/08 07:16:00,571.00,562.78
2024/11/08 07:16:00,572.00,562.37
2024/11/08 07:16:00,573.00,562.26
2024/11/08 07:16:00,574.00,561.01
2024/11/08 07:16:00,575.00,559.07
2024/11/08 07:16:00,576.00,558.10
2024/11/08 07:16:00,577.00,557.25
2024/11/08 07:16:00,578.00,556.94
2024/11/08 07:16:00,579.00,560.01
2024/11/08 07:16:00,580.00,562.66
2024/11/08 07:16:00,581.00,564.87
2024/11/08 07:16:00,582.00,567.91
2024/11/08 07:16:00,583.00,570.66
2024/11/08 07:16:00,584.00,570.74
2024/11/08 07:16:00,585.00,568.94
2024/11/08 07:16:00,586.00,565.60
2024/11/08 07:16:00,587.00,562.47
2024/11/08 07:16:00,588.00,557.88
2024/11/08 07:16:00,589.00,553.34
2024/11/08 07:16:00,590.00,553.69
2024/11/08 07:16:00,591.00,554.63
2024/11/08 07:16:00,592.00,555.88
2024/11/08 07:16:00,593.00,557.53
2024/11/08 07:16:00,594.00,558.34
2024/11/08 07:16:00,595.00,556.97
2024/11/08 07:16:00,596.00,555.43
2024/11/08 07:16:00,597.00,553.71
2024/11/08 07:16:00,598.00,552.45
2024/11/08 07:16:00,599.00,550.34
2024/11/08 07:16:00,600.00,548.09
2024/11/08 07:16:00,601.00,549.00
2024/11/08 07:16:00,602.00,549.03
2024/11/08 07:16:00,603.00,548.68
2024/11/08 07:16:00,604.00,549.90
2024/11/08 07:16:00,605.00,549.90
2024/11/08 07:16:00,606.00,548.94
2024/11/08 07:16:00,607.00,547.31
2024/11/08 07:16:00,608.00,546.16
2024/11/08 07:16:00,609.00,545.33
2024/11/08 07:16:00,610.00,543.55
2024/11/08 07:16:00,611.00,541.76
2024/11/08 07:16:00,612.00,540.45
2024/11/08 07:16:00,613.00,538.53
2024/11/08 07:16:00,614.00,536.20
2024/11/08 07:16:00,615.00,535.69
2024/11/08 07:16:00,616.00,535.69
2024/11/08 07:16:00,617.00,536.40
2024/11/08 07:16:00,618.00,536.98
2024/11/08 07:16:00,619.00,536.74
2024/11/08 07:16:00,620.00,537.56
2024/11/08 07:16:00,621.00,536.38
2024/11/08 07:16:00,622.00,535.05
2024/11/08 07:16:00,623.00,533.94
2024/11/08 07:16:00,624.00,532.10
2024/11/08 07:16:00,625.00,529.62
2024/11/08 07:16:00,626.00,526.78
2024/11/08 07:16:00,627.00,523.96
2024/11/08 07:16:00,628.00,520.94
2024/11/08 07:16:00,629.00,519.80
2024/11/08 07:16:00,630.00,518.40
2024/11/08 07:16:00,631.00,519.61
2024/11/08 07:16:00,632.00,520.91
2024/11/08 07:16:00,633.00,522.88
2024/11/08 07:16:00,634.00,525.18
2024/11/08 07:16:00,635.00,527.49
2024/11/08 07:16:00,636.00,529.65
2024/11/08 07:16:00,637.00,531.12
2024/11/08 07:16:00,638.00,532.96
2024/11/08 07:16:00,639.00,533.81
2024/11/08 07:16:00,640.00,534.22
2024/11/08 07:16:00,641.00,534.05
2024/11/08 07:16:00,642.00,534.25
2024/11/08 07:16:00,643.00,533.43
2024/11/08 07:16:00,644.00,531.86
2024/11/08 07:16:00,645.00,531.19
2024/11/08 07:16:00,646.00,529.62
2024/11/08 07:16:00,647.00,527.56
2024/11/08 07:16:00,648.00,526.33
2024/11/08 07:16:00,649.00,526.32
2024/11/08 07:16:00,650.00,525.67
2024/11/08 07:16:00,651.00,525.00
2024/11/08 07:16:00,652.00,522.76
2024/11/08 07:16:00,653.00,517.42
2024/11/08 07:16:00,654.00,511.79
2024/11/08 07:16:00,655.00,507.48
2024/11/08 07:16:00,656.00,505.74
2024/11/08 07:16:00,657.00,506.18
2024/11/08 07:16:00,658.00,510.50
2024/11/08 07:16:00,659.00,515.63
2024/11/08 07:16:00,660.00,519.79
2024/11/08 07:16:00,661.00,521.76
2024/11/08 07:16:00,662.00,523.87
2024/11/08 07:16:00,663.00,524.58
2024/11/08 07:16:00,664.00,524.65
2024/11/08 07:16:00,665.00,526.31
2024/11/08 07:16:00,666.00,528.03
2024/11/08 07:16:00,667.00,529.07
2024/11/08 07:16:00,668.00,530.49
2024/11/08 07:16:00,669.00,531.02
2024/11/08 07:16:00,670.00,530.74
2024/11/08 07:16:00,671.00,530.72
2024/11/08 07:16:00,672.00,530.77
2024/11/08 07:16:00,673.00,529.38
2024/11/08 07:16:00,674.00,529.07
2024/11/08 07:16:00,675.00,527.26
2024/11/08 07:16:00,676.00,526.72
2024/11/08 07:16:00,677.00,526.12
2024/11/08 07:16:00,678.00,526.81
2024/11/08 07:16:00,679.00,526.46
2024/11/08 07:16:00,680.00,526.65
2024/11/08 07:16:00,681.00,526.07
2024/11/08 07:16:00,682.00,524.04
2024/11/08 07:16:00,683.00,518.54
2024/11/08 07:16:00,684.00,507.39
2024/11/08 07:16:00,685.00,492.45
2024/11/08 07:16:00,686.00,477.02
2024/11/08 07:16:00,687.00,463.22
2024/11/08 07:16:00,688.00,452.34
2024/11/08 07:16:00,689.00,449.52
2024/11/08 07:16:00,690.00,453.59
2024/11/08 07:16:00,691.00,459.73
2024/11/08 07:16:00,692.00,467.03
2024/11/08 07:16:00,693.00,475.52
2024/11/08 07:16:00,694.00,483.09
2024/11/08 07:16:00,695.00,488.13
2024/11/08 07:16:00,696.00,492.01
2024/11/08 07:16:00,697.00,493.72
2024/11/08 07:16:00,698.00,494.67
2024/11/08 07:16:00,699.00,493.72
2024/11/08 07:16:00,700.00,494.08
2024/11/08 07:16:00,701.00,495.17
2024/11/08 07:16:00,702.00,496.11
2024/11/08 07:16:00,703.00,497.39
2024/11/08 07:16:00,704.00,498.25
2024/11/08 07:16:00,705.00,497.29
2024/11/08 07:16:00,706.00,498.07
2024/11/08 07:16:00,707.00,498.83
2024/11/08 07:16:00,708.00,498.17
2024/11/08 07:16:00,709.00,498.76
2024/11/08 07:16:00,710.00,498.44
2024/11/08 07:16:00,711.00,497.18
2024/11/08 07:16:00,712.00,494.65
2024/11/08 07:16:00,713.00,492.38
2024/11/08 07:16:00,714.00,489.54
2024/11/08 07:16:00,715.00,483.47
2024/11/08 07:16:00,716.00,474.74
2024/11/08 07:16:00,717.00,468.52
2024/11/08 07:16:00,718.00,461.47
2024/11/08 07:16:00,719.00,455.71
2024/11/08 07:16:00,720.00,453.88
2024/11/08 07:16:00,721.00,453.13
2024/11/08 07:16:00,722.00,451.86
2024/11/08 07:16:00,723.00,452.34
2024/11/08 07:16:00,724.00,451.42
2024/11/08 07:16:00,725.00,452.73
2024/11/08 07:16:00,726.00,453.35
2024/11/08 07:16:00,727.00,452.97
2024/11/08 07:16:00,728.00,454.78
2024/11/08 07:16:00,729.00,456.37
2024/11/08 07:16:00,730.00,456.94
2024/11/08 07:16:00,731.00,460.22
2024/11/08 07:16:00,732.00,464.15
2024/11/08 07:16:00,733.00,464.59
2024/11/08 07:16:00,734.00,466.47
2024/11/08 07:16:00,735.00,466.14
2024/11/08 07:16:00,736.00,466.26
2024/11/08 07:16:00,737.00,463.63
2024/11/08 07:16:00,738.00,461.53
2024/11/08 07:16:00,739.00,461.62
2024/11/08 07:16:00,740.00,461.65
2024/11/08 07:16:00,741.00,462.43
2024/11/08 07:16:00,742.00,465.19
2024/11/08 07:16:00,743.00,466.94
2024/11/08 07:16:00,744.00,464.55
2024/11/08 07:16:00,745.00,464.41
2024/11/08 07:16:00,746.00,462.83
2024/11/08 07:16:00,747.00,461.28
2024/11/08 07:16:00,748.00,460.56
2024/11/08 07:16:00,749.00,461.27
2024/11/08 07:16:00,750.00,463.04
2024/11/08 07:16:00,751.00,462.29
2024/11/08 07:16:00,752.00,461.08
2024/11/08 07:16:00,753.00,461.86
2024/11/08 07:16:00,754.00,460.53
2024/11/08 07:16:00,755.00,456.93
2024/11/08 07:16:00,756.00,445.70
2024/11/08 07:16:00,757.00,419.87
2024/11/08 07:16:00,758.00,384.93
2024/11/08 07:16:00,759.00,347.00
2024/11/08 07:16:00,760.00,308.42
2024/11/08 07:16:00,761.00,280.08
2024/11/08 07:16:00,762.00,267.97
2024/11/08 07:16:00,763.00,267.67
2024/11/08 07:16:00,764.00,278.53
2024/11/08 07:16:00,765.00,293.46
2024/11/08 07:16:00,766.00,311.48
2024/11/08 07:16:00,767.00,331.70
2024/11/08 07:16:00,768.00,351.81
2024/11/08 07:16:00,769.00,368.30
2024/11/08 07:16:00,770.00,383.39
2024/11/08 07:16:00,771.00,398.11
2024/11/08 07:16:00,772.00,408.84
2024/11/08 07:16:00,773.00,418.17
2024/11/08 07:16:00,774.00,424.41
2024/11/08 07:16:00,775.00,429.97
2024/11/08 07:16:00,776.00,431.40
2024/11/08 07:16:00,777.00,431.87
2024/11/08 07:16:00,778.00,430.72
2024/11/08 07:16:00,779.00,430.47
2024/11/08 07:16:00,780.00,430.80
2024/11/08 07:16:00,781.00,429.42
2024/11/08 07:16:00,782.00,431.35
2024/11/08 07:16:00,783.00,430.96
2024/11/08 07:16:00,784.00,428.69
2024/11/08 07:16:00,785.00,428.94
2024/11/08 07:16:00,786.00,430.66
2024/11/08 07:16:00,787.00,428.53
2024/11/08 07:16:00,788.00,428.01
2024/11/08 07:16:00,789.00,426.31
2024/11/08 07:16:00,790.00,423.44
2024/11/08 07:16:00,791.00,420.25
2024/11/08 07:16:00,792.00,419.54
2024/11/08 07:16:00,793.00,421.27
2024/11/08 07:16:00,794.00,420.25
2024/11/08 07:16:00,795.00,420.45
2024/11/08 07:16:00,796.00,421.88
2024/11/08 07:16:00,797.00,420.66
2024/11/08 07:16:00,798.00,420.26
2024/11/08 07:16:00,799.00,422.35
2024/11/08 07:16:00,800.00,420.63
2024/11/08 07:16:00,801.00,420.53
2024/11/08 07:16:00,802.00,420.99
2024/11/08 07:16:00,803.00,419.45
2024/11/08 07:16:00,804.00,419.81
2024/11/08 07:16:00,805.00,421.42
2024/11/08 07:16:00,806.00,419.76
2024/11/08 07:16:00,807.00,419.64
2024/11/08 07:16:00,808.00,418.83
2024/11/08 07:16:00,809.00,416.96
2024/11/08 07:16:00,810.00,414.99
2024/11/08 07:16:00,811.00,411.20
2024/11/08 07:16:00,812.00,406.76
2024/11/08 07:16:00,813.00,401.21
2024/11/08 07:16:00,814.00,398.86
2024/11/08 07:16:00,815.00,393.18
2024/11/08 07:16:00,816.00,391.26
2024/11/08 07:16:00,817.00,389.35
2024/11/08 07:16:00,818.00,388.12
2024/11/08 07:16:00,819.00,386.15
2024/11/08 07:16:00,820.00,386.12
2024/11/08 07:16:00,821.00,386.75
2024/11/08 07:16:00,822.00,387.58
2024/11/08 07:16:00,823.00,389.50
2024/11/08 07:16:00,824.00,389.99
2024/11/08 07:16:00,825.00,393.43
2024/11/08 07:16:00,826.00,392.61
2024/11/08 07:16:00,827.00,391.39
2024/11/08 07:16:00,828.00,391.12
2024/11/08 07:16:00,829.00,390.91
2024/11/08 07:16:00,830.00,386.37
2024/11/08 07:16:00,831.00,388.39
2024/11/08 07:16:00,832.00,386.59
2024/11/08 07:16:00,833.00,383.83
2024/11/08 07:16:00,834.00,384.04
2024/11/08 07:16:00,835.00,382.70
2024/11/08 07:16:00,836.00,382.10
2024/11/08 07:16:00,837.00,383.92
2024/11/08 07:16:00,838.00,383.85
2024/11/08 07:16:00,839.00,385.51
2024/11/08 07:16:00,840.00,385.65
2024/11/08 07:16:00,841.00,384.72
2024/11/08 07:16:00,842.00,384.85
2024/11/08 07:16:00,843.00,383.30
2024/11/08 07:16:00,844.00,381.96
2024/11/08 07:16:00,845.00,380.52
2024/11/08 07:16:00,846.00,376.71
2024/11/08 07:16:00,847.00,374.19
2024/11/08 07:16:00,848.00,369.82
2024/11/08 07:16:00,849.00,367.53
2024/11/08 07:16:00,850.00,364.51
2024/11/08 07:16:00,851.00,360.88
2024/11/08 07:16:00,852.00,358.76
2024/11/08 07:16:00,853.00,359.42
2024/11/08 07:16:00,854.00,357.95
2024/11/08 07:16:00,855.00,358.56
2024/11/08 07:16:00,856.00,360.73
2024/11/08 07:16:00,857.00,361.48
2024/11/08 07:16:00,858.00,361.82
2024/11/08 07:16:00,859.00,362.01
2024/11/08 07:16:00,860.00,363.05
2024/11/08 07:16:00,861.00,363.72
2024/11/08 07:16:00,862.00,362.82
2024/11/08 07:16:00,863.00,361.27
2024/11/08 07:16:00,864.00,358.41
2024/11/08 07:16:00,865.00,355.37
2024/11/08 07:16:00,866.00,353.01
2024/11/08 07:16:00,867.00,351.97
2024/11/08 07:16:00,868.00,351.94
2024/11/08 07:16:00,869.00,353.61
2024/11/08 07:16:00,870.00,354.44
2024/11/08 07:16:00,871.00,355.54
2024/11/08 07:16:00,872.00,356.38
2024/11/08 07:16:00,873.00,356.17
2024/11/08 07:16:00,874.00,355.98
2024/11/08 07:16:00,875.00,355.24
2024/11/08 07:16:00,876.00,355.12
2024/11/08 07:16:00,877.00,353.68
2024/11/08 07:16:00,878.00,351.65
2024/11/08 07:16:00,879.00,351.18
2024/11/08 07:16:00,880.00,350.32
2024/11/08 07:16:00,881.00,349.78
2024/11/08 07:16:00,882.00,351.08
2024/11/08 07:16:00,883.00,350.69
2024/11/08 07:16:00,884.00,350.28
2024/11/08 07:16:00,885.00,349.60
2024/11/08 07:16:00,886.00,348.32
2024/11/08 07:16:00,887.00,349.23
2024/11/08 07:16:00,888.00,348.50
2024/11/08 07:16:00,889.00,347.77
2024/11/08 07:16:00,890.00,348.12
2024/11/08 07:16:00,891.00,344.99
2024/11/08 07:16:00,892.00,341.41
2024/11/08 07:16:00,893.00,337.90
2024/11/08 07:16:00,894.00,330.88
2024/11/08 07:16:00,895.00,323.92
2024/11/08 07:16:00,896.00,317.48
2024/11/08 07:16:00,897.00,311.51
2024/11/08 07:16:00,898.00,305.46
2024/11/08 07:16:00,899.00,301.81
2024/11/08 07:16:00,900.00,300.00
2024/11/08 07:16:00,901.00,299.38
2024/11/08 07:16:00,902.00,299.60
2024/11/08 07:16:00,903.00,302.28
2024/11/08 07:16:00,904.00,302.35
2024/11/08 07:16:00,905.00,301.12
2024/11/08 07:16:00,906.00,299.64
2024/11/08 07:16:00,907.00,295.87
2024/11/08 07:16:00,908.00,293.58
2024/11/08 07:16:00,909.00,292.78
2024/11/08 07:16:00,910.00,291.45
2024/11/08 07:16:00,911.00,291.20
2024/11/08 07:16:00,912.00,289.58
2024/11/08 07:16:00,913.00,288.10
2024/11/08 07:16:00,914.00,287.39
2024/11/08 07:16:00,915.00,285.45
2024/11/08 07:16:00,916.00,285.47
2024/11/08 07:16:00,917.00,287.33
2024/11/08 07:16:00,918.00,287.59
2024/11/08 07:16:00,919.00,289.01
2024/11/08 07:16:00,920.00,290.91
2024/11/08 07:16:00,921.00,291.68
2024/11/08 07:16:00,922.00,292.15
2024/11/08 07:16:00,923.00,292.25
2024/11/08 07:16:00,924.00,292.18
2024/11/08 07:16:00,925.00,290.09
2024/11/08 07:16:00,926.00,285.23
2024/11/08 07:16:00,927.00,278.41
2024/11/08 07:16:00,928.00,267.91
2024/11/08 07:16:00,929.00,254.61
2024/11/08 07:16:00,930.00,239.81
2024/11/08 07:16:00,931.00,223.80
2024/11/08 07:16:00,932.00,210.13
2024/11/08 07:16:00,933.00,197.87
2024/11/08 07:16:00,934.00,187.82
2024/11/08 07:16:00,935.00,183.22
2024/11/08 07:16:00,936.00,181.65
2024/11/08 07:16:00,937.00,183.52
2024/11/08 07:16:00,938.00,188.79
2024/11/08 07:16:00,939.00,192.76
2024/11/08 07:16:00,940.00,196.86
2024/11/08 07:16:00,941.00,197.64
2024/11/08 07:16:00,942.00,196.01
2024/11/08 07:16:00,943.00,194.52
2024/11/08 07:16:00,944.00,193.68
2024/11/08 07:16:00,945.00,193.53
2024/11/08 07:16:00,946.00,194.66
2024/11/08 07:16:00,947.00,195.40
2024/11/08 07:16:00,948.00,196.71
2024/11/08 07:16:00,949.00,196.84
2024/11/08 07:16:00,950.00,197.49
2024/11/08 07:16:00,951.00,199.04
2024/11/08 07:16:00,952.00,198.93
2024/11/08 07:16:00,953.00,200.08
2024/11/08 07:16:00,954.00,201.36
2024/11/08 07:16:00,955.00,202.42
2024/11/08 07:16:00,956.00,205.00
2024/11/08 07:16:00,957.00,207.41
2024/11/08 07:16:00,958.00,210.34
2024/11/08 07:16:00,959.00,214.20
2024/11/08 07:16:00,960.00,216.88
2024/11/08 07:16:00,961.00,220.45
2024/11/08 07:16:00,962.00,224.23
2024/11/08 07:16:00,963.00,227.53
2024/11/08 07:16:00,964.00,231.35
2024/11/08 07:16:00,965.00,235.76
2024/11/08 07:16:00,966.00,240.66
2024/11/08 07:16:00,967.00,246.26
2024/11/08 07:16:00,968.00,250.87
2024/11/08 07:16:00,969.00,255.43
2024/11/08 07:16:00,970.00,257.28
2024/11/08 07:16:00,971.00,258.39
2024/11/08 07:16:00,972.00,257.49
2024/11/08 07:16:00,973.00,256.49
2024/11/08 07:16:00,974.00,256.95
2024/11/08 07:16:00,975.00,257.44
2024/11/08 07:16:00,976.00,257.64
2024/11/08 07:16:00,977.00,258.48
2024/11/08 07:16:00,978.00,258.72
2024/11/08 07:16:00,979.00,259.78
2024/11/08 07:16:00,980.00,261.32
2024/11/08 07:16:00,981.00,264.87
2024/11/08 07:16:00,982.00,266.92
2024/11/08 07:16:00,983.00,268.90
2024/11/08 07:16:00,984.00,271.52
2024/11/08 07:16:00,985.00,272.62
2024/11/08 07:16:00,986.00,272.55
2024/11/08 07:16:00,987.00,273.19
2024/11/08 07:16:00,988.00,273.56
2024/11/08 07:16:00,989.00,272.62
2024/11/08 07:16:00,990.00,272.90
2024/11/08 07:16:00,991.00,274.30
2024/11/08 07:16:00,992.00,273.88
2024/11/08 07:16:00,993.00,274.95
2024/11/08 07:16:00,994.00,275.04
2024/11/08 07:16:00,995.00,275.51
2024/11/08 07:16:00,996.00,274.69
2024/11/08 07:16:00,997.00,273.18
2024/11/08 07:16:00,998.00,273.42
2024/11/08 07:16:00,999.00,272.76
2024/11/08 07:16:00,1000.00,271.37
2024/11/08 07:16:00,1001.00,270.94
2024/11/08 07:16:00,1002.00,269.89
2024/11/08 07:16:00,1003.00,267.06
2024/11/08 07:16:00,1004.00,265.76
2024/11/08 07:16:00,1005.00,265.26
2024/11/08 07:16:00,1006.00,264.14
2024/11/08 07:16:00,1007.00,264.96
2024/11/08 07:16:00,1008.00,265.44
2024/11/08 07:16:00,1009.00,265.42
2024/11/08 07:16:00,1010.00,265.05
2024/11/08 07:16:00,1011.00,264.72
2024/11/08 07:16:00,1012.00,263.61
2024/11/08 07:16:00,1013.00,262.54
2024/11/08 07:16:00,1014.00,261.69
2024/11/08 07:16:00,1015.00,263.02
2024/11/08 07:16:00,1016.00,261.55
2024/11/08 07:16:00,1017.00,261.46
2024/11/08 07:16:00,1018.00,262.66
2024/11/08 07:16:00,1019.00,261.35
2024/11/08 07:16:00,1020.00,260.24
2024/11/08 07:16:00,1021.00,260.70
2024/11/08 07:16:00,1022.00,260.23
2024/11/08 07:16:00,1023.00,258.54
2024/11/08 07:16:00,1024.00,258.55
2024/11/08 07:16:00,1025.00,258.70
2024/11/08 07:16:00,1026.00,257.44
2024/11/08 07:16:00,1027.00,256.92
2024/11/08 07:16:00,1028.00,258.04
2024/11/08 07:16:00,1029.00,257.43
2024/11/08 07:16:00,1030.00,255.77
2024/11/08 07:16:00,1031.00,254.14
2024/11/08 07:16:00,1032.00,254.31
2024/11/08 07:16:00,1033.00,251.02
2024/11/08 07:16:00,1034.00,250.31
2024/11/08 07:16:00,1035.00,251.15
2024/11/08 07:16:00,1036.00,250.41
2024/11/08 07:16:00,1037.00,249.84
2024/11/08 07:16:00,1038.00,251.07
2024/11/08 07:16:00,1039.00,249.91
2024/11/08 07:16:00,1040.00,249.75
2024/11/08 07:16:00,1041.00,248.96
2024/11/08 07:16:00,1042.00,249.56
2024/11/08 07:16:00,1043.00,248.50
2024/11/08 07:16:00,1044.00,248.13
2024/11/08 07:16:00,1045.00,246.19
2024/11/08 07:16:00,1046.00,245.01
2024/11/08 07:16:00,1047.00,240.88
2024/11/08 07:16:00,1048.00,239.09
2024/11/08 07:16:00,1049.00,240.27
2024/11/08 07:16:00,1050.00,238.86
2024/11/08 07:16:00,1051.00,241.65
2024/11/08 07:16:00,1052.00,243.29
2024/11/08 07:16:00,1053.00,243.19
2024/11/08 07:16:00,1054.00,242.71
2024/11/08 07:16:00,1055.00,244.66
2024/11/08 07:16:00,1056.00,245.46
2024/11/08 07:16:00,1057.00,244.11
2024/11/08 07:16:00,1058.00,241.17
2024/11/08 07:16:00,1059.00,241.25
2024/11/08 07:16:00,1060.00,238.17
2024/11/08 07:16:00,1061.00,234.69
2024/11/08 07:16:00,1062.00,236.88
2024/11/08 07:16:00,1063.00,234.58
2024/11/08 07:16:00,1064.00,230.01
2024/11/08 07:16:00,1065.00,232.27
2024/11/08 07:16:00,1066.00,231.51
2024/11/08 07:16:00,1067.00,229.62
2024/11/08 07:16:00,1068.00,230.84
2024/11/08 07:16:00,1069.00,228.86
2024/11/08 07:16:00,1070.00,228.94
2024/11/08 07:16:00,1071.00,228.69
2024/11/08 07:16:00,1072.00,231.08
2024/11/08 07:16:00,1073.00,233.64
2024/11/08 07:16:00,1074.00,232.24
2024/11/08 07:16:00,1075.00,232.76
2024/11/08 07:16:00,1076.00,234.34
2024/11/08 07:16:00,1077.00,229.56
2024/11/08 07:16:00,1078.00,230.59
2024/11/08 07:16:00,1079.00,228.34
2024/11/08 07:16:00,1080.00,224.23
2024/11/08 07:16:00,1081.00,224.80
2024/11/08 07:16:00,1082.00,226.01
2024/11/08 07:16:00,1083.00,230.21
2024/11/08 07:16:00,1084.00,233.34
2024/11/08 07:16:00,1085.00,235.78
2024/11/08 07:16:00,1086.00,236.91
2024/11/08 07:16:00,1087.00,230.79
2024/11/08 07:16:00,1088.00,227.76
2024/11/08 07:16:00,1089.00,225.14
2024/11/08 07:16:00,1090.00,218.87
2024/11/08 07:16:00,1091.00,217.07
2024/11/08 07:16:00,1092.00,219.18
2024/11/08 07:16:00,1093.00,221.55
2024/11/08 07:16:00,1094.00,222.26
2024/11/08 07:16:00,1095.00,219.80
2024/11/08 07:16:00,1096.00,218.57
2024/11/08 07:16:00,1097.00,213.38
2024/11/08 07:16:00,1098.00,210.22
2024/11/08 07:16:00,1099.00,212.24
2024/11/08 07:16:00,1100.00,213.23
2024/11/08 07:17:00,Wavelength(nm),Irradiance(W/m2/um)
2024/11/08 07:17:00,300.00,7.60
2024/11/08 07:17:00,301.00,8.08
2024/11/08 07:17:00,302.00,8.75
2024/11/08 07:17:00,303.00,9.59
2024/11/08 07:17:00,304.00,10.75
2024/11/08 07:17:00,305.00,12.33
2024/11/08 07:17:00,306.00,13.80
2024/11/08 07:17:00,307.00,16.02
2024/11/08 07:17:00,308.00,18.93
2024/11/08 07:17:00,309.00,22.10
2024/11/08 07:17:00,310.00,25.81
2024/11/08 07:17:00,311.00,30.32
2024/11/08 07:17:00,312.00,35.07
2024/11/08 07:17:00,313.00,40.22
2024/11/08 07:17:00,314.00,45.96
2024/11/08 07:17:00,315.00,52.14
2024/11/08 07:17:00,316.00,58.90
2024/11/08 07:17:00,317.00,65.89
2024/11/08 07:17:00,318.00,72.64
2024/11/08 07:17:00,319.00,78.77
2024/11/08 07:17:00,320.00,84.99
2024/11/08 07:17:00,321.00,91.53
2024/11/08 07:17:00,322.00,99.57
2024/11/08 07:17:00,323.00,108.67
2024/11/08 07:17:00,324.00,119.04
2024/11/08 07:17:00,325.00,129.82
2024/11/08 07:17:00,326.00,141.23
2024/11/08 07:17:00,327.00,151.47
2024/11/08 07:17:00,328.00,159.79
2024/11/08 07:17:00,329.00,167.12
2024/11/08 07:17:00,330.00,173.21
2024/11/08 07:17:00,331.00,177.41
2024/11/08 07:17:00,332.00,180.07
2024/11/08 07:17:00,333.00,181.57
2024/11/08 07:17:00,334.00,182.37
2024/11/08 07:17:00,335.00,182.73
2024/11/08 07:17:00,336.00,183.93
2024/11/08 07:17:00,337.00,185.77
2024/11/08 07:17:00,338.00,189.32
2024/11/08 07:17:00,339.00,193.24
2024/11/08 07:17:00,340.00,197.06
2024/11/08 07:17:00,341.00,199.07
2024/11/08 07:17:00,342.00,199.83
2024/11/08 07:17:00,343.00,200.35
2024/11/08 07:17:00,344.00,200.67
2024/11/08 07:17:00,345.00,200.64
2024/11/08 07:17:00,346.00,201.38
2024/11/08 07:17:00,347.00,204.13
2024/11/08 07:17:00,348.00,207.20
2024/11/08 07:17:00,349.00,210.14
2024/11/08 07:17:00,350.00,213.56
2024/11/08 07:17:00,351.00,219.09
2024/11/08 07:17:00,352.00,223.64
2024/11/08 07:17:00,353.00,226.36
2024/11/08 07:17:00,354.00,226.39
2024/11/08 07:17:00,355.00,223.87
2024/11/08 07:17:00,356.00,220.25
2024/11/08 07:17:00,357.00,217.01
2024/11/08 07:17:00,358.00,214.39
2024/11/08 07:17:00,359.00,215.13
2024/11/08 07:17:00,360.00,219.91
2024/11/08 07:17:00,361.00,225.00
2024/11/08 07:17:00,362.00,231.63
2024/11/08 07:17:00,363.00,241.86
2024/11/08 07:17:00,364.00,252.91
2024/11/08 07:17:00,365.00,261.78
2024/11/08 07:17:00,366.00,270.01
2024/11/08 07:17:00,367.00,276.29
2024/11/08 07:17:00,368.00,278.85
2024/11/08 07:17:00,369.00,278.18
2024/11/08 07:17:00,370.00,274.31
2024/11/08 07:17:00,371.00,267.48
2024/11/08 07:17:00,372.00,260.55
2024/11/08 07:17:00,373.00,256.33
2024/11/08 07:17:00,374.00,256.92
2024/11/08 07:17:00,375.00,264.21
2024/11/08 07:17:00,376.00,273.66
2024/11/08 07:17:00,377.00,283.08
2024/11/08 07:17:00,378.00,289.52
2024/11/08 07:17:00,379.00,287.74
2024/11/08 07:17:00,380.00,276.07
2024/11/08 07:17:00,381.00,262.82
2024/11/08 07:17:00,382.00,251.95
2024/11/08 07:17:00,383.00,243.78
2024/11/08 07:17:00,384.00,240.99
2024/11/08 07:17:00,385.00,245.54
2024/11/08 07:17:00,386.00,253.88
2024/11/08 07:17:00,387.00,264.21
2024/11/08 07:17:00,388.00,276.10
2024/11/08 07:17:00,389.00,285.79
2024/11/08 07:17:00,390.00,287.30
2024/11/08 07:17:00,391.00,283.10
2024/11/08 07:17:00,392.00,279.44
2024/11/08 07:17:00,393.00,272.67
2024/11/08 07:17:00,394.00,264.92
2024/11/08 07:17:00,395.00,269.56
2024/11/08 07:17:00,396.00,289.70
2024/11/08 07:17:00,397.00,313.50
2024/11/08 07:17:00,398.00,341.95
2024/11/08 07:17:00,399.00,376.29
2024/11/08 07:17:00,400.00,407.42
2024/11/08 07:17:00,401.00,427.06
2024/11/08 07:17:00,402.00,437.77
2024/11/08 07:17:00,403.00,440.50
2024/11/08 07:17:00,404.00,438.80
2024/11/08 07:17:00,405.00,436.79
2024/11/08 07:17:00,406.00,436.53
2024/11/08 07:17:00,407.00,437.14
2024/11/08 07:17:00,408.00,439.79
2024/11/08 07:17:00,409.00,445.58
2024/11/08 07:17:00,410.00,452.04
2024/11/08 07:17:00,411.00,458.25
2024/11/08 07:17:00,412.00,464.30
2024/11/08 07:17:00,413.00,471.06
2024/11/08 07:17:00,414.00,475.56
2024/11/08 07:17:00,415.00,476.89
2024/11/08 07:17:00,416.00,475.92
2024/11/08 07:17:00,417.00,475.42
2024/11/08 07:17:00,418.00,475.76
2024/11/08 07:17:00,419.00,476.15
2024/11/08 07:17:00,420.00,476.45
2024/11/08 07:17:00,421.00,478.09
2024/11/08 07:17:00,422.00,479.33
2024/11/08 07:17:00,423.00,479.13
2024/11/08 07:17:00,424.00,477.40
2024/11/08 07:17:00,425.00,475.75
2024/11/08 07:17:00,426.00,472.02
2024/11/08 07:17:00,427.00,462.28
2024/11/08 07:17:00,428.00,449.70
2024/11/08 07:17:00,429.00,443.07
2024/11/08 07:17:00,430.00,442.87
2024/11/08 07:17:00,431.00,446.88
2024/11/08 07:17:00,432.00,459.41
2024/11/08 07:17:00,433.00,478.81
2024/11/08 07:17:00,434.00,497.04
2024/11/08 07:17:00,435.00,506.29
2024/11/08 07:17:00,436.00,511.57
2024/11/08 07:17:00,437.00,515.94
2024/11/08 07:17:00,438.00,519.64
2024/11/08 07:17:00,439.00,522.40
2024/11/08 07:17:00,440.00,530.71
2024/11/08 07:17:00,441.00,542.73
2024/11/08 07:17:00,442.00,552.76
2024/11/08 07:17:00,443.00,559.84
2024/11/08 07:17:00,444.00,565.72
2024/11/08 07:17:00,445.00,571.09
2024/11/08 07:17:00,446.00,576.08
2024/11/08 07:17:00,447.00,585.20
2024/11/08 07:17:00,448.00,596.74
2024/11/08 07:17:00,449.00,606.16
2024/11/08 07:17:00,450.00,610.33
2024/11/08 07:17:00,451.00,612.34
2024/11/08 07:17:00,452.00,611.70
2024/11/08 07:17:00,453.00,609.82
2024/11/08 07:17:00,454.00,610.81
2024/11/08 07:17:00,455.00,614.51
2024/11/08 07:17:00,456.00,618.29
2024/11/08 07:17:00,457.00,621.17
2024/11/08 07:17:00,458.00,624.06
2024/11/08 07:17:00,459.00,627.93
2024/11/08 07:17:00,460.00,629.91
2024/11/08 07:17:00,461.00,633.13
2024/11/08 07:17:00,462.00,636.09
2024/11/08 07:17:00,463.00,636.01
2024/11/08 07:17:00,464.00,632.83
2024/11/08 07:17:00,465.00,629.96
2024/11/08 07:17:00,466.00,626.65
2024/11/08 07:17:00,467.00,623.80
2024/11/08 07:17:00,468.00,622.38
2024/11/08 07:17:00,469.00,622.37
2024/11/08 07:17:00,470.00,624.30
2024/11/08 07:17:00,471.00,625.65
2024/11/08 07:17:00,472.00,627.43
2024/11/08 07:17:00,473.00,630.08
2024/11/08 07:17:00,474.00,630.97
2024/11/08 07:17:00,475.00,630.65
2024/11/08 07:17:00,476.00,632.49
2024/11/08 07:17:00,477.00,635.61
2024/11/08 07:17:00,478.00,638.11
2024/11/08 07:17:00,479.00,641.47
2024/11/08 07:17:00,480.00,644.20
2024/11/08 07:17:00,481.00,644.50
2024/11/08 07:17:00,482.00,638.97
2024/11/08 07:17:00,483.00,629.80
2024/11/08 07:17:00,484.00,617.19
2024/11/08 07:17:00,485.00,605.06
2024/11/08 07:17:00,486.00,597.07
2024/11/08 07:17:00,487.00,595.42
2024/11/08 07:17:00,488.00,600.18
2024/11/08 07:17:00,489.00,607.24
2024/11/08 07:17:00,490.00,613.41
2024/11/08 07:17:00,491.00,617.99
2024/11/08 07:17:00,492.00,621.60
2024/11/08 07:17:00,493.00,624.35
2024/11/08 07:17:00,494.00,627.31
2024/11/08 07:17:00,495.00,630.08
2024/11/08 07:17:00,496.00,630.66
2024/11/08 07:17:00,497.00,626.52
2024/11/08 07:17:00,498.00,620.90
2024/11/08 07:17:00,499.00,615.78
2024/11/08 07:17:00,500.00,610.15
2024/11/08 07:17:00,501.00,606.76
2024/11/08 07:17:00,502.00,606.69
2024/11/08 07:17:00,503.00,609.55
2024/11/08 07:17:00,504.00,612.85
2024/11/08 07:17:00,505.00,615.60
2024/11/08 07:17:00,506.00,617.14
2024/11/08 07:17:00,507.00,619.73
2024/11/08 07:17:00,508.00,619.84
2024/11/08 07:17:00,509.00,618.67
2024/11/08 07:17:00,510.00,618.25
2024/11/08 07:17:00,511.00,616.86
2024/11/08 07:17:00,512.00,613.31
2024/11/08 07:17:00,513.00,607.14
2024/11/08 07:17:00,514.00,596.97
2024/11/08 07:17:00,515.00,586.53
2024/11/08 07:17:00,516.00,578.24
2024/11/08 07:17:00,517.00,571.32
2024/11/08 07:17:00,518.00,571.30
2024/11/08 07:17:00,519.00,574.74
2024/11/08 07:17:00,520.00,580.87
2024/11/08 07:17:00,521.00,588.87
2024/11/08 07:17:00,522.00,596.10
2024/11/08 07:17:00,523.00,596.86
2024/11/08 07:17:00,524.00,596.42
2024/11/08 07:17:00,525.00,595.03
2024/11/08 07:17:00,526.00,594.87
2024/11/08 07:17:00,527.00,594.99
2024/11/08 07:17:00,528.00,597.99
2024/11/08 07:17:00,529.00,603.97
2024/11/08 07:17:00,530.00,607.07
2024/11/08 07:17:00,531.00,607.50
2024/11/08 07:17:00,532.00,608.06
2024/11/08 07:17:00,533.00,606.75
2024/11/08 07:17:00,534.00,605.47
2024/11/08 07:17:00,535.00,606.66
2024/11/08 07:17:00,536.00,606.32
2024/11/08 07:17:00,537.00,604.17
2024/11/08 07:17:00,538.00,600.85
2024/11/08 07:17:00,539.00,597.27
2024/11/08 07:17:00,540.00,595.66
2024/11/08 07:17:00,541.00,594.27
2024/11/08 07:17:00,542.00,593.92
2024/11/08 07:17:00,543.00,595.91
2024/11/08 07:17:00,544.00,597.35
2024/11/08 07:17:00,545.00,596.86
2024/11/08 07:17:00,546.00,597.38
2024/11/08 07:17:00,547.00,597.97
2024/11/08 07:17:00,548.00,597.97
2024/11/08 07:17:00,549.00,597.71
2024/11/08 07:17:00,550.00,598.59
2024/11/08 07:17:00,551.00,599.45
2024/11/08 07:17:00,552.00,599.47
2024/11/08 07:17:00,553.00,598.21
2024/11/08 07:17:00,554.00,597.36
2024/11/08 07:17:00,555.00,594.99
2024/11/08 07:17:00,556.00,591.01
2024/11/08 07:17:00,557.00,586.61
2024/11/08 07:17:00,558.00,582.73
2024/11/08 07:17:00,559.00,580.95
2024/11/08 07:17:00,560.00,578.65
2024/11/08 07:17:00,561.00,577.81
2024/11/08 07:17:00,562.00,578.10
2024/11/08 07:17:00,563.00,577.87
2024/11/08 07:17:00,564.00,576.46
2024/11/08 07:17:00,565.00,575.93
2024/11/08 07:17:00,566.00,574.74
2024/11/08 07:17:00,567.00,571.74
2024/11/08 07:17:00,568.00,569.28
2024/11/08 07:17:00,569.00,568.12
2024/11/08 07:17:00,570.00,566.97
2024/11/08 07:17:00,571.00,566.05
2024/11/08 07:17:00,572.00,566.23
2024/11/08 07:17:00,573.00,566.95
2024/11/08 07:17:00,574.00,565.77
2024/11/08 07:17:00,575.00,563.42
2024/11/08 07:17:00,576.00,561.59
2024/11/08 07:17:00,577.00,562.58
2024/11/08 07:17:00,578.00,562.49
2024/11/08 07:17:00,579.00,563.46
2024/11/08 07:17:00,580.00,566.91
2024/11/08 07:17:00,581.00,570.12
2024/11/08 07:17:00,582.00,571.36
2024/11/08 07:17:00,583.00,573.27
2024/11/08 07:17:00,584.00,574.60
2024/11/08 07:17:00,585.00,572.74
2024/11/08 07:17:00,586.00,568.21
2024/11/08 07:17:00,587.00,563.91
2024/11/08 07:17:00,588.00,560.85
2024/11/08 07:17:00,589.00,557.81
2024/11/08 07:17:00,590.00,556.01
2024/11/08 07:17:00,591.00,557.88
2024/11/08 07:17:00,592.00,559.28
2024/11/08 07:17:00,593.00,558.44
2024/11/08 07:17:00,594.00,558.41
2024/11/08 07:17:00,595.00,558.69
2024/11/08 07:17:00,596.00,557.91
2024/11/08 07:17:00,597.00,555.91
2024/11/08 07:17:00,598.00,554.89
2024/11/08 07:17:00,599.00,553.59
2024/11/08 07:17:00,600.00,552.95
2024/11/08 07:17:00,601.00,551.62
2024/11/08 07:17:00,602.00,552.54
2024/11/08 07:17:00,603.00,553.00
2024/11/08 07:17:00,604.00,552.61
2024/11/08 07:17:00,605.00,551.51
2024/11/08 07:17:00,606.00,552.37
2024/11/08 07:17:00,607.00,552.60
2024/11/08 07:17:00,608.00,551.65
2024/11/08 07:17:00,609.00,550.84
2024/11/08 07:17:00,610.00,550.40
2024/11/08 07:17:00,611.00,548.32
2024/11/08 07:17:00,612.00,545.12
2024/11/08 07:17:00,613.00,544.21
2024/11/08 07:17:00,614.00,542.66
2024/11/08 07:17:00,615.00,541.03
2024/11/08 07:17:00,616.00,541.25
2024/11/08 07:17:00,617.00,541.74
2024/11/08 07:17:00,618.00,542.68
2024/11/08 07:17:00,619.00,543.77
2024/11/08 07:17:00,620.00,544.41
2024/11/08 07:17:00,621.00,543.99
2024/11/08 07:17:00,622.00,542.71
2024/11/08 07:17:00,623.00,539.57
2024/11/08 07:17:00,624.00,537.69
2024/11/08 07:17:00,625.00,534.18
2024/11/08 07:17:00,626.00,530.38
2024/11/08 07:17:00,627.00,527.58
2024/11/08 07:17:00,628.00,525.95
2024/11/08 07:17:00,629.00,524.34
2024/11/08 07:17:00,630.00,523.12
2024/11/08 07:17:00,631.00,523.73
2024/11/08 07:17:00,632.00,525.32
2024/11/08 07:17:00,633.00,526.49
2024/11/08 07:17:00,634.00,527.48
2024/11/08 07:17:00,635.00,531.88
2024/11/08 07:17:00,636.00,533.95
2024/11/08 07:17:00,637.00,535.73
2024/11/08 07:17:00,638.00,537.45
2024/11/08 07:17:00,639.00,539.41
2024/11/08 07:17:00,640.00,538.99
2024/11/08 07:17:00,641.00,538.13
2024/11/08 07:17:00,642.00,537.67
2024/11/08 07:17:00,643.00,538.91
2024/11/08 07:17:00,644.00,537.46
2024/11/08 07:17:00,645.00,536.73
2024/11/08 07:17:00,646.00,536.35
2024/11/08 07:17:00,647.00,535.24
2024/11/08 07:17:00,648.00,532.68
2024/11/08 07:17:00,649.00,532.47
2024/11/08 07:17:00,650.00,531.84
2024/11/08 07:17:00,651.00,531.69
2024/11/08 07:17:00,652.00,528.78
2024/11/08 07:17:00,653.00,523.06
2024/11/08 07:17:00,654.00,517.38
2024/11/08 07:17:00,655.00,512.04
2024/11/08 07:17:00,656.00,508.76
2024/11/08 07:17:00,657.00,509.73
2024/11/08 07:17:00,658.00,513.58
2024/11/08 07:17:00,659.00,518.28
2024/11/08 07:17:00,660.00,523.20
2024/11/08 07:17:00,661.00,525.91
2024/11/08 07:17:00,662.00,527.52
2024/11/08 07:17:00,663.00,529.32
2024/11/08 07:17:00,664.00,530.15
2024/11/08 07:17:00,665.00,532.06
2024/11/08 07:17:00,666.00,533.66
2024/11/08 07:17:00,667.00,534.36
2024/11/08 07:17:00,668.00,535.63
2024/11/08 07:17:00,669.00,535.52
2024/11/08 07:17:00,670.00,534.23
2024/11/08 07:17:00,671.00,533.29
2024/11/08 07:17:00,672.00,532.72
2024/11/08 07:17:00,673.00,531.61
2024/11/08 07:17:00,674.00,531.81
2024/11/08 07:17:00,675.00,532.31
2024/11/08 07:17:00,676.00,532.58
2024/11/08 07:17:00,677.00,532.01
2024/11/08 07:17:00,678.00,532.35
2024/11/08 07:17:00,679.00,532.46
2024/11/08 07:17:00,680.00,531.28
2024/11/08 07:17:00,681.00,529.06
2024/11/08 07:17:00,682.00,528.61
2024/11/08 07:17:00,683.00,523.19
2024/11/08 07:17:00,684.00,510.17
2024/11/08 07:17:00,685.00,496.11
2024/11/08 07:17:00,686.00,481.60
2024/11/08 07:17:00,687.00,466.14
2024/11/08 07:17:00,688.00,455.85
2024/11/08 07:17:00,689.00,454.31
2024/11/08 07:17:00,690.00,458.57
2024/11/08 07:17:00,691.00,464.50
2024/11/08 07:17:00,692.00,471.31
2024/11/08 07:17:00,693.00,480.28
2024/11/08 07:17:00,694.00,487.09
2024/11/08 07:17:00,695.00,490.84
2024/11/08 07:17:00,696.00,495.46
2024/11/08 07:17:00,697.00,499.78
2024/11/08 07:17:00,698.00,499.95
2024/11/08 07:17:00,699.00,499.35
2024/11/08 07:17:00,700.00,499.35
2024/11/08 07:17:00,701.00,499.04
2024/11/08 07:17:00,702.00,497.91
2024/11/08 07:17:00,703.00,497.42
2024/11/08 07:17:00,704.00,499.44
2024/11/08 07:17:00,705.00,500.94
2024/11/08 07:17:00,706.00,500.43
2024/11/08 07:17:00,707.00,501.95
2024/11/08 07:17:00,708.00,504.10
2024/11/08 07:17:00,709.00,504.44
2024/11/08 07:17:00,710.00,503.22
2024/11/08 07:17:00,711.00,504.14
2024/11/08 07:17:00,712.00,502.67
2024/11/08 07:17:00,713.00,499.50
2024/11/08 07:17:00,714.00,494.69
2024/11/08 07:17:00,715.00,489.46
2024/11/08 07:17:00,716.00,480.64
2024/11/08 07:17:00,717.00,472.34
2024/11/08 07:17:00,718.00,466.17
2024/11/08 07:17:00,719.00,463.01
2024/11/08 07:17:00,720.00,459.51
2024/11/08 07:17:00,721.00,458.60
2024/11/08 07:17:00,722.00,458.25
2024/11/08 07:17:00,723.00,455.77
2024/11/08 07:17:00,724.00,453.12
2024/11/08 07:17:00,725.00,452.34
2024/11/08 07:17:00,726.00,452.75
2024/11/08 07:17:00,727.00,453.27
2024/11/08 07:17:00,728.00,454.67
2024/11/08 07:17:00,729.00,458.08
2024/11/08 07:17:00,730.00,461.46
2024/11/08 07:17:00,731.00,463.25
2024/11/08 07:17:00,732.00,466.04
2024/11/08 07:17:00,733.00,468.92
2024/11/08 07:17:00,734.00,468.56
2024/11/08 07:17:00,735.00,467.78
2024/11/08 07:17:00,736.00,468.38
2024/11/08 07:17:00,737.00,467.81
2024/11/08 07:17:00,738.00,466.82
2024/11/08 07:17:00,739.00,466.50
2024/11/08 07:17:00,740.00,468.96
2024/11/08 07:17:00,741.00,469.48
2024/11/08 07:17:00,742.00,468.90
2024/11/08 07:17:00,743.00,468.83
2024/11/08 07:17:00,744.00,471.74
2024/11/08 07:17:00,745.00,469.27
2024/11/08 07:17:00,746.00,467.38
2024/11/08 07:17:00,747.00,469.43
2024/11/08 07:17:00,748.00,467.92
2024/11/08 07:17:00,749.00,464.19
2024/11/08 07:17:00,750.00,464.83
2024/11/08 07:17:00,751.00,465.24
2024/11/08 07:17:00,752.00,463.14
2024/11/08 07:17:00,753.00,460.43
2024/11/08 07:17:00,754.00,457.81
2024/11/08 07:17:00,755.00,454.65
2024/11/08 07:17:00,756.00,442.36
2024/11/08 07:17:00,757.00,415.32
2024/11/08 07:17:00,758.00,385.91
2024/11/08 07:17:00,759.00,349.30
2024/11/08 07:17:00,760.00,310.24
2024/11/08 07:17:00,761.00,282.79
2024/11/08 07:17:00,762.00,270.33
2024/11/08 07:17:00,763.00,267.64
2024/11/08 07:17:00,764.00,276.35
2024/11/08 07:17:00,765.00,291.83
2024/11/08 07:17:00,766.00,310.37
2024/11/08 07:17:00,767.00,332.04
2024/11/08 07:17:00,768.00,353.12
2024/11/08 07:17:00,769.00,373.41
2024/11/08 07:17:00,770.00,387.36
2024/11/08 07:17:00,771.00,398.77
2024/11/08 07:17:00,772.00,411.96
2024/11/08 07:17:00,773.00,416.77
2024/11/08 07:17:00,774.00,420.35
2024/11/08 07:17:00,775.00,426.90
2024/11/08 07:17:00,776.00,430.58
2024/11/08 07:17:00,777.00,429.73
2024/11/08 07:17:00,778.00,432.48
2024/11/08 07:17:00,779.00,434.42
2024/11/08 07:17:00,780.00,433.99
2024/11/08 07:17:00,781.00,434.34
2024/11/08 07:17:00,782.00,434.49
2024/11/08 07:17:00,783.00,438.18
2024/11/08 07:17:00,784.00,437.07
2024/11/08 07:17:00,785.00,435.45
2024/11/08 07:17:00,786.00,436.87
2024/11/08 07:17:00,787.00,435.85
2024/11/08 07:17:00,788.00,432.21
2024/11/08 07:17:00,789.00,430.33
2024/11/08 07:17:00,790.00,430.53
2024/11/08 07:17:00,791.00,427.14
2024/11/08 07:17:00,792.00,424.93
2024/11/08 07:17:00,793.00,423.28
2024/11/08 07:17:00,794.00,423.63
2024/11/08 07:17:00,795.00,421.50
2024/11/08 07:17:00,796.00,421.83
2024/11/08 07:17:00,797.00,423.68
2024/11/08 07:17:00,798.00,421.88
2024/11/08 07:17:00,799.00,420.70
2024/11/08 07:17:00,800.00,421.72
2024/11/08 07:17:00,801.00,422.04
2024/11/08 07:17:00,802.00,420.56
2024/11/08 07:17:00,803.00,419.16
2024/11/08 07:17:00,804.00,421.17
2024/11/08 07:17:00,805.00,420.19
2024/11/08 07:17:00,806.00,418.11
2024/11/08 07:17:00,807.00,418.99
2024/11/08 07:17:00,808.00,419.30
2024/11/08 07:17:00,809.00,414.48
2024/11/08 07:17:00,810.00,414.81
2024/11/08 07:17:00,811.00,413.73
2024/11/08 07:17:00,812.00,410.52
2024/11/08 07:17:00,813.00,406.54
2024/11/08 07:17:00,814.00,402.15
2024/11/08 07:17:00,815.00,399.86
2024/11/08 07:17:00,816.00,393.96
2024/11/08 07:17:00,817.00,390.27
2024/11/08 07:17:00,818.00,390.56
2024/11/08 07:17:00,819.00,390.57
2024/11/08 07:17:00,820.00,387.73
2024/11/08 07:17:00,821.00,390.12
2024/11/08 07:17:00,822.00,394.30
2024/11/08 07:17:00,823.00,396.59
2024/11/08 07:17:00,824.00,397.66
2024/11/08 07:17:00,825.00,398.91
2024/11/08 07:17:00,826.00,399.79
2024/11/08 07:17:00,827.00,396.96
2024/11/08 07:17:00,828.00,394.06
2024/11/08 07:17:00,829.00,395.68
2024/11/08 07:17:00,830.00,394.18
2024/11/08 07:17:00,831.00,391.74
2024/11/08 07:17:00,832.00,392.51
2024/11/08 07:17:00,833.00,388.98
2024/11/08 07:17:00,834.00,387.19
2024/11/08 07:17:00,835.00,387.38
2024/11/08 07:17:00,836.00,387.98
2024/11/08 07:17:00,837.00,387.60
2024/11/08 07:17:00,838.00,389.02
2024/11/08 07:17:00,839.00,390.65
2024/11/08 07:17:00,840.00,390.01
2024/11/08 07:17:00,841.00,387.01
2024/11/08 07:17:00,842.00,387.85
2024/11/08 07:17:00,843.00,386.44
2024/11/08 07:17:00,844.00,382.87
2024/11/08 07:17:00,845.00,381.38
2024/11/08 07:17:00,846.00,378.36
2024/11/08 07:17:00,847.00,374.39
2024/11/08 07:17:00,848.00,371.92
2024/11/08 07:17:00,849.00,369.02
2024/11/08 07:17:00,850.00,368.60
2024/11/08 07:17:00,851.00,364.21
2024/11/08 07:17:00,852.00,359.76
2024/11/08 07:17:00,853.00,359.18
2024/11/08 07:17:00,854.00,358.02
2024/11/08 07:17:00,855.00,356.94
2024/11/08 07:17:00,856.00,360.32
2024/11/08 07:17:00,857.00,363.57
2024/11/08 07:17:00,858.00,364.64
2024/11/08 07:17:00,859.00,365.43
2024/11/08 07:17:00,860.00,367.08
2024/11/08 07:17:00,861.00,368.41
2024/11/08 07:17:00,862.00,366.96
2024/11/08 07:17:00,863.00,363.97
2024/11/08 07:17:00,864.00,361.12
2024/11/08 07:17:00,865.00,357.08
2024/11/08 07:17:00,866.00,354.02
2024/11/08 07:17:00,867.00,353.48
2024/11/08 07:17:00,868.00,354.59
2024/11/08 07:17:00,869.00,355.86
2024/11/08 07:17:00,870.00,356.52
2024/11/08 07:17:00,871.00,357.98
2024/11/08 07:17:00,872.00,357.34
2024/11/08 07:17:00,873.00,355.98
2024/11/08 07:17:00,874.00,356.34
2024/11/08 07:17:00,875.00,356.32
2024/11/08 07:17:00,876.00,355.03
2024/11/08 07:17:00,877.00,355.05
2024/11/08 07:17:00,878.00,353.96
2024/11/08 07:17:00,879.00,352.22
2024/11/08 07:17:00,880.00,351.73
2024/11/08 07:17:00,881.00,351.21
2024/11/08 07:17:00,882.00,353.14
2024/11/08 07:17:00,883.00,353.89
2024/11/08 07:17:00,884.00,353.66
2024/11/08 07:17:00,885.00,354.80
2024/11/08 07:17:00,886.00,353.47
2024/11/08 07:17:00,887.00,351.78
2024/11/08 07:17:00,888.00,351.35
2024/11/08 07:17:00,889.00,349.57
2024/11/08 07:17:00,890.00,346.45
2024/11/08 07:17:00,891.00,344.22
2024/11/08 07:17:00,892.00,341.77
2024/11/08 07:17:00,893.00,337.53
2024/11/08 07:17:00,894.00,331.97
2024/11/08 07:17:00,895.00,326.83
2024/11/08 07:17:00,896.00,321.04
2024/11/08 07:17:00,897.00,313.18
2024/11/08 07:17:00,898.00,306.96
2024/11/08 07:17:00,899.00,302.55
2024/11/08 07:17:00,900.00,299.25
2024/11/08 07:17:00,901.00,299.59
2024/11/08 07:17:00,902.00,300.95
2024/11/08 07:17:00,903.00,303.64
2024/11/08 07:17:00,904.00,304.14
2024/11/08 07:17:00,905.00,302.57
2024/11/08 07:17:00,906.00,301.57
2024/11/08 07:17:00,907.00,297.56
2024/11/08 07:17:00,908.00,294.59
2024/11/08 07:17:00,909.00,294.33
2024/11/08 07:17:00,910.00,293.12
2024/11/08 07:17:00,911.00,291.39
2024/11/08 07:17:00,912.00,290.61
2024/11/08 07:17:00,913.00,289.32
2024/11/08 07:17:00,914.00,287.61
2024/11/08 07:17:00,915.00,287.11
2024/11/08 07:17:00,916.00,288.84
2024/11/08 07:17:00,917.00,290.69
2024/11/08 07:17:00,918.00,291.90
2024/11/08 07:17:00,919.00,294.22
2024/11/08 07:17:00,920.00,295.34
2024/11/08 07:17:00,921.00,294.19
2024/11/08 07:17:00,922.00,293.58
2024/11/08 07:17:00,923.00,293.10
2024/11/08 07:17:00,924.00,291.05
2024/11/08 07:17:00,925.00,288.96
2024/11/08 07:17:00,926.00,284.51
2024/11/08 07:17:00,927.00,279.15
2024/11/08 07:17:00,928.00,269.46
2024/11/08 07:17:00,929.00,257.24
2024/11/08 07:17:00,930.00,243.91
2024/11/08 07:17:00,931.00,228.22
2024/11/08 07:17:00,932.00,212.86
2024/11/08 07:17:00,933.00,200.92
2024/11/08 07:17:00,934.00,191.30
2024/11/08 07:17:00,935.00,185.08
2024/11/08 07:17:00,936.00,183.53
2024/11/08 07:17:00,937.00,185.60
2024/11/08 07:17:00,938.00,188.62
2024/11/08 07:17:00,939.00,192.14
2024/11/08 07:17:00,940.00,195.64
2024/11/08 07:17:00,941.00,196.90
2024/11/08 07:17:00,942.00,195.35
2024/11/08 07:17:00,943.00,195.21
2024/11/08 07:17:00,944.00,194.47
2024/11/08 07:17:00,945.00,194.11
2024/11/08 07:17:00,946.00,195.13
2024/11/08 07:17:00,947.00,195.79
2024/11/08 07:17:00,948.00,196.89
2024/11/08 07:17:00,949.00,196.86
2024/11/08 07:17:00,950.00,196.93
2024/11/08 07:17:00,951.00,198.49
2024/11/08 07:17:00,952.00,198.27
2024/11/08 07:17:00,953.00,199.44
2024/11/08 07:17:00,954.00,202.86
2024/11/08 07:17:00,955.00,204.71
2024/11/08 07:17:00,956.00,207.47
2024/11/08 07:17:00,957.00,210.36
2024/11/08 07:17:00,958.00,213.38
2024/11/08 07:17:00,959.00,215.58
2024/11/08 07:17:00,960.00,218.41
2024/11/08 07:17:00,961.00,222.79
2024/11/08 07:17:00,962.00,225.60
2024/11/08 07:17:00,963.00,228.55
2024/11/08 07:17:00,964.00,232.79
2024/11/08 07:17:00,965.00,237.67
2024/11/08 07:17:00,966.00,241.72
2024/11/08 07:17:00,967.00,247.45
2024/11/08 07:17:00,968.00,253.00
2024/11/08 07:17:00,969.00,256.59
2024/11/08 07:17:00,970.00,258.36
2024/11/08 07:17:00,971.00,259.52
2024/11/08 07:17:00,972.00,259.08
2024/11/08 07:17:00,973.00,258.06
2024/11/08 07:17:00,974.00,258.29
2024/11/08 07:17:00,975.00,259.28
2024/11/08 07:17:00,976.00,258.61
2024/11/08 07:17:00,977.00,259.77
2024/11/08 07:17:00,978.00,261.07
2024/11/08 07:17:00,979.00,262.18
2024/11/08 07:17:00,980.00,264.82
2024/11/08 07:17:00,981.00,266.67
2024/11/08 07:17:00,982.00,269.77
2024/11/08 07:17:00,983.00,271.46
2024/11/08 07:17:00,984.00,271.30
2024/11/08 07:17:00,985.00,272.85
2024/11/08 07:17:00,986.00,272.68
2024/11/08 07:17:00,987.00,272.93
2024/11/08 07:17:00,988.00,274.99
2024/11/08 07:17:00,989.00,276.06
2024/11/08 07:17:00,990.00,277.21
2024/11/08 07:17:00,991.00,278.21
2024/11/08 07:17:00,992.00,278.05
2024/11/08 07:17:00,993.00,276.71
2024/11/08 07:17:00,994.00,275.14
2024/11/08 07:17:00,995.00,274.86
2024/11/08 07:17:00,996.00,273.54
2024/11/08 07:17:00,997.00,272.04
2024/11/08 07:17:00,998.00,273.17
2024/11/08 07:17:00,999.00,273.02
2024/11/08 07:17:00,1000.00,271.55
2024/11/08 07:17:00,1001.00,272.34
2024/11/08 07:17:00,1002.00,271.73
2024/11/08 07:17:00,1003.00,270.21
2024/11/08 07:17:00,1004.00,269.65
2024/11/08 07:17:00,1005.00,268.46
2024/11/08 07:17:00,1006.00,268.04
2024/11/08 07:17:00,1007.00,266.86
2024/11/08 07:17:00,1008.00,267.48
2024/11/08 07:17:00,1009.00,267.53
2024/11/08 07:17:00,1010.00,265.63
2024/11/08 07:17:00,1011.00,265.12
2024/11/08 07:17:00,1012.00,264.33
2024/11/08 07:17:00,1013.00,262.07
2024/11/08 07:17:00,1014.00,262.79
2024/11/08 07:17:00,1015.00,262.96
2024/11/08 07:17:00,1016.00,264.31
2024/11/08 07:17:00,1017.00,264.86
2024/11/08 07:17:00,1018.00,264.39
2024/11/08 07:17:00,1019.00,265.16
2024/11/08 07:17:00,1020.00,262.69
2024/11/08 07:17:00,1021.00,260.54
2024/11/08 07:17:00,1022.00,260.27
2024/11/08 07:17:00,1023.00,258.50
2024/11/08 07:17:00,1024.00,258.19
2024/11/08 07:17:00,1025.00,258.67
2024/11/08 07:17:00,1026.00,259.09
2024/11/08 07:17:00,1027.00,257.88
2024/11/08 07:17:00,1028.00,256.21
2024/11/08 07:17:00,1029.00,256.94
2024/11/08 07:17:00,1030.00,254.95
2024/11/08 07:17:00,1031.00,252.85
2024/11/08 07:17:00,1032.00,252.90
2024/11/08 07:17:00,1033.00,251.55
2024/11/08 07:17:00,1034.00,249.84
2024/11/08 07:17:00,1035.00,250.93
2024/11/08 07:17:00,1036.00,252.53
2024/11/08 07:17:00,1037.00,253.06
2024/11/08 07:17:00,1038.00,252.29
2024/11/08 07:17:00,1039.00,254.13
2024/11/08 07:17:00,1040.00,253.10
2024/11/08 07:17:00,1041.00,249.83
2024/11/08 07:17:00,1042.00,249.20
2024/11/08 07:17:00,1043.00,247.38
2024/11/08 07:17:00,1044.00,243.67
2024/11/08 07:17:00,1045.00,243.99
2024/11/08 07:17:00,1046.00,243.41
2024/11/08 07:17:00,1047.00,243.25
2024/11/08 07:17:00,1048.00,243.13
2024/11/08 07:17:00,1049.00,243.29
2024/11/08 07:17:00,1050.00,245.16
2024/11/08 07:17:00,1051.00,245.91
2024/11/08 07:17:00,1052.00,245.98
2024/11/08 07:17:00,1053.00,247.24
2024/11/08 07:17:00,1054.00,243.85
2024/11/08 07:17:00,1055.00,245.10
2024/11/08 07:17:00,1056.00,245.48
2024/11/08 07:17:00,1057.00,243.26
2024/11/08 07:17:00,1058.00,239.54
2024/11/08 07:17:00,1059.00,235.98
2024/11/08 07:17:00,1060.00,237.84
2024/11/08 07:17:00,1061.00,236.15
2024/11/08 07:17:00,1062.00,234.67
2024/11/08 07:17:00,1063.00,238.94
2024/11/08 07:17:00,1064.00,234.69
2024/11/08 07:17:00,1065.00,231.20
2024/11/08 07:17:00,1066.00,231.28
2024/11/08 07:17:00,1067.00,229.02
2024/11/08 07:17:00,1068.00,229.21
2024/11/08 07:17:00,1069.00,228.57
2024/11/08 07:17:00,1070.00,232.42
2024/11/08 07:17:00,1071.00,232.91
2024/11/08 07:17:00,1072.00,229.75
2024/11/08 07:17:00,1073.00,233.89
2024/11/08 07:17:00,1074.00,232.13
2024/11/08 07:17:00,1075.00,228.06
2024/11/08 07:17:00,1076.00,228.96
2024/11/08 07:17:00,1077.00,226.05
2024/11/08 07:17:00,1078.00,224.23
2024/11/08 07:17:00,1079.00,228.48
2024/11/08 07:17:00,1080.00,230.94
2024/11/08 07:17:00,1081.00,234.26
2024/11/08 07:17:00,1082.00,233.74
2024/11/08 07:17:00,1083.00,236.87
2024/11/08 07:17:00,1084.00,237.10
2024/11/08 07:17:00,1085.00,231.89
2024/11/08 07:17:00,1086.00,231.38
2024/11/08 07:17:00,1087.00,226.40
2024/11/08 07:17:00,1088.00,219.94
2024/11/08 07:17:00,1089.00,218.13
2024/11/08 07:17:00,1090.00,214.77
2024/11/08 07:17:00,1091.00,214.85
2024/11/08 07:17:00,1092.00,215.78
2024/11/08 07:17:00,1093.00,219.37
2024/11/08 07:17:00,1094.00,222.63
2024/11/08 07:17:00,1095.00,221.02
2024/11/08 07:17:00,1096.00,226.63
2024/11/08 07:17:00,1097.00,228.10
2024/11/08 07:17:00,1098.00,223.70
2024/11/08 07:17:00,1099.00,226.47
2024/11/08 07:17:00,1100.00,219.66
2024/11/08 07:18:00,Wavelength(nm),Irradiance(W/m2/um)
2024/11/08 07:18:00,300.00,7.41
2024/11/08 07:18:00,301.00,7.99
2024/11/08 07:18:00,302.00,8.74
2024/11/08 07:18:00,303.00,9.82
2024/11/08 07:18:00,304.00,11.15
2024/11/08 07:18:00,305.00,12.67
2024/11/08 07:18:00,306.00,14.42
2024/11/08 07:18:00,307.00,16.58
2024/11/08 07:18:00,308.00,18.87
2024/11/08 07:18:00,309.00,22.11
2024/11/08 07:18:00,310.00,26.02
2024/11/08 07:18:00,311.00,30.22
2024/11/08 07:18:00,312.00,35.00
2024/11/08 07:18:00,313.00,40.51
2024/11/08 07:18:00,314.00,46.48
2024/11/08 07:18:00,315.00,52.59
2024/11/08 07:18:00,316.00,59.46
2024/11/08 07:18:00,317.00,66.93
2024/11/08 07:18:00,318.00,73.85
2024/11/08 07:18:00,319.00,79.89
2024/11/08 07:18:00,320.00,86.73
2024/11/08 07:18:00,321.00,93.63
2024/11/08 07:18:00,322.00,101.35
2024/11/08 07:18:00,323.00,110.69
2024/11/08 07:18:00,324.00,120.90
2024/11/08 07:18:00,325.00,131.33
2024/11/08 07:18:00,326.00,142.20
2024/11/08 07:18:00,327.00,152.37
2024/11/08 07:18:00,328.00,160.97
2024/11/08 07:18:00,329.00,168.25
2024/11/08 07:18:00,330.00,174.13
2024/11/08 07:18:00,331.00,178.54
2024/11/08 07:18:00,332.00,181.62
2024/11/08 07:18:00,333.00,182.54
2024/11/08 07:18:00,334.00,183.29
2024/11/08 07:18:00,335.00,184.09
2024/11/08 07:18:00,336.00,185.71
2024/11/08 07:18:00,337.00,187.83
2024/11/08 07:18:00,338.00,191.38
2024/11/08 07:18:00,339.00,195.79
2024/11/08 07:18:00,340.00,199.52
2024/11/08 07:18:00,341.00,201.13
2024/11/08 07:18:00,342.00,201.54
2024/11/08 07:18:00,343.00,202.51
2024/11/08 07:18:00,344.00,202.29
2024/11/08 07:18:00,345.00,201.99
2024/11/08 07:18:00,346.00,202.97
2024/11/08 07:18:00,347.00,205.55
2024/11/08 07:18:00,348.00,208.64
2024/11/08 07:18:00,349.00,211.88
2024/11/08 07:18:00,350.00,215.94
2024/11/08 07:18:00,351.00,221.38
2024/11/08 07:18:00,352.00,226.17
2024/11/08 07:18:00,353.00,228.99
2024/11/08 07:18:00,354.00,229.37
2024/11/08 07:18:00,355.00,226.58
2024/11/08 07:18:00,356.00,223.05
2024/11/08 07:18:00,357.00,219.99
2024/11/08 07:18:00,358.00,217.02
2024/11/08 07:18:00,359.00,217.42
2024/11/08 07:18:00,360.00,222.13
2024/11/08 07:18:00,361.00,227.36
2024/11/08 07:18:00,362.00,234.05
2024/11/08 07:18:00,363.00,244.39
2024/11/08 07:18:00,364.00,255.37
2024/11/08 07:18:00,365.00,264.52
2024/11/08 07:18:00,366.00,272.52
2024/11/08 07:18:00,367.00,278.21
2024/11/08 07:18:00,368.00,280.76
2024/11/08 07:18:00,369.00,280.20
2024/11/08 07:18:00,370.00,276.26
2024/11/08 07:18:00,371.00,269.54
2024/11/08 07:18:00,372.00,262.94
2024/11/08 07:18:00,373.00,258.68
2024/11/08 07:18:00,374.00,259.46
2024/11/08 07:18:00,375.00,266.78
2024/11/08 07:18:00,376.00,276.29
2024/11/08 07:18:00,377.00,285.20
2024/11/08 07:18:00,378.00,291.57
2024/11/08 07:18:00,379.00,289.55
2024/11/08 07:18:00,380.00,277.60
2024/11/08 07:18:00,381.00,264.29
2024/11/08 07:18:00,382.00,253.91
2024/11/08 07:18:00,383.00,245.72
2024/11/08 07:18:00,384.00,243.15
2024/11/08 07:18:00,385.00,247.95
2024/11/08 07:18:00,386.00,256.40
2024/11/08 07:18:00,387.00,266.56
2024/11/08 07:18:00,388.00,278.71
2024/11/08 07:18:00,389.00,288.62
2024/11/08 07:18:00,390.00,289.94
2024/11/08 07:18:00,391.00,285.48
2024/11/08 07:18:00,392.00,281.23
2024/11/08 07:18:00,393.00,274.26
2024/11/08 07:18:00,394.00,266.00
2024/11/08 07:18:00,395.00,270.95
2024/11/08 07:18:00,396.00,291.33
2024/11/08 07:18:00,397.00,316.15
2024/11/08 07:18:00,398.00,345.21
2024/11/08 07:18:00,399.00,380.11
2024/11/08 07:18:00,400.00,411.31
2024/11/08 07:18:00,401.00,431.02
2024/11/08 07:18:00,402.00,441.80
2024/11/08 07:18:00,403.00,444.39
2024/11/08 07:18:00,404.00,442.55
2024/11/08 07:18:00,405.00,440.69
2024/11/08 07:18:00,406.00,440.73
2024/11/08 07:18:00,407.00,441.07
2024/11/08 07:18:00,408.00,443.89
2024/11/08 07:18:00,409.00,450.04
2024/11/08 07:18:00,410.00,456.42
2024/11/08 07:18:00,411.00,462.37
2024/11/08 07:18:00,412.00,468.20
2024/11/08 07:18:00,413.00,474.77
2024/11/08 07:18:00,414.00,479.02
2024/11/08 07:18:00,415.00,480.23
2024/11/08 07:18:00,416.00,479.46
2024/11/08 07:18:00,417.00,479.39
2024/11/08 07:18:00,418.00,479.21
2024/11/08 07:18:00,419.00,479.45
2024/11/08 07:18:00,420.00,480.13
2024/11/08 07:18:00,421.00,481.16
2024/11/08 07:18:00,422.00,482.29
2024/11/08 07:18:00,423.00,482.28
2024/11/08 07:18:00,424.00,480.86
2024/11/08 07:18:00,425.00,478.92
2024/11/08 07:18:00,426.00,475.24
2024/11/08 07:18:00,427.00,465.78
2024/11/08 07:18:00,428.00,453.96
2024/11/08 07:18:00,429.00,446.49
2024/11/08 07:18:00,430.00,446.50
2024/11/08 07:18:00,431.00,451.13
2024/11/08 07:18:00,432.00,463.75
2024/11/08 07:18:00,433.00,483.02
2024/11/08 07:18:00,434.00,500.55
2024/11/08 07:18:00,435.00,509.43
2024/11/08 07:18:00,436.00,514.73
2024/11/08 07:18:00,437.00,518.84
2024/11/08 07:18:00,438.00,522.09
2024/11/08 07:18:00,439.00,527.00
2024/11/08 07:18:00,440.00,535.93
2024/11/08 07:18:00,441.00,548.03
2024/11/08 07:18:00,442.00,559.13
2024/11/08 07:18:00,443.00,566.00
2024/11/08 07:18:00,444.00,570.87
2024/11/08 07:18:00,445.00,575.39
2024/11/08 07:18:00,446.00,579.72
2024/11/08 07:18:00,447.00,588.16
2024/11/08 07:18:00,448.00,599.76
2024/11/08 07:18:00,449.00,610.00
2024/11/08 07:18:00,450.00,615.32
2024/11/08 07:18:00,451.00,616.91
2024/11/08 07:18:00,452.00,616.64
2024/11/08 07:18:00,453.00,615.02
2024/11/08 07:18:00,454.00,615.41
2024/11/08 07:18:00,455.00,618.05
2024/11/08 07:18:00,456.00,622.99
2024/11/08 07:18:00,457.00,625.98
2024/11/08 07:18:00,458.00,629.49
2024/11/08 07:18:00,459.00,632.59
2024/11/08 07:18:00,460.00,635.80
2024/11/08 07:18:00,461.00,638.38
2024/11/08 07:18:00,462.00,641.11
2024/11/08 07:18:00,463.00,640.72
2024/11/08 07:18:00,464.00,638.77
2024/11/08 07:18:00,465.00,634.71
2024/11/08 07:18:00,466.00,631.32
2024/11/08 07:18:00,467.00,629.43
2024/11/08 07:18:00,468.00,627.95
2024/11/08 07:18:00,469.00,627.26
2024/11/08 07:18:00,470.00,629.07
2024/11/08 07:18:00,471.00,630.24
2024/11/08 07:18:00,472.00,631.84
2024/11/08 07:18:00,473.00,634.15
2024/11/08 07:18:00,474.00,635.93
2024/11/08 07:18:00,475.00,637.37
2024/11/08 07:18:00,476.00,640.03
2024/11/08 07:18:00,477.00,643.11
2024/11/08 07:18:00,478.00,645.91
2024/11/08 07:18:00,479.00,648.71
2024/11/08 07:18:00,480.00,650.71
2024/11/08 07:18:00,481.00,650.07
2024/11/08 07:18:00,482.00,645.15
2024/11/08 07:18:00,483.00,635.09
2024/11/08 07:18:00,484.00,623.07
2024/11/08 07:18:00,485.00,610.81
2024/11/08 07:18:00,486.00,604.25
2024/11/08 07:18:00,487.00,602.58
2024/11/08 07:18:00,488.00,607.14
2024/11/08 07:18:00,489.00,614.84
2024/11/08 07:18:00,490.00,620.45
2024/11/08 07:18:00,491.00,624.08
2024/11/08 07:18:00,492.00,627.40
2024/11/08 07:18:00,493.00,628.81
2024/11/08 07:18:00,494.00,630.75
2024/11/08 07:18:00,495.00,634.13
2024/11/08 07:18:00,496.00,634.16
2024/11/08 07:18:00,497.00,631.21
2024/11/08 07:18:00,498.00,626.60
2024/11/08 07:18:00,499.00,621.39
2024/11/08 07:18:00,500.00,616.72
2024/11/08 07:18:00,501.00,613.52
2024/11/08 07:18:00,502.00,612.53
2024/11/08 07:18:00,503.00,614.62
2024/11/08 07:18:00,504.00,618.02
2024/11/08 07:18:00,505.00,619.15
2024/11/08 07:18:00,506.00,620.89
2024/11/08 07:18:00,507.00,622.32
2024/11/08 07:18:00,508.00,622.19
2024/11/08 07:18:00,509.00,621.31
2024/11/08 07:18:00,510.00,621.14
2024/11/08 07:18:00,511.00,619.57
2024/11/08 07:18:00,512.00,616.60
2024/11/08 07:18:00,513.00,611.41
2024/11/08 07:18:00,514.00,602.67
2024/11/08 07:18:00,515.00,592.01
2024/11/08 07:18:00,516.00,583.08
2024/11/08 07:18:00,517.00,576.67
2024/11/08 07:18:00,518.00,574.45
2024/11/08 07:18:00,519.00,576.80
2024/11/08 07:18:00,520.00,583.22
2024/11/08 07:18:00,521.00,590.34
2024/11/08 07:18:00,522.00,597.04
2024/11/08 07:18:00,523.00,600.78
2024/11/08 07:18:00,524.00,600.05
2024/11/08 07:18:00,525.00,599.86
2024/11/08 07:18:00,526.00,600.20
2024/11/08 07:18:00,527.00,600.04
2024/11/08 07:18:00,528.00,602.80
2024/11/08 07:18:00,529.00,608.34
2024/11/08 07:18:00,530.00,610.85
2024/11/08 07:18:00,531.00,611.99
2024/11/08 07:18:00,532.00,613.45
2024/11/08 07:18:00,533.00,612.44
2024/11/08 07:18:00,534.00,610.33
2024/11/08 07:18:00,535.00,610.21
2024/11/08 07:18:00,536.00,610.10
2024/11/08 07:18:00,537.00,608.06
2024/11/08 07:18:00,538.00,603.88
2024/11/08 07:18:00,539.00,602.48
2024/11/08 07:18:00,540.00,601.18
2024/11/08 07:18:00,541.00,598.87
2024/11/08 07:18:00,542.00,599.32
2024/11/08 07:18:00,543.00,602.21
2024/11/08 07:18:00,544.00,602.13
2024/11/08 07:18:00,545.00,602.72
2024/11/08 07:18:00,546.00,603.63
2024/11/08 07:18:00,547.00,604.12
2024/11/08 07:18:00,548.00,603.16
2024/11/08 07:18:00,549.00,604.23
2024/11/08 07:18:00,550.00,603.96
2024/11/08 07:18:00,551.00,604.10
2024/11/08 07:18:00,552.00,602.72
2024/11/08 07:18:00,553.00,602.09
2024/11/08 07:18:00,554.00,601.02
2024/11/08 07:18:00,555.00,598.64
2024/11/08 07:18:00,556.00,594.92
2024/11/08 07:18:00,557.00,591.78
2024/11/08 07:18:00,558.00,588.64
2024/11/08 07:18:00,559.00,585.95
2024/11/08 07:18:00,560.00,583.66
2024/11/08 07:18:00,561.00,584.00
2024/11/08 07:18:00,562.00,583.66
2024/11/08 07:18:00,563.00,581.52
2024/11/08 07:18:00,564.00,580.76
2024/11/08 07:18:00,565.00,581.76
2024/11/08 07:18:00,566.00,578.74
2024/11/08 07:18:00,567.00,576.16
2024/11/08 07:18:00,568.00,574.70
2024/11/08 07:18:00,569.00,572.39
2024/11/08 07:18:00,570.00,570.35
2024/11/08 07:18:00,571.00,571.08
2024/11/08 07:18:00,572.00,571.37
2024/11/08 07:18:00,573.00,571.80
2024/11/08 07:18:00,574.00,571.36
2024/11/08 07:18:00,575.00,568.85
2024/11/08 07:18:00,576.00,567.91
2024/11/08 07:18:00,577.00,567.18
2024/11/08 07:18:00,578.00,566.92
2024/11/08 07:18:00,579.00,567.58
2024/11/08 07:18:00,580.00,570.92
2024/11/08 07:18:00,581.00,572.55
2024/11/08 07:18:00,582.00,574.03
2024/11/08 07:18:00,583.00,575.51
2024/11/08 07:18:00,584.00,577.34
2024/11/08 07:18:00,585.00,575.36
2024/11/08 07:18:00,586.00,570.46
2024/11/08 07:18:00,587.00,567.35
2024/11/08 07:18:00,588.00,565.11
2024/11/08 07:18:00,589.00,561.59
2024/11/08 07:18:00,590.00,560.43
2024/11/08 07:18:00,591.00,562.13
2024/11/08 07:18:00,592.00,562.45
2024/11/08 07:18:00,593.00,562.30
2024/11/08 07:18:00,594.00,561.82
2024/11/08 07:18:00,595.00,562.20
2024/11/08 07:18:00,596.00,560.95
2024/11/08 07:18:00,597.00,559.44
2024/11/08 07:18:00,598.00,558.81
2024/11/08 07:18:00,599.00,558.86
2024/11/08 07:18:00,600.00,556.31
2024/11/08 07:18:00,601.00,556.97
2024/11/08 07:18:00,602.00,558.83
2024/11/08 07:18:00,603.00,558.50
2024/11/08 07:18:00,604.00,558.39
2024/11/08 07:18:00,605.00,558.69
2024/11/08 07:18:00,606.00,558.75
2024/11/08 07:18:00,607.00,557.19
2024/11/08 07:18:00,608.00,554.91
2024/11/08 07:18:00,609.00,554.01
2024/11/08 07:18:00,610.00,553.46
2024/11/08 07:18:00,611.00,549.76
2024/11/08 07:18:00,612.00,548.00
2024/11/08 07:18:00,613.00,547.00
2024/11/08 07:18:00,614.00,544.22
2024/11/08 07:18:00,615.00,542.33
2024/11/08 07:18:00,616.00,543.00
2024/11/08 07:18:00,617.00,543.37
2024/11/08 07:18:00,618.00,544.77
2024/11/08 07:18:00,619.00,545.09
2024/11/08 07:18:00,620.00,546.53
2024/11/08 07:18:00,621.00,546.93
2024/11/08 07:18:00,622.00,544.86
2024/11/08 07:18:00,623.00,542.41
2024/11/08 07:18:00,624.00,541.97
2024/11/08 07:18:00,625.00,537.87
2024/11/08 07:18:00,626.00,533.89
2024/11/08 07:18:00,627.00,531.98
2024/11/08 07:18:00,628.00,530.08
2024/11/08 07:18:00,629.00,527.69
2024/11/08 07:18:00,630.00,527.30
2024/11/08 07:18:00,631.00,528.73
2024/11/08 07:18:00,632.00,530.04
2024/11/08 07:18:00,633.00,531.34
2024/11/08 07:18:00,634.00,533.85
2024/11/08 07:18:00,635.00,538.42
2024/11/08 07:18:00,636.00,539.86
2024/11/08 07:18:00,637.00,541.13
2024/11/08 07:18:00,638.00,542.16
2024/11/08 07:18:00,639.00,543.11
2024/11/08 07:18:00,640.00,541.49
2024/11/08 07:18:00,641.00,540.62
2024/11/08 07:18:00,642.00,541.17
2024/11/08 07:18:00,643.00,541.74
2024/11/08 07:18:00,644.00,539.85
2024/11/08 07:18:00,645.00,538.90
2024/11/08 07:18:00,646.00,539.22
2024/11/08 07:18:00,647.00,536.92
2024/11/08 07:18:00,648.00,535.21
2024/11/08 07:18:00,649.00,535.19
2024/11/08 07:18:00,650.00,535.26
2024/11/08 07:18:00,651.00,533.78
2024/11/08 07:18:00,652.00,531.24
2024/11/08 07:18:00,653.00,525.96
2024/11/08 07:18:00,654.00,519.76
2024/11/08 07:18:00,655.00,515.33
2024/11/08 07:18:00,656.00,512.73
2024/11/08 07:18:00,657.00,513.75
2024/11/08 07:18:00,658.00,517.28
2024/11/08 07:18:00,659.00,521.91
2024/11/08 07:18:00,660.00,526.21
2024/11/08 07:18:00,661.00,528.80
2024/11/08 07:18:00,662.00,530.43
2024/11/08 07:18:00,663.00,531.84
2024/11/08 07:18:00,664.00,533.61
2024/11/08 07:18:00,665.00,534.33
2024/11/08 07:18:00,666.00,535.77
2024/11/08 07:18:00,667.00,537.54
2024/11/08 07:18:00,668.00,538.85
2024/11/08 07:18:00,669.00,538.46
2024/11/08 07:18:00,670.00,538.86
2024/11/08 07:18:00,671.00,538.76
2024/11/08 07:18:00,672.00,537.71
2024/11/08 07:18:00,673.00,537.38
2024/11/08 07:18:00,674.00,538.70
2024/11/08 07:18:00,675.00,538.60
2024/11/08 07:18:00,676.00,538.99
2024/11/08 07:18:00,677.00,538.64
2024/11/08 07:18:00,678.00,538.19
2024/11/08 07:18:00,679.00,536.58
2024/11/08 07:18:00,680.00,533.98
2024/11/08 07:18:00,681.00,532.26
2024/11/08 07:18:00,682.00,530.26
2024/11/08 07:18:00,683.00,523.85
2024/11/08 07:18:00,684.00,512.74
2024/11/08 07:18:00,685.00,498.90
2024/11/08 07:18:00,686.00,483.99
2024/11/08 07:18:00,687.00,469.24
2024/11/08 07:18:00,688.00,458.63
2024/11/08 07:18:00,689.00,457.01
2024/11/08 07:18:00,690.00,462.26
2024/11/08 07:18:00,691.00,467.85
2024/11/08 07:18:00,692.00,476.17
2024/11/08 07:18:00,693.00,485.83
2024/11/08 07:18:00,694.00,490.60
2024/11/08 07:18:00,695.00,494.27
2024/11/08 07:18:00,696.00,497.60
2024/11/08 07:18:00,697.00,499.57
2024/11/08 07:18:00,698.00,499.82
2024/11/08 07:18:00,699.00,501.42
2024/11/08 07:18:00,700.00,501.81
2024/11/08 07:18:00,701.00,502.66
2024/11/08 07:18:00,702.00,502.73
2024/11/08 07:18:00,703.00,505.41
2024/11/08 07:18:00,704.00,507.24
2024/11/08 07:18:00,705.00,507.20
2024/11/08 07:18:00,706.00,506.54
2024/11/08 07:18:00,707.00,507.53
2024/11/08 07:18:00,708.00,505.56
2024/11/08 07:18:00,709.00,504.03
2024/11/08 07:18:00,710.00,504.94
2024/11/08 07:18:00,711.00,504.87
2024/11/08 07:18:00,712.00,504.04
2024/11/08 07:18:00,713.00,501.04
2024/11/08 07:18:00,714.00,496.49
2024/11/08 07:18:00,715.00,491.31
2024/11/08 07:18:00,716.00,481.70
2024/11/08 07:18:00,717.00,471.25
2024/11/08 07:18:00,718.00,466.79
2024/11/08 07:18:00,719.00,462.83
2024/11/08 07:18:00,720.00,458.44
2024/11/08 07:18:00,721.00,458.92
2024/11/08 07:18:00,722.00,460.38
2024/11/08 07:18:00,723.00,459.22
2024/11/08 07:18:00,724.00,458.75
2024/11/08 07:18:00,725.00,460.65
2024/11/08 07:18:00,726.00,460.76
2024/11/08 07:18:00,727.00,460.63
2024/11/08 07:18:00,728.00,461.80
2024/11/08 07:18:00,729.00,462.44
2024/11/08 07:18:00,730.00,461.56
2024/11/08 07:18:00,731.00,464.22
2024/11/08 07:18:00,732.00,468.15
2024/11/08 07:18:00,733.00,470.43
2024/11/08 07:18:00,734.00,472.22
2024/11/08 07:18:00,735.00,474.46
2024/11/08 07:18:00,736.00,475.03
2024/11/08 07:18:00,737.00,473.44
2024/11/08 07:18:00,738.00,472.14
2024/11/08 07:18:00,739.00,472.46
2024/11/08 07:18:00,740.00,472.31
2024/11/08 07:18:00,741.00,470.30
2024/11/08 07:18:00,742.00,471.39
2024/11/08 07:18:00,743.00,471.83
2024/11/08 07:18:00,744.00,470.91
2024/11/08 07:18:00,745.00,469.80
2024/11/08 07:18:00,746.00,471.45
2024/11/08 07:18:00,747.00,470.74
2024/11/08 07:18:00,748.00,470.21
2024/11/08 07:18:00,749.00,469.82
2024/11/08 07:18:00,750.00,471.90
2024/11/08 07:18:00,751.00,470.62
2024/11/08 07:18:00,752.00,469.14
2024/11/08 07:18:00,753.00,467.58
2024/11/08 07:18:00,754.00,466.28
2024/11/08 07:18:00,755.00,460.63
2024/11/08 07:18:00,756.00,448.04
2024/11/08 07:18:00,757.00,424.88
2024/11/08 07:18:00,758.00,391.21
2024/11/08 07:18:00,759.00,353.43
2024/11/08 07:18:00,760.00,317.80
2024/11/08 07:18:00,761.00,289.96
2024/11/08 07:18:00,762.00,274.40
2024/11/08 07:18:00,763.00,273.50
2024/11/08 07:18:00,764.00,281.02
2024/11/08 07:18:00,765.00,294.02
2024/11/08 07:18:00,766.00,312.19
2024/11/08 07:18:00,767.00,335.27
2024/11/08 07:18:00,768.00,357.71
2024/11/08 07:18:00,769.00,375.58
2024/11/08 07:18:00,770.00,392.72
2024/11/08 07:18:00,771.00,407.74
2024/11/08 07:18:00,772.00,417.97
2024/11/08 07:18:00,773.00,423.81
2024/11/08 07:18:00,774.00,429.81
2024/11/08 07:18:00,775.00,433.64
2024/11/08 07:18:00,776.00,433.63
2024/11/08 07:18:00,777.00,434.58
2024/11/08 07:18:00,778.00,436.17
2024/11/08 07:18:00,779.00,437.85
2024/11/08 07:18:00,780.00,437.94
2024/11/08 07:18:00,781.00,437.73
2024/11/08 07:18:00,782.00,440.52
2024/11/08 07:18:00,783.00,440.62
2024/11/08 07:18:00,784.00,438.29
2024/11/08 07:18:00,785.00,438.96
2024/11/08 07:18:00,786.00,441.69
2024/11/08 07:18:00,787.00,438.48
2024/11/08 07:18:00,788.00,437.04
2024/11/08 07:18:00,789.00,437.00
2024/11/08 07:18:00,790.00,433.30
2024/11/08 07:18:00,791.00,429.29
2024/11/08 07:18:00,792.00,427.67
2024/11/08 07:18:00,793.00,428.73
2024/11/08 07:18:00,794.00,427.89
2024/11/08 07:18:00,795.00,427.29
2024/11/08 07:18:00,796.00,429.19
2024/11/08 07:18:00,797.00,428.73
2024/11/08 07:18:00,798.00,426.78
2024/11/08 07:18:00,799.00,426.73
2024/11/08 07:18:00,800.00,428.06
2024/11/08 07:18:00,801.00,424.74
2024/11/08 07:18:00,802.00,423.58
2024/11/08 07:18:00,803.00,423.33
2024/11/08 07:18:00,804.00,420.89
2024/11/08 07:18:00,805.00,418.21
2024/11/08 07:18:00,806.00,418.92
2024/11/08 07:18:00,807.00,420.50
2024/11/08 07:18:00,808.00,417.65
2024/11/08 07:18:00,809.00,416.79
2024/11/08 07:18:00,810.00,419.15
2024/11/08 07:18:00,811.00,415.96
2024/11/08 07:18:00,812.00,411.92
2024/11/08 07:18:00,813.00,409.52
2024/11/08 07:18:00,814.00,405.48
2024/11/08 07:18:00,815.00,397.88
2024/11/08 07:18:00,816.00,394.51
2024/11/08 07:18:00,817.00,394.90
2024/11/08 07:18:00,818.00,394.53
2024/11/08 07:18:00,819.00,393.64
2024/11/08 07:18:00,820.00,394.10
2024/11/08 07:18:00,821.00,395.95
2024/11/08 07:18:00,822.00,393.15
2024/11/08 07:18:00,823.00,395.02
2024/11/08 07:18:00,824.00,398.83
2024/11/08 07:18:00,825.00,399.51
2024/11/08 07:18:00,826.00,396.87
2024/11/08 07:18:00,827.00,395.85
2024/11/08 07:18:00,828.00,395.84
2024/11/08 07:18:00,829.00,393.47
2024/11/08 07:18:00,830.00,390.88
2024/11/08 07:18:00,831.00,392.41
2024/11/08 07:18:00,832.00,392.80
2024/11/08 07:18:00,833.00,389.02
2024/11/08 07:18:00,834.00,387.70
2024/11/08 07:18:00,835.00,390.82
2024/11/08 07:18:00,836.00,387.98
2024/11/08 07:18:00,837.00,388.45
2024/11/08 07:18:00,838.00,390.62
2024/11/08 07:18:00,839.00,391.79
2024/11/08 07:18:00,840.00,390.40
2024/11/08 07:18:00,841.00,390.05
2024/11/08 07:18:00,842.00,390.38
2024/11/08 07:18:00,843.00,388.56
2024/11/08 07:18:00,844.00,386.24
2024/11/08 07:18:00,845.00,386.98
2024/11/08 07:18:00,846.00,384.38
2024/11/08 07:18:00,847.00,379.14
2024/11/08 07:18:00,848.00,376.56
2024/11/08 07:18:00,849.00,373.74
2024/11/08 07:18:00,850.00,368.53
2024/11/08 07:18:00,851.00,364.35
2024/11/08 07:18:00,852.00,361.99
2024/11/08 07:18:00,853.00,359.71
2024/11/08 07:18:00,854.00,357.70
2024/11/08 07:18:00,855.00,360.34
2024/11/08 07:18:00,856.00,364.32
2024/11/08 07:18:00,857.00,365.20
2024/11/08 07:18:00,858.00,366.41
2024/11/08 07:18:00,859.00,368.74
2024/11/08 07:18:00,860.00,368.46
2024/11/08 07:18:00,861.00,368.18
2024/11/08 07:18:00,862.00,368.23
2024/11/08 07:18:00,863.00,366.04
2024/11/08 07:18:00,864.00,362.28
2024/11/08 07:18:00,865.00,358.29
2024/11/08 07:18:00,866.00,356.71
2024/11/08 07:18:00,867.00,356.34
2024/11/08 07:18:00,868.00,356.82
2024/11/08 07:18:00,869.00,358.27
2024/11/08 07:18:00,870.00,359.92
2024/11/08 07:18:00,871.00,358.02
2024/11/08 07:18:00,872.00,357.68
2024/11/08 07:18:00,873.00,358.44
2024/11/08 07:18:00,874.00,358.36
2024/11/08 07:18:00,875.00,357.21
2024/11/08 07:18:00,876.00,358.63
2024/11/08 07:18:00,877.00,359.25
2024/11/08 07:18:00,878.00,357.78
2024/11/08 07:18:00,879.00,357.40
2024/11/08 07:18:00,880.00,357.60
2024/11/08 07:18:00,881.00,357.36
2024/11/08 07:18:00,882.00,356.66
2024/11/08 07:18:00,883.00,356.50
2024/11/08 07:18:00,884.00,356.55
2024/11/08 07:18:00,885.00,355.26
2024/11/08 07:18:00,886.00,353.44
2024/11/08 07:18:00,887.00,352.59
2024/11/08 07:18:00,888.00,351.25
2024/11/08 07:18:00,889.00,349.86
2024/11/08 07:18:00,890.00,348.82
2024/11/08 07:18:00,891.00,348.00
2024/11/08 07:18:00,892.00,344.11
2024/11/08 07:18:00,893.00,340.10
2024/11/08 07:18:00,894.00,335.03
2024/11/08 07:18:00,895.00,328.18
2024/11/08 07:18:00,896.00,321.14
2024/11/08 07:18:00,897.00,314.70
2024/11/08 07:18:00,898.00,309.01
2024/11/08 07:18:00,899.00,303.62
2024/11/08 07:18:00,900.00,301.92
2024/11/08 07:18:00,901.00,303.83
2024/11/08 07:18:00,902.00,305.03
2024/11/08 07:18:00,903.00,306.82
2024/11/08 07:18:00,904.00,308.09
2024/11/08 07:18:00,905.00,305.90
2024/11/08 07:18:00,906.00,301.47
2024/11/08 07:18:00,907.00,298.48
2024/11/08 07:18:00,908.00,296.03
2024/11/08 07:18:00,909.00,294.40
2024/11/08 07:18:00,910.00,293.77
2024/11/08 07:18:00,911.00,293.52
2024/11/08 07:18:00,912.00,293.87
2024/11/08 07:18:00,913.00,291.90
2024/11/08 07:18:00,914.00,290.92
2024/11/08 07:18:00,915.00,290.99
2024/11/08 07:18:00,916.00,290.59
2024/11/08 07:18:00,917.00,291.34
2024/11/08 07:18:00,918.00,293.84
2024/11/08 07:18:00,919.00,295.02
2024/11/08 07:18:00,920.00,295.46
2024/11/08 07:18:00,921.00,296.19
2024/11/08 07:18:00,922.00,295.94
2024/11/08 07:18:00,923.00,295.31
2024/11/08 07:18:00,924.00,294.70
2024/11/08 07:18:00,925.00,293.30
2024/11/08 07:18:00,926.00,288.72
2024/11/08 07:18:00,927.00,282.11
2024/11/08 07:18:00,928.00,272.21
2024/11/08 07:18:00,929.00,259.41
2024/11/08 07:18:00,930.00,243.53
2024/11/08 07:18:00,931.00,228.13
2024/11/08 07:18:00,932.00,214.22
2024/11/08 07:18:00,933.00,201.54
2024/11/08 07:18:00,934.00,191.50
2024/11/08 07:18:00,935.00,186.18
2024/11/08 07:18:00,936.00,184.97
2024/11/08 07:18:00,937.00,185.62
2024/11/08 07:18:00,938.00,189.92
2024/11/08 07:18:00,939.00,195.39
2024/11/08 07:18:00,940.00,197.72
2024/11/08 07:18:00,941.00,198.43
2024/11/08 07:18:00,942.00,197.61
2024/11/08 07:18:00,943.00,196.00
2024/11/08 07:18:00,944.00,194.99
2024/11/08 07:18:00,945.00,196.07
2024/11/08 07:18:00,946.00,197.23
2024/11/08 07:18:00,947.00,197.78
2024/11/08 07:18:00,948.00,198.27
2024/11/08 07:18:00,949.00,199.65
2024/11/08 07:18:00,950.00,200.08
2024/11/08 07:18:00,951.00,201.13
2024/11/08 07:18:00,952.00,201.08
2024/11/08 07:18:00,953.00,202.14
2024/11/08 07:18:00,954.00,203.19
2024/11/08 07:18:00,955.00,204.74
2024/11/08 07:18:00,956.00,207.30
2024/11/08 07:18:00,957.00,210.50
2024/11/08 07:18:00,958.00,213.60
2024/11/08 07:18:00,959.00,217.11
2024/11/08 07:18:00,960.00,221.13
2024/11/08 07:18:00,961.00,224.42
2024/11/08 07:18:00,962.00,226.99
2024/11/08 07:18:00,963.00,230.89
2024/11/08 07:18:00,964.00,234.25
2024/11/08 07:18:00,965.00,238.50
2024/11/08 07:18:00,966.00,244.11
2024/11/08 07:18:00,967.00,250.68
2024/11/08 07:18:00,968.00,255.17
2024/11/08 07:18:00,969.00,259.11
2024/11/08 07:18:00,970.00,261.12
2024/11/08 07:18:00,971.00,261.15
2024/11/08 07:18:00,972.00,259.98
2024/11/08 07:18:00,973.00,259.61
2024/11/08 07:18:00,974.00,259.11
2024/11/08 07:18:00,975.00,259.31
2024/11/08 07:18:00,976.00,259.93
2024/11/08 07:18:00,977.00,261.59
2024/11/08 07:18:00,978.00,262.35
2024/11/08 07:18:00,979.00,264.15
2024/11/08 07:18:00,980.00,265.75
2024/11/08 07:18:00,981.00,267.55
2024/11/08 07:18:00,982.00,270.24
2024/11/08 07:18:00,983.00,272.01
2024/11/08 07:18:00,984.00,273.46
2024/11/08 07:18:00,985.00,275.36
2024/11/08 07:18:00,986.00,276.56
2024/11/08 07:18:00,987.00,277.39
2024/11/08 07:18:00,988.00,277.59
2024/11/08 07:18:00,989.00,278.40
2024/11/08 07:18:00,990.00,277.40
2024/11/08 07:18:00,991.00,277.62
2024/11/08 07:18:00,992.00,277.53
2024/11/08 07:18:00,993.00,277.50
2024/11/08 07:18:00,994.00,277.63
2024/11/08 07:18:00,995.00,277.54
2024/11/08 07:18:00,996.00,275.47
2024/11/08 07:18:00,997.00,275.30
2024/11/08 07:18:00,998.00,274.42
2024/11/08 07:18:00,999.00,273.25
2024/11/08 07:18:00,1000.00,274.02
2024/11/08 07:18:00,1001.00,273.85
2024/11/08 07:18:00,1002.00,271.56
2024/11/08 07:18:00,1003.00,270.89
2024/11/08 07:18:00,1004.00,269.71
2024/11/08 07:18:00,1005.00,267.83
2024/11/08 07:18:00,1006.00,267.99
2024/11/08 07:18:00,1007.00,268.35
2024/11/08 07:18:00,1008.00,268.09
2024/11/08 07:18:00,1009.00,267.67
2024/11/08 07:18:00,1010.00,267.73
2024/11/08 07:18:00,1011.00,268.82
2024/11/08 07:18:00,1012.00,267.55
2024/11/08 07:18:00,1013.00,267.52
2024/11/08 07:18:00,1014.00,267.79
2024/11/08 07:18:00,1015.00,266.78
2024/11/08 07:18:00,1016.00,266.80
2024/11/08 07:18:00,1017.00,266.14
2024/11/08 07:18:00,1018.00,267.10
2024/11/08 07:18:00,1019.00,265.96
2024/11/08 07:18:00,1020.00,265.14
2024/11/08 07:18:00,1021.00,265.60
2024/11/08 07:18:00,1022.00,264.60
2024/11/08 07:18:00,1023.00,264.12
2024/11/08 07:18:00,1024.00,262.65
2024/11/08 07:18:00,1025.00,261.72
2024/11/08 07:18:00,1026.00,259.65
2024/11/08 07:18:00,1027.00,258.10
2024/11/08 07:18:00,1028.00,258.25
2024/11/08 07:18:00,1029.00,256.40
2024/11/08 07:18:00,1030.00,255.85
2024/11/08 07:18:00,1031.00,255.87
2024/11/08 07:18:00,1032.00,255.08
2024/11/08 07:18:00,1033.00,253.11
2024/11/08 07:18:00,1034.00,253.51
2024/11/08 07:18:00,1035.00,253.23
2024/11/08 07:18:00,1036.00,252.20
2024/11/08 07:18:00,1037.00,252.06
2024/11/08 07:18:00,1038.00,253.31
2024/11/08 07:18:00,1039.00,251.88
2024/11/08 07:18:00,1040.00,250.93
2024/11/08 07:18:00,1041.00,251.52
2024/11/08 07:18:00,1042.00,250.31
2024/11/08 07:18:00,1043.00,249.63
2024/11/08 07:18:00,1044.00,250.07
2024/11/08 07:18:00,1045.00,251.63
2024/11/08 07:18:00,1046.00,249.69
2024/11/08 07:18:00,1047.00,251.01
2024/11/08 07:18:00,1048.00,253.39
2024/11/08 07:18:00,1049.00,251.38
2024/11/08 07:18:00,1050.00,249.71
2024/11/08 07:18:00,1051.00,253.19
2024/11/08 07:18:00,1052.00,250.79
2024/11/08 07:18:00,1053.00,247.27
2024/11/08 07:18:00,1054.00,244.98
2024/11/08 07:18:00,1055.00,245.13
2024/11/08 07:18:00,1056.00,241.69
2024/11/08 07:18:00,1057.00,240.52
2024/11/08 07:18:00,1058.00,243.77
2024/11/08 07:18:00,1059.00,242.94
2024/11/08 07:18:00,1060.00,242.46
2024/11/08 07:18:00,1061.00,243.13
2024/11/08 07:18:00,1062.00,242.47
2024/11/08 07:18:00,1063.00,239.83
2024/11/08 07:18:00,1064.00,239.83
2024/11/08 07:18:00,1065.00,241.24
2024/11/08 07:18:00,1066.00,238.53
2024/11/08 07:18:00,1067.00,236.92
2024/11/08 07:18:00,1068.00,238.85
2024/11/08 07:18:00,1069.00,239.82
2024/11/08 07:18:00,1070.00,237.68
2024/11/08 07:18:00,1071.00,238.07
2024/11/08 07:18:00,1072.00,239.10
2024/11/08 07:18:00,1073.00,235.53
2024/11/08 07:18:00,1074.00,233.73
2024/11/08 07:18:00,1075.00,235.06
2024/11/08 07:18:00,1076.00,229.76
2024/11/08 07:18:00,1077.00,227.46
2024/11/08 07:18:00,1078.00,226.63
2024/11/08 07:18:00,1079.00,229.14
2024/11/08 07:18:00,1080.00,229.17
2024/11/08 07:18:00,1081.00,232.57
2024/11/08 07:18:00,1082.00,238.09
2024/11/08 07:18:00,1083.00,236.31
2024/11/08 07:18:00,1084.00,235.99
2024/11/08 07:18:00,1085.00,239.62
2024/11/08 07:18:00,1086.00,232.61
2024/11/08 07:18:00,1087.00,227.11
2024/11/08 07:18:00,1088.00,226.50
2024/11/08 07:18:00,1089.00,223.31
2024/11/08 07:18:00,1090.00,221.86
2024/11/08 07:18:00,1091.00,223.76
2024/11/08 07:18:00,1092.00,227.32
2024/11/08 07:18:00,1093.00,226.83
2024/11/08 07:18:00,1094.00,225.08
2024/11/08 07:18:00,1095.00,227.49
2024/11/08 07:18:00,1096.00,225.48
2024/11/08 07:18:00,1097.00,220.12
2024/11/08 07:18:00,1098.00,223.70
2024/11/08 07:18:00,1099.00,222.48
2024/11/08 07:18:00,1100.00,215.72
2024/11/08 07:19:00,Wavelength(nm),Irradiance(W/m2/um)
2024/11/08 07:19:00,300.00,7.35
2024/11/08 07:19:00,301.00,8.19
2024/11/08 07:19:00,302.00,8.97
2024/11/08 07:19:00,303.00,9.76
2024/11/08 07:19:00,304.00,11.00
2024/11/08 07:19:00,305.00,12.39
2024/11/08 07:19:00,306.00,14.20
2024/11/08 07:19:00,307.00,16.43
2024/11/08 07:19:00,308.00,18.98
2024/11/08 07:19:00,309.00,22.58
2024/11/08 07:19:00,310.00,26.68
2024/11/08 07:19:00,311.00,30.68
2024/11/08 07:19:00,312.00,35.88
2024/11/08 07:19:00,313.00,41.49
2024/11/08 07:19:00,314.00,47.06
2024/11/08 07:19:00,315.00,53.40
2024/11/08 07:19:00,316.00,60.33
2024/11/08 07:19:00,317.00,67.33
2024/11/08 07:19:00,318.00,74.06
2024/11/08 07:19:00,319.00,80.36
2024/11/08 07:19:00,320.00,87.07
2024/11/08 07:19:00,321.00,94.00
2024/11/08 07:19:00,322.00,101.84
2024/11/08 07:19:00,323.00,111.20
2024/11/08 07:19:00,324.00,121.33
2024/11/08 07:19:00,325.00,131.66
2024/11/08 07:19:00,326.00,142.82
2024/11/08 07:19:00,327.00,153.43
2024/11/08 07:19:00,328.00,162.10
2024/11/08 07:19:00,329.00,169.70
2024/11/08 07:19:00,330.00,175.98
2024/11/08 07:19:00,331.00,180.77
2024/11/08 07:19:00,332.00,183.42
2024/11/08 07:19:00,333.00,184.35
2024/11/08 07:19:00,334.00,184.85
2024/11/08 07:19:00,335.00,185.85
2024/11/08 07:19:00,336.00,186.56
2024/11/08 07:19:00,337.00,188.69
2024/11/08 07:19:00,338.00,192.42
2024/11/08 07:19:00,339.00,196.62
2024/11/08 07:19:00,340.00,200.04
2024/11/08 07:19:00,341.00,202.16
2024/11/08 07:19:00,342.00,203.56
2024/11/08 07:19:00,343.00,204.47
2024/11/08 07:19:00,344.00,204.77
2024/11/08 07:19:00,345.00,204.99
2024/11/08 07:19:00,346.00,206.35
2024/11/08 07:19:00,347.00,208.15
2024/11/08 07:19:00,348.00,211.21
2024/11/08 07:19:00,349.00,214.21
2024/11/08 07:19:00,350.00,217.64
2024/11/08 07:19:00,351.00,222.75
2024/11/08 07:19:00,352.00,227.39
2024/11/08 07:19:00,353.00,230.11
2024/11/08 07:19:00,354.00,230.63
2024/11/08 07:19:00,355.00,227.92
2024/11/08 07:19:00,356.00,224.15
2024/11/08 07:19:00,357.00,221.63
2024/11/08 07:19:00,358.00,218.75
2024/11/08 07:19:00,359.00,218.96
2024/11/08 07:19:00,360.00,224.02
2024/11/08 07:19:00,361.00,229.46
2024/11/08 07:19:00,362.00,235.64
2024/11/08 07:19:00,363.00,245.96
2024/11/08 07:19:00,364.00,257.31
2024/11/08 07:19:00,365.00,266.17
2024/11/08 07:19:00,366.00,274.12
2024/11/08 07:19:00,367.00,280.23
2024/11/08 07:19:00,368.00,283.31
2024/11/08 07:19:00,369.00,282.39
2024/11/08 07:19:00,370.00,278.54
2024/11/08 07:19:00,371.00,271.78
2024/11/08 07:19:00,372.00,264.80
2024/11/08 07:19:00,373.00,260.06
2024/11/08 07:19:00,374.00,261.12
2024/11/08 07:19:00,375.00,268.42
2024/11/08 07:19:00,376.00,278.29
2024/11/08 07:19:00,377.00,287.77
2024/11/08 07:19:00,378.00,294.57
2024/11/08 07:19:00,379.00,292.68
2024/11/08 07:19:00,380.00,280.60
2024/11/08 07:19:00,381.00,266.80
2024/11/08 07:19:00,382.00,255.85
2024/11/08 07:19:00,383.00,247.37
2024/11/08 07:19:00,384.00,244.28
2024/11/08 07:19:00,385.00,249.29
2024/11/08 07:19:00,386.00,257.81
2024/11/08 07:19:00,387.00,268.28
2024/11/08 07:19:00,388.00,280.47
2024/11/08 07:19:00,389.00,290.57
2024/11/08 07:19:00,390.00,292.45
2024/11/08 07:19:00,391.00,287.93
2024/11/08 07:19:00,392.00,283.99
2024/11/08 07:19:00,393.00,277.37
2024/11/08 07:19:00,394.00,269.30
2024/11/08 07:19:00,395.00,273.61
2024/11/08 07:19:00,396.00,294.28
2024/11/08 07:19:00,397.00,318.38
2024/11/08 07:19:00,398.00,346.87
2024/11/08 07:19:00,399.00,381.73
2024/11/08 07:19:00,400.00,413.27
2024/11/08 07:19:00,401.00,433.55
2024/11/08 07:19:00,402.00,444.73
2024/11/08 07:19:00,403.00,447.79
2024/11/08 07:19:00,404.00,446.10
2024/11/08 07:19:00,405.00,443.95
2024/11/08 07:19:00,406.00,443.46
2024/11/08 07:19:00,407.00,444.06
2024/11/08 07:19:00,408.00,447.27
2024/11/08 07:19:00,409.00,453.12
2024/11/08 07:19:00,410.00,459.81
2024/11/08 07:19:00,411.00,465.66
2024/11/08 07:19:00,412.00,471.53
2024/11/08 07:19:00,413.00,477.37
2024/11/08 07:19:00,414.00,481.72
2024/11/08 07:19:00,415.00,482.90
2024/11/08 07:19:00,416.00,482.53
2024/11/08 07:19:00,417.00,482.40
2024/11/08 07:19:00,418.00,483.04
2024/11/08 07:19:00,419.00,484.00
2024/11/08 07:19:00,420.00,484.60
2024/11/08 07:19:00,421.00,485.66
2024/11/08 07:19:00,422.00,486.88
2024/11/08 07:19:00,423.00,486.88
2024/11/08 07:19:00,424.00,484.29
2024/11/08 07:19:00,425.00,482.25
2024/11/08 07:19:00,426.00,478.68
2024/11/08 07:19:00,427.00,468.95
2024/11/08 07:19:00,428.00,456.24
2024/11/08 07:19:00,429.00,449.24
2024/11/08 07:19:00,430.00,449.68
2024/11/08 07:19:00,431.00,454.54
2024/11/08 07:19:00,432.00,467.53
2024/11/08 07:19:00,433.00,487.76
2024/11/08 07:19:00,434.00,506.43
2024/11/08 07:19:00,435.00,515.40
2024/11/08 07:19:00,436.00,519.92
2024/11/08 07:19:00,437.00,523.60
2024/11/08 07:19:00,438.00,526.32
2024/11/08 07:19:00,439.00,529.62
2024/11/08 07:19:00,440.00,537.86
2024/11/08 07:19:00,441.00,549.95
2024/11/08 07:19:00,442.00,560.62
2024/11/08 07:19:00,443.00,568.40
2024/11/08 07:19:00,444.00,574.56
2024/11/08 07:19:00,445.00,579.55
2024/11/08 07:19:00,446.00,584.75
2024/11/08 07:19:00,447.00,593.55
2024/11/08 07:19:00,448.00,604.63
2024/11/08 07:19:00,449.00,614.20
2024/11/08 07:19:00,450.00,619.09
2024/11/08 07:19:00,451.00,620.22
2024/11/08 07:19:00,452.00,620.04
2024/11/08 07:19:00,453.00,618.34
2024/11/08 07:19:00,454.00,619.08
2024/11/08 07:19:00,455.00,622.39
2024/11/08 07:19:00,456.00,627.06
2024/11/08 07:19:00,457.00,630.09
2024/11/08 07:19:00,458.00,632.89
2024/11/08 07:19:00,459.00,635.49
2024/11/08 07:19:00,460.00,638.67
2024/11/08 07:19:00,461.00,641.38
2024/11/08 07:19:00,462.00,644.12
2024/11/08 07:19:00,463.00,644.45
2024/11/08 07:19:00,464.00,642.02
2024/11/08 07:19:00,465.00,637.60
2024/11/08 07:19:00,466.00,635.88
2024/11/08 07:19:00,467.00,633.47
2024/11/08 07:19:00,468.00,631.94
2024/11/08 07:19:00,469.00,632.15
2024/11/08 07:19:00,470.00,634.16
2024/11/08 07:19:00,471.00,634.58
2024/11/08 07:19:00,472.00,636.53
2024/11/08 07:19:00,473.00,638.55
2024/11/08 07:19:00,474.00,640.31
2024/11/08 07:19:00,475.00,641.21
2024/11/08 07:19:00,476.00,643.68
2024/11/08 07:19:00,477.00,646.44
2024/11/08 07:19:00,478.00,649.34
2024/11/08 07:19:00,479.00,652.00
2024/11/08 07:19:00,480.00,654.53
2024/11/08 07:19:00,481.00,654.12
2024/11/08 07:19:00,482.00,649.54
2024/11/08 07:19:00,483.00,641.39
2024/11/08 07:19:00,484.00,627.83
2024/11/08 07:19:00,485.00,615.66
2024/11/08 07:19:00,486.00,608.44
2024/11/08 07:19:00,487.00,607.15
2024/11/08 07:19:00,488.00,611.03
2024/11/08 07:19:00,489.00,619.17
2024/11/08 07:19:00,490.00,625.26
2024/11/08 07:19:00,491.00,629.42
2024/11/08 07:19:00,492.00,632.71
2024/11/08 07:19:00,493.00,633.81
2024/11/08 07:19:00,494.00,635.85
2024/11/08 07:19:00,495.00,639.22
2024/11/08 07:19:00,496.00,638.79
2024/11/08 07:19:00,497.00,636.08
2024/11/08 07:19:00,498.00,631.52
2024/11/08 07:19:00,499.00,625.48
2024/11/08 07:19:00,500.00,618.86
2024/11/08 07:19:00,501.00,615.34
2024/11/08 07:19:00,502.00,613.45
2024/11/08 07:19:00,503.00,615.45
2024/11/08 07:19:00,504.00,618.63
2024/11/08 07:19:00,505.00,621.89
2024/11/08 07:19:00,506.00,623.93
2024/11/08 07:19:00,507.00,626.21
2024/11/08 07:19:00,508.00,626.43
2024/11/08 07:19:00,509.00,626.96
2024/11/08 07:19:00,510.00,626.67
2024/11/08 07:19:00,511.00,624.89
2024/11/08 07:19:00,512.00,621.44
2024/11/08 07:19:00,513.00,615.52
2024/11/08 07:19:00,514.00,605.41
2024/11/08 07:19:00,515.00,593.64
2024/11/08 07:19:00,516.00,585.26
2024/11/08 07:19:00,517.00,579.59
2024/11/08 07:19:00,518.00,577.49
2024/11/08 07:19:00,519.00,580.87
2024/11/08 07:19:00,520.00,588.59
2024/11/08 07:19:00,521.00,595.38
2024/11/08 07:19:00,522.00,601.81
2024/11/08 07:19:00,523.00,605.32
2024/11/08 07:19:00,524.00,605.05
2024/11/08 07:19:00,525.00,604.17
2024/11/08 07:19:00,526.00,605.23
2024/11/08 07:19:00,527.00,605.05
2024/11/08 07:19:00,528.00,607.50
2024/11/08 07:19:00,529.00,611.50
2024/11/08 07:19:00,530.00,613.29
2024/11/08 07:19:00,531.00,613.37
2024/11/08 07:19:00,532.00,614.22
2024/11/08 07:19:00,533.00,613.62
2024/11/08 07:19:00,534.00,614.04
2024/11/08 07:19:00,535.00,616.29
2024/11/08 07:19:00,536.00,616.21
2024/11/08 07:19:00,537.00,613.63
2024/11/08 07:19:00,538.00,610.64
2024/11/08 07:19:00,539.00,606.47
2024/11/08 07:19:00,540.00,602.96
2024/11/08 07:19:00,541.00,602.65
2024/11/08 07:19:00,542.00,603.26
2024/11/08 07:19:00,543.00,604.69
2024/11/08 07:19:00,544.00,606.43
2024/11/08 07:19:00,545.00,607.90
2024/11/08 07:19:00,546.00,607.58
2024/11/08 07:19:00,547.00,607.28
2024/11/08 07:19:00,548.00,606.61
2024/11/08 07:19:00,549.00,606.46
2024/11/08 07:19:00,550.00,606.14
2024/11/08 07:19:00,551.00,605.67
2024/11/08 07:19:00,552.00,606.26
2024/11/08 07:19:00,553.00,605.31
2024/11/08 07:19:00,554.00,603.13
2024/11/08 07:19:00,555.00,600.73
2024/11/08 07:19:00,556.00,597.64
2024/11/08 07:19:00,557.00,593.52
2024/11/08 07:19:00,558.00,590.81
2024/11/08 07:19:00,559.00,589.57
2024/11/08 07:19:00,560.00,587.75
2024/11/08 07:19:00,561.00,587.76
2024/11/08 07:19:00,562.00,586.62
2024/11/08 07:19:00,563.00,585.90
2024/11/08 07:19:00,564.00,585.55
2024/11/08 07:19:00,565.00,584.27
2024/11/08 07:19:00,566.00,582.93
2024/11/08 07:19:00,567.00,581.74
2024/11/08 07:19:00,568.00,578.07
2024/11/08 07:19:00,569.00,575.06
2024/11/08 07:19:00,570.00,575.46
2024/11/08 07:19:00,571.00,575.27
2024/11/08 07:19:00,572.00,574.54
2024/11/08 07:19:00,573.00,575.60
2024/11/08 07:19:00,574.00,575.79
2024/11/08 07:19:00,575.00,573.79
2024/11/08 07:19:00,576.00,571.57
2024/11/08 07:19:00,577.00,571.59
2024/11/08 07:19:00,578.00,572.01
2024/11/08 07:19:00,579.00,573.34
2024/11/08 07:19:00,580.00,576.39
2024/11/08 07:19:00,581.00,578.62
2024/11/08 07:19:00,582.00,580.24
2024/11/08 07:19:00,583.00,582.79
2024/11/08 07:19:00,584.00,583.66
2024/11/08 07:19:00,585.00,581.34
2024/11/08 07:19:00,586.00,578.14
2024/11/08 07:19:00,587.00,574.47
2024/11/08 07:19:00,588.00,570.29
2024/11/08 07:19:00,589.00,567.96
2024/11/08 07:19:00,590.00,565.32
2024/11/08 07:19:00,591.00,565.50
2024/11/08 07:19:00,592.00,566.64
2024/11/08 07:19:00,593.00,566.30
2024/11/08 07:19:00,594.00,565.60
2024/11/08 07:19:00,595.00,567.62
2024/11/08 07:19:00,596.00,567.62
2024/11/08 07:19:00,597.00,566.76
2024/11/08 07:19:00,598.00,566.47
2024/11/08 07:19:00,599.00,564.65
2024/11/08 07:19:00,600.00,562.47
2024/11/08 07:19:00,601.00,560.57
2024/11/08 07:19:00,602.00,560.21
2024/11/08 07:19:00,603.00,560.92
2024/11/08 07:19:00,604.00,561.75
2024/11/08 07:19:00,605.00,561.63
2024/11/08 07:19:00,606.00,562.01
2024/11/08 07:19:00,607.00,561.62
2024/11/08 07:19:00,608.00,559.50
2024/11/08 07:19:00,609.00,558.25
2024/11/08 07:19:00,610.00,556.46
2024/11/08 07:19:00,611.00,555.60
2024/11/08 07:19:00,612.00,553.36
2024/11/08 07:19:00,613.00,550.94
2024/11/08 07:19:00,614.00,548.91
2024/11/08 07:19:00,615.00,547.31
2024/11/08 07:19:00,616.00,546.15
2024/11/08 07:19:00,617.00,548.43
2024/11/08 07:19:00,618.00,549.92
2024/11/08 07:19:00,619.00,550.49
2024/11/08 07:19:00,620.00,552.00
2024/11/08 07:19:00,621.00,551.67
2024/11/08 07:19:00,622.00,548.99
2024/11/08 07:19:00,623.00,547.14
2024/11/08 07:19:00,624.00,545.05
2024/11/08 07:19:00,625.00,541.91
2024/11/08 07:19:00,626.00,538.63
2024/11/08 07:19:00,627.00,535.29
2024/11/08 07:19:00,628.00,533.15
2024/11/08 07:19:00,629.00,533.35
2024/11/08 07:19:00,630.00,532.91
2024/11/08 07:19:00,631.00,534.29
2024/11/08 07:19:00,632.00,536.34
2024/11/08 07:19:00,633.00,537.93
2024/11/08 07:19:00,634.00,538.51
2024/11/08 07:19:00,635.00,540.75
2024/11/08 07:19:00,636.00,542.45
2024/11/08 07:19:00,637.00,543.26
2024/11/08 07:19:00,638.00,543.17
2024/11/08 07:19:00,639.00,544.88
2024/11/08 07:19:00,640.00,544.54
2024/11/08 07:19:00,641.00,543.70
2024/11/08 07:19:00,642.00,545.10
2024/11/08 07:19:00,643.00,545.90
2024/11/08 07:19:00,644.00,543.66
2024/11/08 07:19:00,645.00,544.07
2024/11/08 07:19:00,646.00,543.24
2024/11/08 07:19:00,647.00,540.81
2024/11/08 07:19:00,648.00,539.54
2024/11/08 07:19:00,649.00,540.18
2024/11/08 07:19:00,650.00,539.03
2024/11/08 07:19:00,651.00,539.40
2024/11/08 07:19:00,652.00,536.73
2024/11/08 07:19:00,653.00,532.01
2024/11/08 07:19:00,654.00,525.33
2024/11/08 07:19:00,655.00,520.50
2024/11/08 07:19:00,656.00,517.74
2024/11/08 07:19:00,657.00,518.52
2024/11/08 07:19:00,658.00,522.27
2024/11/08 07:19:00,659.00,527.57
2024/11/08 07:19:00,660.00,531.81
2024/11/08 07:19:00,661.00,533.62
2024/11/08 07:19:00,662.00,535.44
2024/11/08 07:19:00,663.00,535.68
2024/11/08 07:19:00,664.00,536.42
2024/11/08 07:19:00,665.00,537.94
2024/11/08 07:19:00,666.00,537.88
2024/11/08 07:19:00,667.00,539.64
2024/11/08 07:19:00,668.00,540.37
2024/11/08 07:19:00,669.00,540.29
2024/11/08 07:19:00,670.00,540.09
2024/11/08 07:19:00,671.00,541.22
2024/11/08 07:19:00,672.00,540.47
2024/11/08 07:19:00,673.00,540.36
2024/11/08 07:19:00,674.00,540.47
2024/11/08 07:19:00,675.00,540.32
2024/11/08 07:19:00,676.00,539.57
2024/11/08 07:19:00,677.00,537.71
2024/11/08 07:19:00,678.00,537.60
2024/11/08 07:19:00,679.00,537.11
2024/11/08 07:19:00,680.00,534.87
2024/11/08 07:19:00,681.00,534.29
2024/11/08 07:19:00,682.00,533.36
2024/11/08 07:19:00,683.00,527.19
2024/11/08 07:19:00,684.00,516.77
2024/11/08 07:19:00,685.00,502.67
2024/11/08 07:19:00,686.00,487.18
2024/11/08 07:19:00,687.00,472.72
2024/11/08 07:19:00,688.00,461.73
2024/11/08 07:19:00,689.00,458.80
2024/11/08 07:19:00,690.00,463.43
2024/11/08 07:19:00,691.00,469.00
2024/11/08 07:19:00,692.00,476.95
2024/11/08 07:19:00,693.00,485.87
2024/11/08 07:19:00,694.00,491.99
2024/11/08 07:19:00,695.00,496.54
2024/11/08 07:19:00,696.00,500.02
2024/11/08 07:19:00,697.00,501.87
2024/11/08 07:19:00,698.00,503.39
2024/11/08 07:19:00,699.00,504.15
2024/11/08 07:19:00,700.00,504.85
2024/11/08 07:19:00,701.00,505.96
2024/11/08 07:19:00,702.00,505.45
2024/11/08 07:19:00,703.00,506.47
2024/11/08 07:19:00,704.00,507.72
2024/11/08 07:19:00,705.00,506.68
2024/11/08 07:19:00,706.00,506.95
2024/11/08 07:19:00,707.00,508.85
2024/11/08 07:19:00,708.00,508.82
2024/11/08 07:19:00,709.00,507.84
2024/11/08 07:19:00,710.00,508.78
2024/11/08 07:19:00,711.00,508.57
2024/11/08 07:19:00,712.00,506.91
2024/11/08 07:19:00,713.00,503.93
2024/11/08 07:19:00,714.00,501.46
2024/11/08 07:19:00,715.00,496.26
2024/11/08 07:19:00,716.00,485.70
2024/11/08 07:19:00,717.00,478.83
2024/11/08 07:19:00,718.00,471.99
2024/11/08 07:19:00,719.00,465.09
2024/11/08 07:19:00,720.00,462.72
2024/11/08 07:19:00,721.00,464.84
2024/11/08 07:19:00,722.00,464.19
2024/11/08 07:19:00,723.00,463.50
2024/11/08 07:19:00,724.00,462.49
2024/11/08 07:19:00,725.00,461.79
2024/11/08 07:19:00,726.00,461.37
2024/11/08 07:19:00,727.00,460.04
2024/11/08 07:19:00,728.00,462.17
2024/11/08 07:19:00,729.00,465.71
2024/11/08 07:19:00,730.00,466.93
2024/11/08 07:19:00,731.00,470.19
2024/11/08 07:19:00,732.00,474.37
2024/11/08 07:19:00,733.00,475.29
2024/11/08 07:19:00,734.00,476.28
2024/11/08 07:19:00,735.00,476.91
2024/11/08 07:19:00,736.00,475.99
2024/11/08 07:19:00,737.00,474.28
2024/11/08 07:19:00,738.00,473.09
2024/11/08 07:19:00,739.00,472.59
2024/11/08 07:19:00,740.00,472.98
2024/11/08 07:19:00,741.00,469.69
2024/11/08 07:19:00,742.00,471.28
2024/11/08 07:19:00,743.00,472.78
2024/11/08 07:19:00,744.00,471.84
2024/11/08 07:19:00,745.00,473.16
2024/11/08 07:19:00,746.00,474.76
2024/11/08 07:19:00,747.00,473.01
2024/11/08 07:19:00,748.00,471.63
2024/11/08 07:19:00,749.00,471.39
2024/11/08 07:19:00,750.00,470.42
2024/11/08 07:19:00,751.00,469.22
2024/11/08 07:19:00,752.00,467.11
2024/11/08 07:19:00,753.00,468.62
2024/11/08 07:19:00,754.00,466.26
2024/11/08 07:19:00,755.00,459.96
2024/11/08 07:19:00,756.00,451.19
2024/11/08 07:19:00,757.00,427.17
2024/11/08 07:19:00,758.00,391.99
2024/11/08 07:19:00,759.00,355.60
2024/11/08 07:19:00,760.00,320.65
2024/11/08 07:19:00,761.00,291.57
2024/11/08 07:19:00,762.00,276.92
2024/11/08 07:19:00,763.00,275.57
2024/11/08 07:19:00,764.00,283.82
2024/11/08 07:19:00,765.00,296.20
2024/11/08 07:19:00,766.00,312.20
2024/11/08 07:19:00,767.00,336.47
2024/11/08 07:19:00,768.00,355.91
2024/11/08 07:19:00,769.00,373.41
2024/11/08 07:19:00,770.00,391.88
2024/11/08 07:19:00,771.00,406.86
2024/11/08 07:19:00,772.00,417.22
2024/11/08 07:19:00,773.00,426.49
2024/11/08 07:19:00,774.00,432.66
2024/11/08 07:19:00,775.00,437.83
2024/11/08 07:19:00,776.00,437.50
2024/11/08 07:19:00,777.00,437.84
2024/11/08 07:19:00,778.00,440.32
2024/11/08 07:19:00,779.00,439.65
2024/11/08 07:19:00,780.00,438.36
2024/11/08 07:19:00,781.00,441.29
2024/11/08 07:19:00,782.00,441.63
2024/11/08 07:19:00,783.00,440.90
2024/11/08 07:19:00,784.00,440.62
2024/11/08 07:19:00,785.00,439.89
2024/11/08 07:19:00,786.00,439.70
2024/11/08 07:19:00,787.00,435.66
2024/11/08 07:19:00,788.00,435.37
2024/11/08 07:19:00,789.00,435.95
2024/11/08 07:19:00,790.00,430.87
2024/11/08 07:19:00,791.00,427.67
2024/11/08 07:19:00,792.00,427.89
2024/11/08 07:19:00,793.00,422.26
2024/11/08 07:19:00,794.00,420.00
2024/11/08 07:19:00,795.00,422.25
2024/11/08 07:19:00,796.00,422.30
2024/11/08 07:19:00,797.00,425.66
2024/11/08 07:19:00,798.00,426.89
2024/11/08 07:19:00,799.00,429.19
2024/11/08 07:19:00,800.00,431.53
2024/11/08 07:19:00,801.00,429.24
2024/11/08 07:19:00,802.00,429.21
2024/11/08 07:19:00,803.00,429.90
2024/11/08 07:19:00,804.00,425.07
2024/11/08 07:19:00,805.00,423.23
2024/11/08 07:19:00,806.00,424.05
2024/11/08 07:19:00,807.00,422.29
2024/11/08 07:19:00,808.00,423.36
2024/11/08 07:19:00,809.00,423.80
2024/11/08 07:19:00,810.00,424.67
2024/11/08 07:19:00,811.00,424.54
2024/11/08 07:19:00,812.00,418.80
2024/11/08 07:19:00,813.00,415.69
2024/11/08 07:19:00,814.00,410.73
2024/11/08 07:19:00,815.00,400.77
2024/11/08 07:19:00,816.00,398.53
2024/11/08 07:19:00,817.00,398.05
2024/11/08 07:19:00,818.00,394.34
2024/11/08 07:19:00,819.00,396.14
2024/11/08 07:19:00,820.00,399.13
2024/11/08 07:19:00,821.00,397.24
2024/11/08 07:19:00,822.00,396.77
2024/11/08 07:19:00,823.00,398.15
2024/11/08 07:19:00,824.00,401.99
2024/11/08 07:19:00,825.00,401.14
2024/11/08 07:19:00,826.00,401.05
2024/11/08 07:19:00,827.00,403.62
2024/11/08 07:19:00,828.00,402.10
2024/11/08 07:19:00,829.00,396.74
2024/11/08 07:19:00,830.00,399.98
2024/11/08 07:19:00,831.00,397.91
2024/11/08 07:19:00,832.00,394.86
2024/11/08 07:19:00,833.00,395.77
2024/11/08 07:19:00,834.00,396.65
2024/11/08 07:19:00,835.00,394.16
2024/11/08 07:19:00,836.00,391.82
2024/11/08 07:19:00,837.00,393.71
2024/11/08 07:19:00,838.00,393.78
2024/11/08 07:19:00,839.00,391.14
2024/11/08 07:19:00,840.00,391.65
2024/11/08 07:19:00,841.00,392.63
2024/11/08 07:19:00,842.00,388.73
2024/11/08 07:19:00,843.00,386.23
2024/11/08 07:19:00,844.00,386.12
2024/11/08 07:19:00,845.00,384.50
2024/11/08 07:19:00,846.00,382.16
2024/11/08 07:19:00,847.00,379.29
2024/11/08 07:19:00,848.00,377.83
2024/11/08 07:19:00,849.00,375.53
2024/11/08 07:19:00,850.00,369.68
2024/11/08 07:19:00,851.00,367.67
2024/11/08 07:19:00,852.00,364.33
2024/11/08 07:19:00,853.00,359.70
2024/11/08 07:19:00,854.00,359.12
2024/11/08 07:19:00,855.00,361.23
2024/11/08 07:19:00,856.00,363.53
2024/11/08 07:19:00,857.00,366.62
2024/11/08 07:19:00,858.00,368.98
2024/11/08 07:19:00,859.00,370.56
2024/11/08 07:19:00,860.00,370.92
2024/11/08 07:19:00,861.00,370.77
2024/11/08 07:19:00,862.00,371.68
2024/11/08 07:19:00,863.00,368.59
2024/11/08 07:19:00,864.00,363.70
2024/11/08 07:19:00,865.00,362.67
2024/11/08 07:19:00,866.00,360.48
2024/11/08 07:19:00,867.00,358.25
2024/11/08 07:19:00,868.00,360.61
2024/11/08 07:19:00,869.00,362.22
2024/11/08 07:19:00,870.00,363.00
2024/11/08 07:19:00,871.00,361.92
2024/11/08 07:19:00,872.00,363.06
2024/11/08 07:19:00,873.00,363.40
2024/11/08 07:19:00,874.00,361.08
2024/11/08 07:19:00,875.00,360.73
2024/11/08 07:19:00,876.00,361.68
2024/11/08 07:19:00,877.00,359.05
2024/11/08 07:19:00,878.00,358.51
2024/11/08 07:19:00,879.00,358.86
2024/11/08 07:19:00,880.00,357.75
2024/11/08 07:19:00,881.00,357.48
2024/11/08 07:19:00,882.00,357.74
2024/11/08 07:19:00,883.00,357.10
2024/11/08 07:19:00,884.00,356.75
2024/11/08 07:19:00,885.00,355.66
2024/11/08 07:19:00,886.00,355.99
2024/11/08 07:19:00,887.00,355.57
2024/11/08 07:19:00,888.00,354.00
2024/11/08 07:19:00,889.00,354.19
2024/11/08 07:19:00,890.00,352.16
2024/11/08 07:19:00,891.00,348.77
2024/11/08 07:19:00,892.00,345.12
2024/11/08 07:19:00,893.00,341.53
2024/11/08 07:19:00,894.00,337.31
2024/11/08 07:19:00,895.00,331.08
2024/11/08 07:19:00,896.00,324.70
2024/11/08 07:19:00,897.00,318.62
2024/11/08 07:19:00,898.00,311.11
2024/11/08 07:19:00,899.00,305.50
2024/11/08 07:19:00,900.00,304.14
2024/11/08 07:19:00,901.00,303.61
2024/11/08 07:19:00,902.00,305.54
2024/11/08 07:19:00,903.00,308.23
2024/11/08 07:19:00,904.00,308.84
2024/11/08 07:19:00,905.00,307.99
2024/11/08 07:19:00,906.00,305.43
2024/11/08 07:19:00,907.00,302.27
2024/11/08 07:19:00,908.00,299.92
2024/11/08 07:19:00,909.00,297.36
2024/11/08 07:19:00,910.00,296.84
2024/11/08 07:19:00,911.00,295.74
2024/11/08 07:19:00,912.00,293.47
2024/11/08 07:19:00,913.00,292.63
2024/11/08 07:19:00,914.00,291.87
2024/11/08 07:19:00,915.00,291.06
2024/11/08 07:19:00,916.00,292.20
2024/11/08 07:19:00,917.00,294.06
2024/11/08 07:19:00,918.00,296.95
2024/11/08 07:19:00,919.00,297.73
2024/11/08 07:19:00,920.00,298.95
2024/11/08 07:19:00,921.00,298.66
2024/11/08 07:19:00,922.00,297.96
2024/11/08 07:19:00,923.00,296.69
2024/11/08 07:19:00,924.00,296.16
2024/11/08 07:19:00,925.00,293.13
2024/11/08 07:19:00,926.00,289.41
2024/11/08 07:19:00,927.00,283.61
2024/11/08 07:19:00,928.00,274.27
2024/11/08 07:19:00,929.00,262.11
2024/11/08 07:19:00,930.00,247.08
2024/11/08 07:19:00,931.00,231.84
2024/11/08 07:19:00,932.00,216.59
2024/11/08 07:19:00,933.00,202.59
2024/11/08 07:19:00,934.00,193.26
2024/11/08 07:19:00,935.00,187.27
2024/11/08 07:19:00,936.00,185.03
2024/11/08 07:19:00,937.00,187.94
2024/11/08 07:19:00,938.00,192.71
2024/11/08 07:19:00,939.00,197.39
2024/11/08 07:19:00,940.00,201.00
2024/11/08 07:19:00,941.00,202.15
2024/11/08 07:19:00,942.00,201.17
2024/11/08 07:19:00,943.00,198.36
2024/11/08 07:19:00,944.00,196.65
2024/11/08 07:19:00,945.00,197.22
2024/11/08 07:19:00,946.00,196.24
2024/11/08 07:19:00,947.00,197.80
2024/11/08 07:19:00,948.00,200.07
2024/11/08 07:19:00,949.00,201.41
2024/11/08 07:19:00,950.00,202.67
2024/11/08 07:19:00,951.00,204.61
2024/11/08 07:19:00,952.00,204.74
2024/11/08 07:19:00,953.00,205.42
2024/11/08 07:19:00,954.00,207.17
2024/11/08 07:19:00,955.00,209.32
2024/11/08 07:19:00,956.00,211.09
2024/11/08 07:19:00,957.00,213.41
2024/11/08 07:19:00,958.00,216.55
2024/11/08 07:19:00,959.00,219.39
2024/11/08 07:19:00,960.00,221.76
2024/11/08 07:19:00,961.00,226.05
2024/11/08 07:19:00,962.00,229.10
2024/11/08 07:19:00,963.00,232.12
2024/11/08 07:19:00,964.00,236.02
2024/11/08 07:19:00,965.00,240.08
2024/11/08 07:19:00,966.00,245.14
2024/11/08 07:19:00,967.00,250.10
2024/11/08 07:19:00,968.00,255.27
2024/11/08 07:19:00,969.00,260.01
2024/11/08 07:19:00,970.00,261.59
2024/11/08 07:19:00,971.00,262.61
2024/11/08 07:19:00,972.00,262.64
2024/11/08 07:19:00,973.00,261.00
2024/11/08 07:19:00,974.00,261.33
2024/11/08 07:19:00,975.00,261.44
2024/11/08 07:19:00,976.00,261.27
2024/11/08 07:19:00,977.00,262.00
2024/11/08 07:19:00,978.00,263.64
2024/11/08 07:19:00,979.00,264.77
2024/11/08 07:19:00,980.00,266.32
2024/11/08 07:19:00,981.00,268.78
2024/11/08 07:19:00,982.00,271.88
2024/11/08 07:19:00,983.00,273.40
2024/11/08 07:19:00,984.00,275.08
2024/11/08 07:19:00,985.00,277.24
2024/11/08 07:19:00,986.00,277.45
2024/11/08 07:19:00,987.00,277.69
2024/11/08 07:19:00,988.00,279.20
2024/11/08 07:19:00,989.00,279.81
2024/11/08 07:19:00,990.00,279.75
2024/11/08 07:19:00,991.00,279.47
2024/11/08 07:19:00,992.00,279.69
2024/11/08 07:19:00,993.00,279.26
2024/11/08 07:19:00,994.00,277.95
2024/11/08 07:19:00,995.00,278.88
2024/11/08 07:19:00,996.00,278.71
2024/11/08 07:19:00,997.00,277.97
2024/11/08 07:19:00,998.00,278.86
2024/11/08 07:19:00,999.00,278.61
2024/11/08 07:19:00,1000.00,277.47
2024/11/08 07:19:00,1001.00,277.05
2024/11/08 07:19:00,1002.00,275.25
2024/11/08 07:19:00,1003.00,274.06
2024/11/08 07:19:00,1004.00,271.44
2024/11/08 07:19:00,1005.00,269.99
2024/11/08 07:19:00,1006.00,269.10
2024/11/08 07:19:00,1007.00,267.64
2024/11/08 07:19:00,1008.00,267.30
2024/11/08 07:19:00,1009.00,268.52
2024/11/08 07:19:00,1010.00,268.26
2024/11/08 07:19:00,1011.00,268.94
2024/11/08 07:19:00,1012.00,269.97
2024/11/08 07:19:00,1013.00,269.81
2024/11/08 07:19:00,1014.00,268.54
2024/11/08 07:19:00,1015.00,268.62
2024/11/08 07:19:00,1016.00,268.93
2024/11/08 07:19:00,1017.00,267.07
2024/11/08 07:19:00,1018.00,266.00
2024/11/08 07:19:00,1019.00,266.15
2024/11/08 07:19:00,1020.00,264.83
2024/11/08 07:19:00,1021.00,264.28
2024/11/08 07:19:00,1022.00,265.33
2024/11/08 07:19:00,1023.00,264.20
2024/11/08 07:19:00,1024.00,264.26
2024/11/08 07:19:00,1025.00,264.12
2024/11/08 07:19:00,1026.00,263.79
2024/11/08 07:19:00,1027.00,262.12
2024/11/08 07:19:00,1028.00,259.94
2024/11/08 07:19:00,1029.00,259.24
2024/11/08 07:19:00,1030.00,257.50
2024/11/08 07:19:00,1031.00,256.03
2024/11/08 07:19:00,1032.00,257.19
2024/11/08 07:19:00,1033.00,256.97
2024/11/08 07:19:00,1034.00,255.90
2024/11/08 07:19:00,1035.00,255.43
2024/11/08 07:19:00,1036.00,254.87
2024/11/08 07:19:00,1037.00,254.66
2024/11/08 07:19:00,1038.00,252.97
2024/11/08 07:19:00,1039.00,253.95
2024/11/08 07:19:00,1040.00,254.23
2024/11/08 07:19:00,1041.00,252.44
2024/11/08 07:19:00,1042.00,253.40
2024/11/08 07:19:00,1043.00,254.00
2024/11/08 07:19:00,1044.00,251.65
2024/11/08 07:19:00,1045.00,250.28
2024/11/08 07:19:00,1046.00,250.21
2024/11/08 07:19:00,1047.00,249.14
2024/11/08 07:19:00,1048.00,247.79
2024/11/08 07:19:00,1049.00,247.66
2024/11/08 07:19:00,1050.00,247.30
2024/11/08 07:19:00,1051.00,247.40
2024/11/08 07:19:00,1052.00,247.83
2024/11/08 07:19:00,1053.00,246.90
2024/11/08 07:19:00,1054.00,244.74
2024/11/08 07:19:00,1055.00,245.63
2024/11/08 07:19:00,1056.00,246.30
2024/11/08 07:19:00,1057.00,246.85
2024/11/08 07:19:00,1058.00,245.40
2024/11/08 07:19:00,1059.00,246.98
2024/11/08 07:19:00,1060.00,246.52
2024/11/08 07:19:00,1061.00,242.46
2024/11/08 07:19:00,1062.00,239.80
2024/11/08 07:19:00,1063.00,239.37
2024/11/08 07:19:00,1064.00,236.23
2024/11/08 07:19:00,1065.00,236.81
2024/11/08 07:19:00,1066.00,238.78
2024/11/08 07:19:00,1067.00,237.67
2024/11/08 07:19:00,1068.00,238.16
2024/11/08 07:19:00,1069.00,238.75
2024/11/08 07:19:00,1070.00,237.28
2024/11/08 07:19:00,1071.00,237.00
2024/11/08 07:19:00,1072.00,233.52
2024/11/08 07:19:00,1073.00,234.59
2024/11/08 07:19:00,1074.00,234.42
2024/11/08 07:19:00,1075.00,231.97
2024/11/08 07:19:00,1076.00,235.11
2024/11/08 07:19:00,1077.00,234.50
2024/11/08 07:19:00,1078.00,234.83
2024/11/08 07:19:00,1079.00,233.60
2024/11/08 07:19:00,1080.00,233.55
2024/11/08 07:19:00,1081.00,232.69
2024/11/08 07:19:00,1082.00,230.53
2024/11/08 07:19:00,1083.00,230.60
2024/11/08 07:19:00,1084.00,229.43
2024/11/08 07:19:00,1085.00,224.71
2024/11/08 07:19:00,1086.00,229.67
2024/11/08 07:19:00,1087.00,229.42
2024/11/08 07:19:00,1088.00,228.33
2024/11/08 07:19:00,1089.00,235.60
2024/11/08 07:19:00,1090.00,233.96
2024/11/08 07:19:00,1091.00,232.67
2024/11/08 07:19:00,1092.00,229.51
2024/11/08 07:19:00,1093.00,227.84
2024/11/08 07:19:00,1094.00,222.63
2024/11/08 07:19:00,1095.00,216.01
2024/11/08 07:19:00,1096.00,219.03
2024/11/08 07:19:00,1097.00,220.79
2024/11/08 07:19:00,1098.00,216.11
2024/11/08 07:19:00,1099.00,224.11
2024/11/08 07:19:00,1100.00,225.90
2024/11/08 07:20:00,Wavelength(nm),Irradiance(W/m2/um)
2024/11/08 07:20:00,300.00,7.52
2024/11/08 07:20:00,301.00,8.16
2024/11/08 07:20:00,302.00,8.93
2024/11/08 07:20:00,303.00,10.01
2024/11/08 07:20:00,304.00,11.42
2024/11/08 07:20:00,305.00,13.01
2024/11/08 07:20:00,306.00,14.55
2024/11/08 07:20:00,307.00,16.76
2024/11/08 07:20:00,308.00,19.66
2024/11/08 07:20:00,309.00,23.08
2024/11/08 07:20:00,310.00,26.98
2024/11/08 07:20:00,311.00,31.47
2024/11/08 07:20:00,312.00,36.39
2024/11/08 07:20:00,313.00,41.79
2024/11/08 07:20:00,314.00,47.59
2024/11/08 07:20:00,315.00,54.01
2024/11/08 07:20:00,316.00,61.04
2024/11/08 07:20:00,317.00,68.32
2024/11/08 07:20:00,318.00,75.27
2024/11/08 07:20:00,319.00,81.77
2024/11/08 07:20:00,320.00,88.32
2024/11/08 07:20:00,321.00,94.91
2024/11/08 07:20:00,322.00,102.83
2024/11/08 07:20:00,323.00,112.33
2024/11/08 07:20:00,324.00,122.57
2024/11/08 07:20:00,325.00,133.31
2024/11/08 07:20:00,326.00,145.15
2024/11/08 07:20:00,327.00,155.97
2024/11/08 07:20:00,328.00,164.54
2024/11/08 07:20:00,329.00,172.13
2024/11/08 07:20:00,330.00,178.60
2024/11/08 07:20:00,331.00,182.65
2024/11/08 07:20:00,332.00,185.12
2024/11/08 07:20:00,333.00,186.23
2024/11/08 07:20:00,334.00,186.69
2024/11/08 07:20:00,335.00,187.15
2024/11/08 07:20:00,336.00,188.78
2024/11/08 07:20:00,337.00,190.78
2024/11/08 07:20:00,338.00,194.64
2024/11/08 07:20:00,339.00,198.89
2024/11/08 07:20:00,340.00,202.71
2024/11/08 07:20:00,341.00,204.50
2024/11/08 07:20:00,342.00,205.28
2024/11/08 07:20:00,343.00,205.79
2024/11/08 07:20:00,344.00,206.03
2024/11/08 07:20:00,345.00,205.91
2024/11/08 07:20:00,346.00,206.93
2024/11/08 07:20:00,347.00,209.61
2024/11/08 07:20:00,348.00,213.02
2024/11/08 07:20:00,349.00,216.20
2024/11/08 07:20:00,350.00,219.84
2024/11/08 07:20:00,351.00,225.33
2024/11/08 07:20:00,352.00,230.25
2024/11/08 07:20:00,353.00,233.32
2024/11/08 07:20:00,354.00,233.55
2024/11/08 07:20:00,355.00,230.90
2024/11/08 07:20:00,356.00,227.02
2024/11/08 07:20:00,357.00,223.46
2024/11/08 07:20:00,358.00,220.30
2024/11/08 07:20:00,359.00,220.72
2024/11/08 07:20:00,360.00,225.50
2024/11/08 07:20:00,361.00,230.76
2024/11/08 07:20:00,362.00,237.80
2024/11/08 07:20:00,363.00,248.23
2024/11/08 07:20:00,364.00,259.64
2024/11/08 07:20:00,365.00,269.33
2024/11/08 07:20:00,366.00,277.62
2024/11/08 07:20:00,367.00,283.82
2024/11/08 07:20:00,368.00,286.50
2024/11/08 07:20:00,369.00,285.68
2024/11/08 07:20:00,370.00,281.64
2024/11/08 07:20:00,371.00,274.59
2024/11/08 07:20:00,372.00,267.48
2024/11/08 07:20:00,373.00,262.99
2024/11/08 07:20:00,374.00,263.80
2024/11/08 07:20:00,375.00,271.09
2024/11/08 07:20:00,376.00,281.24
2024/11/08 07:20:00,377.00,290.81
2024/11/08 07:20:00,378.00,297.35
2024/11/08 07:20:00,379.00,295.46
2024/11/08 07:20:00,380.00,283.20
2024/11/08 07:20:00,381.00,269.35
2024/11/08 07:20:00,382.00,258.06
2024/11/08 07:20:00,383.00,249.69
2024/11/08 07:20:00,384.00,246.92
2024/11/08 07:20:00,385.00,251.73
2024/11/08 07:20:00,386.00,260.03
2024/11/08 07:20:00,387.00,270.43
2024/11/08 07:20:00,388.00,282.91
2024/11/08 07:20:00,389.00,293.19
2024/11/08 07:20:00,390.00,294.80
2024/11/08 07:20:00,391.00,290.35
2024/11/08 07:20:00,392.00,286.53
2024/11/08 07:20:00,393.00,279.32
2024/11/08 07:20:00,394.00,270.70
2024/11/08 07:20:00,395.00,275.66
2024/11/08 07:20:00,396.00,296.41
2024/11/08 07:20:00,397.00,320.85
2024/11/08 07:20:00,398.00,350.17
2024/11/08 07:20:00,399.00,385.72
2024/11/08 07:20:00,400.00,417.48
2024/11/08 07:20:00,401.00,437.77
2024/11/08 07:20:00,402.00,449.01
2024/11/08 07:20:00,403.00,451.83
2024/11/08 07:20:00,404.00,449.94
2024/11/08 07:20:00,405.00,447.72
2024/11/08 07:20:00,406.00,447.74
2024/11/08 07:20:00,407.00,448.44
2024/11/08 07:20:00,408.00,451.31
2024/11/08 07:20:00,409.00,457.28
2024/11/08 07:20:00,410.00,464.01
2024/11/08 07:20:00,411.00,469.85
2024/11/08 07:20:00,412.00,475.51
2024/11/08 07:20:00,413.00,482.19
2024/11/08 07:20:00,414.00,486.68
2024/11/08 07:20:00,415.00,487.77
2024/11/08 07:20:00,416.00,486.89
2024/11/08 07:20:00,417.00,486.98
2024/11/08 07:20:00,418.00,487.40
2024/11/08 07:20:00,419.00,487.92
2024/11/08 07:20:00,420.00,488.73
2024/11/08 07:20:00,421.00,490.48
2024/11/08 07:20:00,422.00,491.28
2024/11/08 07:20:00,423.00,491.15
2024/11/08 07:20:00,424.00,489.11
2024/11/08 07:20:00,425.00,486.52
2024/11/08 07:20:00,426.00,482.51
2024/11/08 07:20:00,427.00,472.88
2024/11/08 07:20:00,428.00,459.55
2024/11/08 07:20:00,429.00,452.42
2024/11/08 07:20:00,430.00,452.71
2024/11/08 07:20:00,431.00,457.80
2024/11/08 07:20:00,432.00,471.03
2024/11/08 07:20:00,433.00,491.17
2024/11/08 07:20:00,434.00,509.55
2024/11/08 07:20:00,435.00,519.62
2024/11/08 07:20:00,436.00,524.82
2024/11/08 07:20:00,437.00,528.79
2024/11/08 07:20:00,438.00,532.13
2024/11/08 07:20:00,439.00,535.84
2024/11/08 07:20:00,440.00,544.05
2024/11/08 07:20:00,441.00,556.33
2024/11/08 07:20:00,442.00,567.08
2024/11/08 07:20:00,443.00,575.17
2024/11/08 07:20:00,444.00,581.25
2024/11/08 07:20:00,445.00,585.46
2024/11/08 07:20:00,446.00,590.07
2024/11/08 07:20:00,447.00,598.47
2024/11/08 07:20:00,448.00,609.81
2024/11/08 07:20:00,449.00,619.41
2024/11/08 07:20:00,450.00,624.42
2024/11/08 07:20:00,451.00,626.81
2024/11/08 07:20:00,452.00,626.37
2024/11/08 07:20:00,453.00,624.57
2024/11/08 07:20:00,454.00,625.72
2024/11/08 07:20:00,455.00,628.65
2024/11/08 07:20:00,456.00,632.24
2024/11/08 07:20:00,457.00,636.09
2024/11/08 07:20:00,458.00,639.25
2024/11/08 07:20:00,459.00,642.71
2024/11/08 07:20:00,460.00,646.29
2024/11/08 07:20:00,461.00,649.69
2024/11/08 07:20:00,462.00,652.12
2024/11/08 07:20:00,463.00,651.94
2024/11/08 07:20:00,464.00,648.57
2024/11/08 07:20:00,465.00,645.68
2024/11/08 07:20:00,466.00,642.31
2024/11/08 07:20:00,467.00,638.72
2024/11/08 07:20:00,468.00,637.53
2024/11/08 07:20:00,469.00,638.54
2024/11/08 07:20:00,470.00,638.79
2024/11/08 07:20:00,471.00,640.21
2024/11/08 07:20:00,472.00,643.28
2024/11/08 07:20:00,473.00,645.48
2024/11/08 07:20:00,474.00,646.59
2024/11/08 07:20:00,475.00,646.90
2024/11/08 07:20:00,476.00,648.78
2024/11/08 07:20:00,477.00,651.79
2024/11/08 07:20:00,478.00,654.47
2024/11/08 07:20:00,479.00,657.53
2024/11/08 07:20:00,480.00,661.49
2024/11/08 07:20:00,481.00,660.79
2024/11/08 07:20:00,482.00,655.30
2024/11/08 07:20:00,483.00,645.57
2024/11/08 07:20:00,484.00,631.69
2024/11/08 07:20:00,485.00,618.67
2024/11/08 07:20:00,486.00,611.72
2024/11/08 07:20:00,487.00,610.25
2024/11/08 07:20:00,488.00,615.61
2024/11/08 07:20:00,489.00,623.68
2024/11/08 07:20:00,490.00,629.62
2024/11/08 07:20:00,491.00,635.39
2024/11/08 07:20:00,492.00,638.61
2024/11/08 07:20:00,493.00,639.64
2024/11/08 07:20:00,494.00,642.05
2024/11/08 07:20:00,495.00,645.46
2024/11/08 07:20:00,496.00,644.10
2024/11/08 07:20:00,497.00,641.07
2024/11/08 07:20:00,498.00,636.84
2024/11/08 07:20:00,499.00,631.78
2024/11/08 07:20:00,500.00,626.09
2024/11/08 07:20:00,501.00,622.31
2024/11/08 07:20:00,502.00,622.65
2024/11/08 07:20:00,503.00,623.83
2024/11/08 07:20:00,504.00,626.94
2024/11/08 07:20:00,505.00,631.03
2024/11/08 07:20:00,506.00,633.23
2024/11/08 07:20:00,507.00,634.30
2024/11/08 07:20:00,508.00,635.12
2024/11/08 07:20:00,509.00,634.11
2024/11/08 07:20:00,510.00,633.25
2024/11/08 07:20:00,511.00,630.74
2024/11/08 07:20:00,512.00,627.09
2024/11/08 07:20:00,513.00,622.41
2024/11/08 07:20:00,514.00,612.55
2024/11/08 07:20:00,515.00,599.61
2024/11/08 07:20:00,516.00,591.97
2024/11/08 07:20:00,517.00,586.17
2024/11/08 07:20:00,518.00,583.54
2024/11/08 07:20:00,519.00,587.85
2024/11/08 07:20:00,520.00,594.98
2024/11/08 07:20:00,521.00,603.20
2024/11/08 07:20:00,522.00,610.51
2024/11/08 07:20:00,523.00,612.97
2024/11/08 07:20:00,524.00,611.32
2024/11/08 07:20:00,525.00,610.75
2024/11/08 07:20:00,526.00,609.07
2024/11/08 07:20:00,527.00,609.18
2024/11/08 07:20:00,528.00,612.63
2024/11/08 07:20:00,529.00,616.69
2024/11/08 07:20:00,530.00,620.03
2024/11/08 07:20:00,531.00,621.93
2024/11/08 07:20:00,532.00,621.68
2024/11/08 07:20:00,533.00,620.28
2024/11/08 07:20:00,534.00,620.12
2024/11/08 07:20:00,535.00,621.27
2024/11/08 07:20:00,536.00,620.86
2024/11/08 07:20:00,537.00,618.30
2024/11/08 07:20:00,538.00,615.73
2024/11/08 07:20:00,539.00,613.19
2024/11/08 07:20:00,540.00,610.33
2024/11/08 07:20:00,541.00,608.40
2024/11/08 07:20:00,542.00,609.57
2024/11/08 07:20:00,543.00,609.62
2024/11/08 07:20:00,544.00,610.89
2024/11/08 07:20:00,545.00,611.60
2024/11/08 07:20:00,546.00,612.22
2024/11/08 07:20:00,547.00,611.77
2024/11/08 07:20:00,548.00,611.52
2024/11/08 07:20:00,549.00,611.98
2024/11/08 07:20:00,550.00,612.43
2024/11/08 07:20:00,551.00,612.57
2024/11/08 07:20:00,552.00,613.02
2024/11/08 07:20:00,553.00,613.75
2024/11/08 07:20:00,554.00,611.22
2024/11/08 07:20:00,555.00,607.65
2024/11/08 07:20:00,556.00,604.15
2024/11/08 07:20:00,557.00,598.94
2024/11/08 07:20:00,558.00,595.14
2024/11/08 07:20:00,559.00,593.54
2024/11/08 07:20:00,560.00,592.28
2024/11/08 07:20:00,561.00,593.20
2024/11/08 07:20:00,562.00,593.34
2024/11/08 07:20:00,563.00,591.94
2024/11/08 07:20:00,564.00,592.77
2024/11/08 07:20:00,565.00,592.23
2024/11/08 07:20:00,566.00,587.88
2024/11/08 07:20:00,567.00,586.65
2024/11/08 07:20:00,568.00,585.18
2024/11/08 07:20:00,569.00,581.84
2024/11/08 07:20:00,570.00,580.88
2024/11/08 07:20:00,571.00,581.21
2024/11/08 07:20:00,572.00,580.36
2024/11/08 07:20:00,573.00,579.56
2024/11/08 07:20:00,574.00,578.17
2024/11/08 07:20:00,575.00,577.08
2024/11/08 07:20:00,576.00,575.41
2024/11/08 07:20:00,577.00,574.73
2024/11/08 07:20:00,578.00,575.55
2024/11/08 07:20:00,579.00,577.59
2024/11/08 07:20:00,580.00,579.91
2024/11/08 07:20:00,581.00,582.51
2024/11/08 07:20:00,582.00,585.33
2024/11/08 07:20:00,583.00,587.46
2024/11/08 07:20:00,584.00,588.42
2024/11/08 07:20:00,585.00,586.08
2024/11/08 07:20:00,586.00,583.10
2024/11/08 07:20:00,587.00,578.52
2024/11/08 07:20:00,588.00,573.88
2024/11/08 07:20:00,589.00,571.54
2024/11/08 07:20:00,590.00,570.63
2024/11/08 07:20:00,591.00,569.93
2024/11/08 07:20:00,592.00,572.05
2024/11/08 07:20:00,593.00,574.15
2024/11/08 07:20:00,594.00,573.83
2024/11/08 07:20:00,595.00,573.85
2024/11/08 07:20:00,596.00,573.83
2024/11/08 07:20:00,597.00,572.50
2024/11/08 07:20:00,598.00,570.85
2024/11/08 07:20:00,599.00,568.26
2024/11/08 07:20:00,600.00,567.62
2024/11/08 07:20:00,601.00,567.25
2024/11/08 07:20:00,602.00,566.75
2024/11/08 07:20:00,603.00,567.86
2024/11/08 07:20:00,604.00,568.93
2024/11/08 07:20:00,605.00,568.03
2024/11/08 07:20:00,606.00,567.49
2024/11/08 07:20:00,607.00,567.43
2024/11/08 07:20:00,608.00,564.77
2024/11/08 07:20:00,609.00,563.12
2024/11/08 07:20:00,610.00,561.45
2024/11/08 07:20:00,611.00,559.50
2024/11/08 07:20:00,612.00,557.66
2024/11/08 07:20:00,613.00,555.80
2024/11/08 07:20:00,614.00,554.06
2024/11/08 07:20:00,615.00,554.05
2024/11/08 07:20:00,616.00,553.53
2024/11/08 07:20:00,617.00,553.90
2024/11/08 07:20:00,618.00,555.26
2024/11/08 07:20:00,619.00,555.79
2024/11/08 07:20:00,620.00,555.30
2024/11/08 07:20:00,621.00,554.56
2024/11/08 07:20:00,622.00,552.57
2024/11/08 07:20:00,623.00,550.99
2024/11/08 07:20:00,624.00,548.92
2024/11/08 07:20:00,625.00,546.36
2024/11/08 07:20:00,626.00,543.11
2024/11/08 07:20:00,627.00,540.51
2024/11/08 07:20:00,628.00,537.83
2024/11/08 07:20:00,629.00,536.69
2024/11/08 07:20:00,630.00,536.53
2024/11/08 07:20:00,631.00,536.89
2024/11/08 07:20:00,632.00,538.21
2024/11/08 07:20:00,633.00,539.24
2024/11/08 07:20:00,634.00,540.55
2024/11/08 07:20:00,635.00,543.17
2024/11/08 07:20:00,636.00,545.40
2024/11/08 07:20:00,637.00,546.72
2024/11/08 07:20:00,638.00,548.22
2024/11/08 07:20:00,639.00,548.96
2024/11/08 07:20:00,640.00,549.58
2024/11/08 07:20:00,641.00,549.68
2024/11/08 07:20:00,642.00,550.35
2024/11/08 07:20:00,643.00,550.27
2024/11/08 07:20:00,644.00,549.39
2024/11/08 07:20:00,645.00,547.86
2024/11/08 07:20:00,646.00,546.74
2024/11/08 07:20:00,647.00,545.86
2024/11/08 07:20:00,648.00,545.31
2024/11/08 07:20:00,649.00,545.44
2024/11/08 07:20:00,650.00,545.13
2024/11/08 07:20:00,651.00,545.00
2024/11/08 07:20:00,652.00,542.04
2024/11/08 07:20:00,653.00,535.95
2024/11/08 07:20:00,654.00,530.12
2024/11/08 07:20:00,655.00,525.74
2024/11/08 07:20:00,656.00,522.75
2024/11/08 07:20:00,657.00,523.58
2024/11/08 07:20:00,658.00,527.79
2024/11/08 07:20:00,659.00,531.52
2024/11/08 07:20:00,660.00,534.54
2024/11/08 07:20:00,661.00,537.40
2024/11/08 07:20:00,662.00,539.06
2024/11/08 07:20:00,663.00,541.40
2024/11/08 07:20:00,664.00,543.36
2024/11/08 07:20:00,665.00,545.96
2024/11/08 07:20:00,666.00,546.23
2024/11/08 07:20:00,667.00,547.15
2024/11/08 07:20:00,668.00,547.39
2024/11/08 07:20:00,669.00,547.00
2024/11/08 07:20:00,670.00,546.12
2024/11/08 07:20:00,671.00,545.86
2024/11/08 07:20:00,672.00,544.80
2024/11/08 07:20:00,673.00,544.44
2024/11/08 07:20:00,674.00,544.71
2024/11/08 07:20:00,675.00,544.58
2024/11/08 07:20:00,676.00,544.72
2024/11/08 07:20:00,677.00,544.71
2024/11/08 07:20:00,678.00,544.27
2024/11/08 07:20:00,679.00,543.85
2024/11/08 07:20:00,680.00,542.83
2024/11/08 07:20:00,681.00,541.28
2024/11/08 07:20:00,682.00,539.38
2024/11/08 07:20:00,683.00,532.97
2024/11/08 07:20:00,684.00,521.14
2024/11/08 07:20:00,685.00,505.66
2024/11/08 07:20:00,686.00,491.30
2024/11/08 07:20:00,687.00,476.93
2024/11/08 07:20:00,688.00,466.64
2024/11/08 07:20:00,689.00,464.98
2024/11/08 07:20:00,690.00,470.23
2024/11/08 07:20:00,691.00,477.54
2024/11/08 07:20:00,692.00,484.34
2024/11/08 07:20:00,693.00,492.45
2024/11/08 07:20:00,694.00,498.73
2024/11/08 07:20:00,695.00,502.61
2024/11/08 07:20:00,696.00,504.92
2024/11/08 07:20:00,697.00,508.77
2024/11/08 07:20:00,698.00,510.37
2024/11/08 07:20:00,699.00,510.77
2024/11/08 07:20:00,700.00,510.83
2024/11/08 07:20:00,701.00,510.84
2024/11/08 07:20:00,702.00,510.26
2024/11/08 07:20:00,703.00,510.72
2024/11/08 07:20:00,704.00,511.05
2024/11/08 07:20:00,705.00,512.16
2024/11/08 07:20:00,706.00,512.31
2024/11/08 07:20:00,707.00,512.40
2024/11/08 07:20:00,708.00,512.21
2024/11/08 07:20:00,709.00,512.60
2024/11/08 07:20:00,710.00,512.82
2024/11/08 07:20:00,711.00,512.67
2024/11/08 07:20:00,712.00,510.75
2024/11/08 07:20:00,713.00,509.25
2024/11/08 07:20:00,714.00,505.58
2024/11/08 07:20:00,715.00,499.16
2024/11/08 07:20:00,716.00,491.60
2024/11/08 07:20:00,717.00,482.94
2024/11/08 07:20:00,718.00,475.55
2024/11/08 07:20:00,719.00,470.59
2024/11/08 07:20:00,720.00,467.94
2024/11/08 07:20:00,721.00,467.11
2024/11/08 07:20:00,722.00,467.51
2024/11/08 07:20:00,723.00,467.18
2024/11/08 07:20:00,724.00,465.71
2024/11/08 07:20:00,725.00,465.90
2024/11/08 07:20:00,726.00,465.53
2024/11/08 07:20:00,727.00,466.51
2024/11/08 07:20:00,728.00,467.15
2024/11/08 07:20:00,729.00,468.70
2024/11/08 07:20:00,730.00,470.07
2024/11/08 07:20:00,731.00,472.84
2024/11/08 07:20:00,732.00,475.27
2024/11/08 07:20:00,733.00,478.42
2024/11/08 07:20:00,734.00,481.37
2024/11/08 07:20:00,735.00,483.31
2024/11/08 07:20:00,736.00,483.07
2024/11/08 07:20:00,737.00,482.53
2024/11/08 07:20:00,738.00,482.02
2024/11/08 07:20:00,739.00,481.53
2024/11/08 07:20:00,740.00,480.00
2024/11/08 07:20:00,741.00,479.75
2024/11/08 07:20:00,742.00,478.58
2024/11/08 07:20:00,743.00,477.24
2024/11/08 07:20:00,744.00,476.75
2024/11/08 07:20:00,745.00,476.33
2024/11/08 07:20:00,746.00,474.87
2024/11/08 07:20:00,747.00,474.14
2024/11/08 07:20:00,748.00,474.81
2024/11/08 07:20:00,749.00,476.59
2024/11/08 07:20:00,750.00,476.91
2024/11/08 07:20:00,751.00,475.54
2024/11/08 07:20:00,752.00,476.38
2024/11/08 07:20:00,753.00,474.23
2024/11/08 07:20:00,754.00,471.05
2024/11/08 07:20:00,755.00,468.01
2024/11/08 07:20:00,756.00,457.87
2024/11/08 07:20:00,757.00,432.17
2024/11/08 07:20:00,758.00,398.20
2024/11/08 07:20:00,759.00,360.92
2024/11/08 07:20:00,760.00,321.92
2024/11/08 07:20:00,761.00,291.63
2024/11/08 07:20:00,762.00,277.13
2024/11/08 07:20:00,763.00,277.16
2024/11/08 07:20:00,764.00,284.45
2024/11/08 07:20:00,765.00,299.09
2024/11/08 07:20:00,766.00,319.16
2024/11/08 07:20:00,767.00,340.63
2024/11/08 07:20:00,768.00,360.73
2024/11/08 07:20:00,769.00,379.76
2024/11/08 07:20:00,770.00,396.60
2024/11/08 07:20:00,771.00,410.65
2024/11/08 07:20:00,772.00,420.11
2024/11/08 07:20:00,773.00,428.73
2024/11/08 07:20:00,774.00,434.48
2024/11/08 07:20:00,775.00,437.40
2024/11/08 07:20:00,776.00,439.18
2024/11/08 07:20:00,777.00,439.88
2024/11/08 07:20:00,778.00,441.18
2024/11/08 07:20:00,779.00,442.50
2024/11/08 07:20:00,780.00,442.82
2024/11/08 07:20:00,781.00,443.93
2024/11/08 07:20:00,782.00,446.68
2024/11/08 07:20:00,783.00,446.21
2024/11/08 07:20:00,784.00,446.21
2024/11/08 07:20:00,785.00,445.31
2024/11/08 07:20:00,786.00,443.68
2024/11/08 07:20:00,787.00,441.58
2024/11/08 07:20:00,788.00,441.46
2024/11/08 07:20:00,789.00,439.34
2024/11/08 07:20:00,790.00,438.40
2024/11/08 07:20:00,791.00,436.22
2024/11/08 07:20:00,792.00,434.81
2024/11/08 07:20:00,793.00,433.70
2024/11/08 07:20:00,794.00,432.39
2024/11/08 07:20:00,795.00,430.31
2024/11/08 07:20:00,796.00,429.75
2024/11/08 07:20:00,797.00,426.75
2024/11/08 07:20:00,798.00,426.78
2024/11/08 07:20:00,799.00,427.14
2024/11/08 07:20:00,800.00,428.06
2024/11/08 07:20:00,801.00,432.11
2024/11/08 07:20:00,802.00,432.67
2024/11/08 07:20:00,803.00,434.07
2024/11/08 07:20:00,804.00,434.61
2024/11/08 07:20:00,805.00,435.71
2024/11/08 07:20:00,806.00,434.59
2024/11/08 07:20:00,807.00,433.34
2024/11/08 07:20:00,808.00,430.80
2024/11/08 07:20:00,809.00,428.99
2024/11/08 07:20:00,810.00,424.32
2024/11/08 07:20:00,811.00,419.94
2024/11/08 07:20:00,812.00,417.51
2024/11/08 07:20:00,813.00,413.25
2024/11/08 07:20:00,814.00,406.27
2024/11/08 07:20:00,815.00,403.31
2024/11/08 07:20:00,816.00,399.35
2024/11/08 07:20:00,817.00,396.66
2024/11/08 07:20:00,818.00,394.67
2024/11/08 07:20:00,819.00,396.93
2024/11/08 07:20:00,820.00,396.20
2024/11/08 07:20:00,821.00,395.46
2024/11/08 07:20:00,822.00,396.67
2024/11/08 07:20:00,823.00,398.95
2024/11/08 07:20:00,824.00,402.67
2024/11/08 07:20:00,825.00,403.72
2024/11/08 07:20:00,826.00,408.37
2024/11/08 07:20:00,827.00,406.95
2024/11/08 07:20:00,828.00,405.84
2024/11/08 07:20:00,829.00,403.45
2024/11/08 07:20:00,830.00,402.70
2024/11/08 07:20:00,831.00,401.93
2024/11/08 07:20:00,832.00,401.00
2024/11/08 07:20:00,833.00,399.67
2024/11/08 07:20:00,834.00,401.63
2024/11/08 07:20:00,835.00,398.75
2024/11/08 07:20:00,836.00,397.88
2024/11/08 07:20:00,837.00,397.76
2024/11/08 07:20:00,838.00,397.65
2024/11/08 07:20:00,839.00,396.12
2024/11/08 07:20:00,840.00,396.87
2024/11/08 07:20:00,841.00,396.84
2024/11/08 07:20:00,842.00,397.02
2024/11/08 07:20:00,843.00,396.34
2024/11/08 07:20:00,844.00,394.57
2024/11/08 07:20:00,845.00,392.60
2024/11/08 07:20:00,846.00,388.95
2024/11/08 07:20:00,847.00,386.08
2024/11/08 07:20:00,848.00,383.40
2024/11/08 07:20:00,849.00,379.99
2024/11/08 07:20:00,850.00,377.40
2024/11/08 07:20:00,851.00,374.06
2024/11/08 07:20:00,852.00,369.18
2024/11/08 07:20:00,853.00,367.03
2024/11/08 07:20:00,854.00,365.84
2024/11/08 07:20:00,855.00,366.59
2024/11/08 07:20:00,856.00,369.92
2024/11/08 07:20:00,857.00,373.09
2024/11/08 07:20:00,858.00,374.46
2024/11/08 07:20:00,859.00,375.58
2024/11/08 07:20:00,860.00,375.07
2024/11/08 07:20:00,861.00,375.27
2024/11/08 07:20:00,862.00,373.49
2024/11/08 07:20:00,863.00,369.45
2024/11/08 07:20:00,864.00,366.44
2024/11/08 07:20:00,865.00,363.89
2024/11/08 07:20:00,866.00,361.92
2024/11/08 07:20:00,867.00,362.63
2024/11/08 07:20:00,868.00,364.17
2024/11/08 07:20:00,869.00,366.40
2024/11/08 07:20:00,870.00,366.30
2024/11/08 07:20:00,871.00,365.08
2024/11/08 07:20:00,872.00,364.49
2024/11/08 07:20:00,873.00,362.43
2024/11/08 07:20:00,874.00,361.77
2024/11/08 07:20:00,875.00,363.09
2024/11/08 07:20:00,876.00,363.46
2024/11/08 07:20:00,877.00,363.22
2024/11/08 07:20:00,878.00,364.89
2024/11/08 07:20:00,879.00,364.06
2024/11/08 07:20:00,880.00,362.99
2024/11/08 07:20:00,881.00,362.74
2024/11/08 07:20:00,882.00,362.39
2024/11/08 07:20:00,883.00,361.38
2024/11/08 07:20:00,884.00,359.56
2024/11/08 07:20:00,885.00,358.86
2024/11/08 07:20:00,886.00,358.42
2024/11/08 07:20:00,887.00,357.24
2024/11/08 07:20:00,888.00,357.24
2024/11/08 07:20:00,889.00,357.50
2024/11/08 07:20:00,890.00,355.69
2024/11/08 07:20:00,891.00,353.78
2024/11/08 07:20:00,892.00,351.33
2024/11/08 07:20:00,893.00,346.85
2024/11/08 07:20:00,894.00,340.61
2024/11/08 07:20:00,895.00,334.21
2024/11/08 07:20:00,896.00,327.99
2024/11/08 07:20:00,897.00,320.11
2024/11/08 07:20:00,898.00,314.13
2024/11/08 07:20:00,899.00,309.75
2024/11/08 07:20:00,900.00,307.84
2024/11/08 07:20:00,901.00,307.42
2024/11/08 07:20:00,902.00,310.47
2024/11/08 07:20:00,903.00,311.62
2024/11/08 07:20:00,904.00,312.27
2024/11/08 07:20:00,905.00,311.38
2024/11/08 07:20:00,906.00,308.25
2024/11/08 07:20:00,907.00,304.92
2024/11/08 07:20:00,908.00,302.34
2024/11/08 07:20:00,909.00,300.43
2024/11/08 07:20:00,910.00,299.35
2024/11/08 07:20:00,911.00,296.84
2024/11/08 07:20:00,912.00,297.24
2024/11/08 07:20:00,913.00,296.15
2024/11/08 07:20:00,914.00,294.57
2024/11/08 07:20:00,915.00,294.77
2024/11/08 07:20:00,916.00,295.86
2024/11/08 07:20:00,917.00,296.56
2024/11/08 07:20:00,918.00,298.52
2024/11/08 07:20:00,919.00,300.30
2024/11/08 07:20:00,920.00,300.95
2024/11/08 07:20:00,921.00,300.72
2024/11/08 07:20:00,922.00,300.69
2024/11/08 07:20:00,923.00,300.71
2024/11/08 07:20:00,924.00,299.65
2024/11/08 07:20:00,925.00,297.31
2024/11/08 07:20:00,926.00,294.24
2024/11/08 07:20:00,927.00,287.53
2024/11/08 07:20:00,928.00,278.05
2024/11/08 07:20:00,929.00,265.71
2024/11/08 07:20:00,930.00,250.84
2024/11/08 07:20:00,931.00,234.97
2024/11/08 07:20:00,932.00,219.11
2024/11/08 07:20:00,933.00,206.94
2024/11/08 07:20:00,934.00,197.24
2024/11/08 07:20:00,935.00,190.58
2024/11/08 07:20:00,936.00,190.26
2024/11/08 07:20:00,937.00,191.82
2024/11/08 07:20:00,938.00,194.58
2024/11/08 07:20:00,939.00,200.30
2024/11/08 07:20:00,940.00,203.64
2024/11/08 07:20:00,941.00,203.30
2024/11/08 07:20:00,942.00,202.22
2024/11/08 07:20:00,943.00,200.62
2024/11/08 07:20:00,944.00,198.86
2024/11/08 07:20:00,945.00,197.50
2024/11/08 07:20:00,946.00,198.11
2024/11/08 07:20:00,947.00,200.06
2024/11/08 07:20:00,948.00,200.45
2024/11/08 07:20:00,949.00,201.72
2024/11/08 07:20:00,950.00,204.70
2024/11/08 07:20:00,951.00,205.62
2024/11/08 07:20:00,952.00,206.59
2024/11/08 07:20:00,953.00,208.84
2024/11/08 07:20:00,954.00,209.83
2024/11/08 07:20:00,955.00,211.98
2024/11/08 07:20:00,956.00,214.24
2024/11/08 07:20:00,957.00,217.55
2024/11/08 07:20:00,958.00,221.28
2024/11/08 07:20:00,959.00,223.38
2024/11/08 07:20:00,960.00,227.06
2024/11/08 07:20:00,961.00,230.38
2024/11/08 07:20:00,962.00,231.88
2024/11/08 07:20:00,963.00,235.30
2024/11/08 07:20:00,964.00,238.25
2024/11/08 07:20:00,965.00,241.71
2024/11/08 07:20:00,966.00,247.55
2024/11/08 07:20:00,967.00,253.03
2024/11/08 07:20:00,968.00,259.24
2024/11/08 07:20:00,969.00,264.17
2024/11/08 07:20:00,970.00,267.11
2024/11/08 07:20:00,971.00,268.29
2024/11/08 07:20:00,972.00,266.93
2024/11/08 07:20:00,973.00,265.42
2024/11/08 07:20:00,974.00,264.97
2024/11/08 07:20:00,975.00,263.68
2024/11/08 07:20:00,976.00,264.06
2024/11/08 07:20:00,977.00,265.86
2024/11/08 07:20:00,978.00,267.16
2024/11/08 07:20:00,979.00,268.27
2024/11/08 07:20:00,980.00,270.39
2024/11/08 07:20:00,981.00,272.63
2024/11/08 07:20:00,982.00,274.54
2024/11/08 07:20:00,983.00,276.18
2024/11/08 07:20:00,984.00,278.72
2024/11/08 07:20:00,985.00,279.39
2024/11/08 07:20:00,986.00,280.07
2024/11/08 07:20:00,987.00,282.56
2024/11/08 07:20:00,988.00,282.67
2024/11/08 07:20:00,989.00,282.91
2024/11/08 07:20:00,990.00,284.02
2024/11/08 07:20:00,991.00,283.07
2024/11/08 07:20:00,992.00,282.55
2024/11/08 07:20:00,993.00,281.85
2024/11/08 07:20:00,994.00,281.36
2024/11/08 07:20:00,995.00,281.39
2024/11/08 07:20:00,996.00,279.90
2024/11/08 07:20:00,997.00,280.12
2024/11/08 07:20:00,998.00,280.56
2024/11/08 07:20:00,999.00,278.52
2024/11/08 07:20:00,1000.00,279.60
2024/11/08 07:20:00,1001.00,279.25
2024/11/08 07:20:00,1002.00,277.42
2024/11/08 07:20:00,1003.00,276.61
2024/11/08 07:20:00,1004.00,274.68
2024/11/08 07:20:00,1005.00,273.24
2024/11/08 07:20:00,1006.00,272.47
2024/11/08 07:20:00,1007.00,272.16
2024/11/08 07:20:00,1008.00,272.06
2024/11/08 07:20:00,1009.00,271.99
2024/11/08 07:20:00,1010.00,272.02
2024/11/08 07:20:00,1011.00,273.07
2024/11/08 07:20:00,1012.00,271.81
2024/11/08 07:20:00,1013.00,272.00
2024/11/08 07:20:00,1014.00,271.64
2024/11/08 07:20:00,1015.00,270.28
2024/11/08 07:20:00,1016.00,269.60
2024/11/08 07:20:00,1017.00,269.59
2024/11/08 07:20:00,1018.00,268.08
2024/11/08 07:20:00,1019.00,267.14
2024/11/08 07:20:00,1020.00,266.71
2024/11/08 07:20:00,1021.00,267.04
2024/11/08 07:20:00,1022.00,265.78
2024/11/08 07:20:00,1023.00,265.80
2024/11/08 07:20:00,1024.00,267.08
2024/11/08 07:20:00,1025.00,264.78
2024/11/08 07:20:00,1026.00,263.53
2024/11/08 07:20:00,1027.00,262.85
2024/11/08 07:20:00,1028.00,259.94
2024/11/08 07:20:00,1029.00,258.97
2024/11/08 07:20:00,1030.00,259.40
2024/11/08 07:20:00,1031.00,260.34
2024/11/08 07:20:00,1032.00,261.74
2024/11/08 07:20:00,1033.00,260.69
2024/11/08 07:20:00,1034.00,261.24
2024/11/08 07:20:00,1035.00,260.68
2024/11/08 07:20:00,1036.00,256.84
2024/11/08 07:20:00,1037.00,258.04
2024/11/08 07:20:00,1038.00,257.42
2024/11/08 07:20:00,1039.00,255.51
2024/11/08 07:20:00,1040.00,257.27
2024/11/08 07:20:00,1041.00,257.76
2024/11/08 07:20:00,1042.00,258.35
2024/11/08 07:20:00,1043.00,258.81
2024/11/08 07:20:00,1044.00,258.62
2024/11/08 07:20:00,1045.00,257.13
2024/11/08 07:20:00,1046.00,253.18
2024/11/08 07:20:00,1047.00,251.43
2024/11/08 07:20:00,1048.00,250.85
2024/11/08 07:20:00,1049.00,246.19
2024/11/08 07:20:00,1050.00,246.52
2024/11/08 07:20:00,1051.00,250.07
2024/11/08 07:20:00,1052.00,247.51
2024/11/08 07:20:00,1053.00,247.88
2024/11/08 07:20:00,1054.00,248.90
2024/11/08 07:20:00,1055.00,248.58
2024/11/08 07:20:00,1056.00,246.80
2024/11/08 07:20:00,1057.00,246.34
2024/11/08 07:20:00,1058.00,248.00
2024/11/08 07:20:00,1059.00,245.15
2024/11/08 07:20:00,1060.00,244.69
2024/11/08 07:20:00,1061.00,247.16
2024/11/08 07:20:00,1062.00,241.89
2024/11/08 07:20:00,1063.00,240.28
2024/11/08 07:20:00,1064.00,240.63
2024/11/08 07:20:00,1065.00,237.89
2024/11/08 07:20:00,1066.00,236.99
2024/11/08 07:20:00,1067.00,240.47
2024/11/08 07:20:00,1068.00,239.16
2024/11/08 07:20:00,1069.00,236.04
2024/11/08 07:20:00,1070.00,236.03
2024/11/08 07:20:00,1071.00,238.42
2024/11/08 07:20:00,1072.00,234.57
2024/11/08 07:20:00,1073.00,236.08
2024/11/08 07:20:00,1074.00,242.55
2024/11/08 07:20:00,1075.00,238.33
2024/11/08 07:20:00,1076.00,238.07
2024/11/08 07:20:00,1077.00,239.68
2024/11/08 07:20:00,1078.00,238.12
2024/11/08 07:20:00,1079.00,234.65
2024/11/08 07:20:00,1080.00,232.71
2024/11/08 07:20:00,1081.00,235.44
2024/11/08 07:20:00,1082.00,232.18
2024/11/08 07:20:00,1083.00,228.93
2024/11/08 07:20:00,1084.00,236.47
2024/11/08 07:20:00,1085.00,235.66
2024/11/08 07:20:00,1086.00,231.76
2024/11/08 07:20:00,1087.00,237.22
2024/11/08 07:20:00,1088.00,232.31
2024/11/08 07:20:00,1089.00,227.42
2024/11/08 07:20:00,1090.00,227.45
2024/11/08 07:20:00,1091.00,227.10
2024/11/08 07:20:00,1092.00,228.23
2024/11/08 07:20:00,1093.00,223.60
2024/11/08 07:20:00,1094.00,230.33
2024/11/08 07:20:00,1095.00,234.86
2024/11/08 07:20:00,1096.00,224.81
2024/11/08 07:20:00,1097.00,229.82
2024/11/08 07:20:00,1098.00,228.60
2024/11/08 07:20:00,1099.00,217.36
2024/11/08 07:20:00,1100.00,220.97
2024/11/08 07:21:00,Wavelength(nm),Irradiance(W/m2/um)
2024/11/08 07:21:00,300.00,7.26
2024/11/08 07:21:00,301.00,8.19
2024/11/08 07:21:00,302.00,9.19
2024/11/08 07:21:00,303.00,10.41
2024/11/08 07:21:00,304.00,11.86
2024/11/08 07:21:00,305.00,13.35
2024/11/08 07:21:00,306.00,14.96
2024/11/08 07:21:00,307.00,17.12
2024/11/08 07:21:00,308.00,19.61
2024/11/08 07:21:00,309.00,22.96
2024/11/08 07:21:00,310.00,27.05
2024/11/08 07:21:00,311.00,31.55
2024/11/08 07:21:00,312.00,36.56
2024/11/08 07:21:00,313.00,42.17
2024/11/08 07:21:00,314.00,48.16
2024/11/08 07:21:00,315.00,54.49
2024/11/08 07:21:00,316.00,61.40
2024/11/08 07:21:00,317.00,68.87
2024/11/08 07:21:00,318.00,75.79
2024/11/08 07:21:00,319.00,82.41
2024/11/08 07:21:00,320.00,89.01
2024/11/08 07:21:00,321.00,96.16
2024/11/08 07:21:00,322.00,104.16
2024/11/08 07:21:00,323.00,113.91
2024/11/08 07:21:00,324.00,124.02
2024/11/08 07:21:00,325.00,134.92
2024/11/08 07:21:00,326.00,146.38
2024/11/08 07:21:00,327.00,156.93
2024/11/08 07:21:00,328.00,165.78
2024/11/08 07:21:00,329.00,173.57
2024/11/08 07:21:00,330.00,179.76
2024/11/08 07:21:00,331.00,183.84
2024/11/08 07:21:00,332.00,186.59
2024/11/08 07:21:00,333.00,187.62
2024/11/08 07:21:00,334.00,187.92
2024/11/08 07:21:00,335.00,188.51
2024/11/08 07:21:00,336.00,190.02
2024/11/08 07:21:00,337.00,192.16
2024/11/08 07:21:00,338.00,195.66
2024/11/08 07:21:00,339.00,199.98
2024/11/08 07:21:00,340.00,203.84
2024/11/08 07:21:00,341.00,205.92
2024/11/08 07:21:00,342.00,206.90
2024/11/08 07:21:00,343.00,207.82
2024/11/08 07:21:00,344.00,208.12
2024/11/08 07:21:00,345.00,208.33
2024/11/08 07:21:00,346.00,209.29
2024/11/08 07:21:00,347.00,211.76
2024/11/08 07:21:00,348.00,214.70
2024/11/08 07:21:00,349.00,217.84
2024/11/08 07:21:00,350.00,221.59
2024/11/08 07:21:00,351.00,226.85
2024/11/08 07:21:00,352.00,231.60
2024/11/08 07:21:00,353.00,234.51
2024/11/08 07:21:00,354.00,234.79
2024/11/08 07:21:00,355.00,231.96
2024/11/08 07:21:00,356.00,227.98
2024/11/08 07:21:00,357.00,224.62
2024/11/08 07:21:00,358.00,222.01
2024/11/08 07:21:00,359.00,222.13
2024/11/08 07:21:00,360.00,227.14
2024/11/08 07:21:00,361.00,232.87
2024/11/08 07:21:00,362.00,239.69
2024/11/08 07:21:00,363.00,250.06
2024/11/08 07:21:00,364.00,261.73
2024/11/08 07:21:00,365.00,270.80
2024/11/08 07:21:00,366.00,279.10
2024/11/08 07:21:00,367.00,285.21
2024/11/08 07:21:00,368.00,288.13
2024/11/08 07:21:00,369.00,287.38
2024/11/08 07:21:00,370.00,283.41
2024/11/08 07:21:00,371.00,276.40
2024/11/08 07:21:00,372.00,269.64
2024/11/08 07:21:00,373.00,265.00
2024/11/08 07:21:00,374.00,265.64
2024/11/08 07:21:00,375.00,273.03
2024/11/08 07:21:00,376.00,283.19
2024/11/08 07:21:00,377.00,292.66
2024/11/08 07:21:00,378.00,299.28
2024/11/08 07:21:00,379.00,297.48
2024/11/08 07:21:00,380.00,285.37
2024/11/08 07:21:00,381.00,271.17
2024/11/08 07:21:00,382.00,259.90
2024/11/08 07:21:00,383.00,251.40
2024/11/08 07:21:00,384.00,248.39
2024/11/08 07:21:00,385.00,252.87
2024/11/08 07:21:00,386.00,261.70
2024/11/08 07:21:00,387.00,272.27
2024/11/08 07:21:00,388.00,284.54
2024/11/08 07:21:00,389.00,294.97
2024/11/08 07:21:00,390.00,297.24
2024/11/08 07:21:00,391.00,292.50
2024/11/08 07:21:00,392.00,288.61
2024/11/08 07:21:00,393.00,281.66
2024/11/08 07:21:00,394.00,273.10
2024/11/08 07:21:00,395.00,277.63
2024/11/08 07:21:00,396.00,298.50
2024/11/08 07:21:00,397.00,323.60
2024/11/08 07:21:00,398.00,353.33
2024/11/08 07:21:00,399.00,388.73
2024/11/08 07:21:00,400.00,420.47
2024/11/08 07:21:00,401.00,440.97
2024/11/08 07:21:00,402.00,451.92
2024/11/08 07:21:00,403.00,455.00
2024/11/08 07:21:00,404.00,453.54
2024/11/08 07:21:00,405.00,452.03
2024/11/08 07:21:00,406.00,452.00
2024/11/08 07:21:00,407.00,452.38
2024/11/08 07:21:00,408.00,454.54
2024/11/08 07:21:00,409.00,460.95
2024/11/08 07:21:00,410.00,467.13
2024/11/08 07:21:00,411.00,472.82
2024/11/08 07:21:00,412.00,479.31
2024/11/08 07:21:00,413.00,485.98
2024/11/08 07:21:00,414.00,489.83
2024/11/08 07:21:00,415.00,491.72
2024/11/08 07:21:00,416.00,491.29
2024/11/08 07:21:00,417.00,490.93
2024/11/08 07:21:00,418.00,491.06
2024/11/08 07:21:00,419.00,491.59
2024/11/08 07:21:00,420.00,492.23
2024/11/08 07:21:00,421.00,493.11
2024/11/08 07:21:00,422.00,494.09
2024/11/08 07:21:00,423.00,494.45
2024/11/08 07:21:00,424.00,492.54
2024/11/08 07:21:00,425.00,489.95
2024/11/08 07:21:00,426.00,486.50
2024/11/08 07:21:00,427.00,477.00
2024/11/08 07:21:00,428.00,464.34
2024/11/08 07:21:00,429.00,456.87
2024/11/08 07:21:00,430.00,457.06
2024/11/08 07:21:00,431.00,462.02
2024/11/08 07:21:00,432.00,474.55
2024/11/08 07:21:00,433.00,494.23
2024/11/08 07:21:00,434.00,513.55
2024/11/08 07:21:00,435.00,523.42
2024/11/08 07:21:00,436.00,528.16
2024/11/08 07:21:00,437.00,532.44
2024/11/08 07:21:00,438.00,535.62
2024/11/08 07:21:00,439.00,539.21
2024/11/08 07:21:00,440.00,548.07
2024/11/08 07:21:00,441.00,560.17
2024/11/08 07:21:00,442.00,571.36
2024/11/08 07:21:00,443.00,579.11
2024/11/08 07:21:00,444.00,584.83
2024/11/08 07:21:00,445.00,589.27
2024/11/08 07:21:00,446.00,594.14
2024/11/08 07:21:00,447.00,602.00
2024/11/08 07:21:00,448.00,613.95
2024/11/08 07:21:00,449.00,623.70
2024/11/08 07:21:00,450.00,628.26
2024/11/08 07:21:00,451.00,630.19
2024/11/08 07:21:00,452.00,630.43
2024/11/08 07:21:00,453.00,628.05
2024/11/08 07:21:00,454.00,629.09
2024/11/08 07:21:00,455.00,632.89
2024/11/08 07:21:00,456.00,637.57
2024/11/08 07:21:00,457.00,641.69
2024/11/08 07:21:00,458.00,645.22
2024/11/08 07:21:00,459.00,647.99
2024/11/08 07:21:00,460.00,651.40
2024/11/08 07:21:00,461.00,654.21
2024/11/08 07:21:00,462.00,656.37
2024/11/08 07:21:00,463.00,656.27
2024/11/08 07:21:00,464.00,654.08
2024/11/08 07:21:00,465.00,649.99
2024/11/08 07:21:00,466.00,646.95
2024/11/08 07:21:00,467.00,644.04
2024/11/08 07:21:00,468.00,642.55
2024/11/08 07:21:00,469.00,642.68
2024/11/08 07:21:00,470.00,643.98
2024/11/08 07:21:00,471.00,645.89
2024/11/08 07:21:00,472.00,646.81
2024/11/08 07:21:00,473.00,648.68
2024/11/08 07:21:00,474.00,650.82
2024/11/08 07:21:00,475.00,651.70
2024/11/08 07:21:00,476.00,653.41
2024/11/08 07:21:00,477.00,656.88
2024/11/08 07:21:00,478.00,660.58
2024/11/08 07:21:00,479.00,663.24
2024/11/08 07:21:00,480.00,666.83
2024/11/08 07:21:00,481.00,666.67
2024/11/08 07:21:00,482.00,662.15
2024/11/08 07:21:00,483.00,652.21
2024/11/08 07:21:00,484.00,637.83
2024/11/08 07:21:00,485.00,624.79
2024/11/08 07:21:00,486.00,617.30
2024/11/08 07:21:00,487.00,614.91
2024/11/08 07:21:00,488.00,619.46
2024/11/08 07:21:00,489.00,628.07
2024/11/08 07:21:00,490.00,633.71
2024/11/08 07:21:00,491.00,637.43
2024/11/08 07:21:00,492.00,641.04
2024/11/08 07:21:00,493.00,643.28
2024/11/08 07:21:00,494.00,645.70
2024/11/08 07:21:00,495.00,648.82
2024/11/08 07:21:00,496.00,648.96
2024/11/08 07:21:00,497.00,646.06
2024/11/08 07:21:00,498.00,640.27
2024/11/08 07:21:00,499.00,634.79
2024/11/08 07:21:00,500.00,629.73
2024/11/08 07:21:00,501.00,626.15
2024/11/08 07:21:00,502.00,625.34
2024/11/08 07:21:00,503.00,627.76
2024/11/08 07:21:00,504.00,631.21
2024/11/08 07:21:00,505.00,633.23
2024/11/08 07:21:00,506.00,635.11
2024/11/08 07:21:00,507.00,636.34
2024/11/08 07:21:00,508.00,636.58
2024/11/08 07:21:00,509.00,635.45
2024/11/08 07:21:00,510.00,635.29
2024/11/08 07:21:00,511.00,634.88
2024/11/08 07:21:00,512.00,631.42
2024/11/08 07:21:00,513.00,626.05
2024/11/08 07:21:00,514.00,617.94
2024/11/08 07:21:00,515.00,605.61
2024/11/08 07:21:00,516.00,596.51
2024/11/08 07:21:00,517.00,590.84
2024/11/08 07:21:00,518.00,589.16
2024/11/08 07:21:00,519.00,591.73
2024/11/08 07:21:00,520.00,599.43
2024/11/08 07:21:00,521.00,607.33
2024/11/08 07:21:00,522.00,614.19
2024/11/08 07:21:00,523.00,616.25
2024/11/08 07:21:00,524.00,615.49
2024/11/08 07:21:00,525.00,614.83
2024/11/08 07:21:00,526.00,614.07
2024/11/08 07:21:00,527.00,614.03
2024/11/08 07:21:00,528.00,618.26
2024/11/08 07:21:00,529.00,622.08
2024/11/08 07:21:00,530.00,624.36
2024/11/08 07:21:00,531.00,625.13
2024/11/08 07:21:00,532.00,625.88
2024/11/08 07:21:00,533.00,624.05
2024/11/08 07:21:00,534.00,624.74
2024/11/08 07:21:00,535.00,625.85
2024/11/08 07:21:00,536.00,626.22
2024/11/08 07:21:00,537.00,624.17
2024/11/08 07:21:00,538.00,621.34
2024/11/08 07:21:00,539.00,618.05
2024/11/08 07:21:00,540.00,615.61
2024/11/08 07:21:00,541.00,614.13
2024/11/08 07:21:00,542.00,613.48
2024/11/08 07:21:00,543.00,616.06
2024/11/08 07:21:00,544.00,616.67
2024/11/08 07:21:00,545.00,616.62
2024/11/08 07:21:00,546.00,617.06
2024/11/08 07:21:00,547.00,617.43
2024/11/08 07:21:00,548.00,615.53
2024/11/08 07:21:00,549.00,615.77
2024/11/08 07:21:00,550.00,616.03
2024/11/08 07:21:00,551.00,615.75
2024/11/08 07:21:00,552.00,616.65
2024/11/08 07:21:00,553.00,616.48
2024/11/08 07:21:00,554.00,615.66
2024/11/08 07:21:00,555.00,612.81
2024/11/08 07:21:00,556.00,609.37
2024/11/08 07:21:00,557.00,605.14
2024/11/08 07:21:00,558.00,601.98
2024/11/08 07:21:00,559.00,598.72
2024/11/08 07:21:00,560.00,597.33
2024/11/08 07:21:00,561.00,596.91
2024/11/08 07:21:00,562.00,596.91
2024/11/08 07:21:00,563.00,595.77
2024/11/08 07:21:00,564.00,595.77
2024/11/08 07:21:00,565.00,595.23
2024/11/08 07:21:00,566.00,593.45
2024/11/08 07:21:00,567.00,591.17
2024/11/08 07:21:00,568.00,589.58
2024/11/08 07:21:00,569.00,587.16
2024/11/08 07:21:00,570.00,585.59
2024/11/08 07:21:00,571.00,585.16
2024/11/08 07:21:00,572.00,584.21
2024/11/08 07:21:00,573.00,583.84
2024/11/08 07:21:00,574.00,583.45
2024/11/08 07:21:00,575.00,582.01
2024/11/08 07:21:00,576.00,580.77
2024/11/08 07:21:00,577.00,580.27
2024/11/08 07:21:00,578.00,581.50
2024/11/08 07:21:00,579.00,583.57
2024/11/08 07:21:00,580.00,587.35
2024/11/08 07:21:00,581.00,590.63
2024/11/08 07:21:00,582.00,592.65
2024/11/08 07:21:00,583.00,594.54
2024/11/08 07:21:00,584.00,593.22
2024/11/08 07:21:00,585.00,591.69
2024/11/08 07:21:00,586.00,588.26
2024/11/08 07:21:00,587.00,583.40
2024/11/08 07:21:00,588.00,579.25
2024/11/08 07:21:00,589.00,577.53
2024/11/08 07:21:00,590.00,575.05
2024/11/08 07:21:00,591.00,574.35
2024/11/08 07:21:00,592.00,575.84
2024/11/08 07:21:00,593.00,576.85
2024/11/08 07:21:00,594.00,577.07
2024/11/08 07:21:00,595.00,576.59
2024/11/08 07:21:00,596.00,576.13
2024/11/08 07:21:00,597.00,576.06
2024/11/08 07:21:00,598.00,573.77
2024/11/08 07:21:00,599.00,570.67
2024/11/08 07:21:00,600.00,569.78
2024/11/08 07:21:00,601.00,570.54
2024/11/08 07:21:00,602.00,570.22
2024/11/08 07:21:00,603.00,571.19
2024/11/08 07:21:00,604.00,572.74
2024/11/08 07:21:00,605.00,571.85
2024/11/08 07:21:00,606.00,570.58
2024/11/08 07:21:00,607.00,569.11
2024/11/08 07:21:00,608.00,567.25
2024/11/08 07:21:00,609.00,565.65
2024/11/08 07:21:00,610.00,564.15
2024/11/08 07:21:00,611.00,563.33
2024/11/08 07:21:00,612.00,562.31
2024/11/08 07:21:00,613.00,560.79
2024/11/08 07:21:00,614.00,558.93
2024/11/08 07:21:00,615.00,558.23
2024/11/08 07:21:00,616.00,557.47
2024/11/08 07:21:00,617.00,557.02
2024/11/08 07:21:00,618.00,558.22
2024/11/08 07:21:00,619.00,558.09
2024/11/08 07:21:00,620.00,558.63
2024/11/08 07:21:00,621.00,558.09
2024/11/08 07:21:00,622.00,557.01
2024/11/08 07:21:00,623.00,554.71
2024/11/08 07:21:00,624.00,553.61
2024/11/08 07:21:00,625.00,550.12
2024/11/08 07:21:00,626.00,546.53
2024/11/08 07:21:00,627.00,543.33
2024/11/08 07:21:00,628.00,540.70
2024/11/08 07:21:00,629.00,539.15
2024/11/08 07:21:00,630.00,539.20
2024/11/08 07:21:00,631.00,540.91
2024/11/08 07:21:00,632.00,543.18
2024/11/08 07:21:00,633.00,545.18
2024/11/08 07:21:00,634.00,546.60
2024/11/08 07:21:00,635.00,548.96
2024/11/08 07:21:00,636.00,550.60
2024/11/08 07:21:00,637.00,551.68
2024/11/08 07:21:00,638.00,552.43
2024/11/08 07:21:00,639.00,552.93
2024/11/08 07:21:00,640.00,553.31
2024/11/08 07:21:00,641.00,552.23
2024/11/08 07:21:00,642.00,552.33
2024/11/08 07:21:00,643.00,552.67
2024/11/08 07:21:00,644.00,552.22
2024/11/08 07:21:00,645.00,551.81
2024/11/08 07:21:00,646.00,551.14
2024/11/08 07:21:00,647.00,549.01
2024/11/08 07:21:00,648.00,548.28
2024/11/08 07:21:00,649.00,547.83
2024/11/08 07:21:00,650.00,546.41
2024/11/08 07:21:00,651.00,547.24
2024/11/08 07:21:00,652.00,546.34
2024/11/08 07:21:00,653.00,539.73
2024/11/08 07:21:00,654.00,533.71
2024/11/08 07:21:00,655.00,529.15
2024/11/08 07:21:00,656.00,526.70
2024/11/08 07:21:00,657.00,526.77
2024/11/08 07:21:00,658.00,531.52
2024/11/08 07:21:00,659.00,536.22
2024/11/08 07:21:00,660.00,539.71
2024/11/08 07:21:00,661.00,541.51
2024/11/08 07:21:00,662.00,542.93
2024/11/08 07:21:00,663.00,543.93
2024/11/08 07:21:00,664.00,545.23
2024/11/08 07:21:00,665.00,546.92
2024/11/08 07:21:00,666.00,548.24
2024/11/08 07:21:00,667.00,549.51
2024/11/08 07:21:00,668.00,550.84
2024/11/08 07:21:00,669.00,550.21
2024/11/08 07:21:00,670.00,550.10
2024/11/08 07:21:00,671.00,549.37
2024/11/08 07:21:00,672.00,548.63
2024/11/08 07:21:00,673.00,548.43
2024/11/08 07:21:00,674.00,549.23
2024/11/08 07:21:00,675.00,548.88
2024/11/08 07:21:00,676.00,549.62
2024/11/08 07:21:00,677.00,548.79
2024/11/08 07:21:00,678.00,548.27
2024/11/08 07:21:00,679.00,548.10
2024/11/08 07:21:00,680.00,546.72
2024/11/08 07:21:00,681.00,544.73
2024/11/08 07:21:00,682.00,543.19
2024/11/08 07:21:00,683.00,536.61
2024/11/08 07:21:00,684.00,525.57
2024/11/08 07:21:00,685.00,510.86
2024/11/08 07:21:00,686.00,495.84
2024/11/08 07:21:00,687.00,480.77
2024/11/08 07:21:00,688.00,470.59
2024/11/08 07:21:00,689.00,466.74
2024/11/08 07:21:00,690.00,471.40
2024/11/08 07:21:00,691.00,477.73
2024/11/08 07:21:00,692.00,484.92
2024/11/08 07:21:00,693.00,494.17
2024/11/08 07:21:00,694.00,499.73
2024/11/08 07:21:00,695.00,504.80
2024/11/08 07:21:00,696.00,508.90
2024/11/08 07:21:00,697.00,510.86
2024/11/08 07:21:00,698.00,512.41
2024/11/08 07:21:00,699.00,514.37
2024/11/08 07:21:00,700.00,514.32
2024/11/08 07:21:00,701.00,515.51
2024/11/08 07:21:00,702.00,516.88
2024/11/08 07:21:00,703.00,516.85
2024/11/08 07:21:00,704.00,517.81
2024/11/08 07:21:00,705.00,517.05
2024/11/08 07:21:00,706.00,515.96
2024/11/08 07:21:00,707.00,516.19
2024/11/08 07:21:00,708.00,515.09
2024/11/08 07:21:00,709.00,515.37
2024/11/08 07:21:00,710.00,514.74
2024/11/08 07:21:00,711.00,514.16
2024/11/08 07:21:00,712.00,514.54
2024/11/08 07:21:00,713.00,513.98
2024/11/08 07:21:00,714.00,509.95
2024/11/08 07:21:00,715.00,505.22
2024/11/08 07:21:00,716.00,496.72
2024/11/08 07:21:00,717.00,485.60
2024/11/08 07:21:00,718.00,478.84
2024/11/08 07:21:00,719.00,471.21
2024/11/08 07:21:00,720.00,468.96
2024/11/08 07:21:00,721.00,468.40
2024/11/08 07:21:00,722.00,468.36
2024/11/08 07:21:00,723.00,468.02
2024/11/08 07:21:00,724.00,469.80
2024/11/08 07:21:00,725.00,468.68
2024/11/08 07:21:00,726.00,469.66
2024/11/08 07:21:00,727.00,469.47
2024/11/08 07:21:00,728.00,470.07
2024/11/08 07:21:00,729.00,471.63
2024/11/08 07:21:00,730.00,473.40
2024/11/08 07:21:00,731.00,476.46
2024/11/08 07:21:00,732.00,480.14
2024/11/08 07:21:00,733.00,480.75
2024/11/08 07:21:00,734.00,482.55
2024/11/08 07:21:00,735.00,483.62
2024/11/08 07:21:00,736.00,482.94
2024/11/08 07:21:00,737.00,483.89
2024/11/08 07:21:00,738.00,484.78
2024/11/08 07:21:00,739.00,484.43
2024/11/08 07:21:00,740.00,485.32
2024/11/08 07:21:00,741.00,483.86
2024/11/08 07:21:00,742.00,483.12
2024/11/08 07:21:00,743.00,483.60
2024/11/08 07:21:00,744.00,480.57
2024/11/08 07:21:00,745.00,480.22
2024/11/08 07:21:00,746.00,482.19
2024/11/08 07:21:00,747.00,479.99
2024/11/08 07:21:00,748.00,480.79
2024/11/08 07:21:00,749.00,481.67
2024/11/08 07:21:00,750.00,479.48
2024/11/08 07:21:00,751.00,477.48
2024/11/08 07:21:00,752.00,476.53
2024/11/08 07:21:00,753.00,475.00
2024/11/08 07:21:00,754.00,476.14
2024/11/08 07:21:00,755.00,473.29
2024/11/08 07:21:00,756.00,462.19
2024/11/08 07:21:00,757.00,437.33
2024/11/08 07:21:00,758.00,401.48
2024/11/08 07:21:00,759.00,362.69
2024/11/08 07:21:00,760.00,323.27
2024/11/08 07:21:00,761.00,290.11
2024/11/08 07:21:00,762.00,277.06
2024/11/08 07:21:00,763.00,277.90
2024/11/08 07:21:00,764.00,286.28
2024/11/08 07:21:00,765.00,303.91
2024/11/08 07:21:00,766.00,324.52
2024/11/08 07:21:00,767.00,345.08
2024/11/08 07:21:00,768.00,364.25
2024/11/08 07:21:00,769.00,381.34
2024/11/08 07:21:00,770.00,397.94
2024/11/08 07:21:00,771.00,412.05
2024/11/08 07:21:00,772.00,421.09
2024/11/08 07:21:00,773.00,431.27
2024/11/08 07:21:00,774.00,436.48
2024/11/08 07:21:00,775.00,437.74
2024/11/08 07:21:00,776.00,444.37
2024/11/08 07:21:00,777.00,445.05
2024/11/08 07:21:00,778.00,445.10
2024/11/08 07:21:00,779.00,446.89
2024/11/08 07:21:00,780.00,449.80
2024/11/08 07:21:00,781.00,448.83
2024/11/08 07:21:00,782.00,450.27
2024/11/08 07:21:00,783.00,450.57
2024/11/08 07:21:00,784.00,450.73
2024/11/08 07:21:00,785.00,447.15
2024/11/08 07:21:00,786.00,444.48
2024/11/08 07:21:00,787.00,444.95
2024/11/08 07:21:00,788.00,442.90
2024/11/08 07:21:00,789.00,440.00
2024/11/08 07:21:00,790.00,441.46
2024/11/08 07:21:00,791.00,438.38
2024/11/08 07:21:00,792.00,436.51
2024/11/08 07:21:00,793.00,437.20
2024/11/08 07:21:00,794.00,437.02
2024/11/08 07:21:00,795.00,436.11
2024/11/08 07:21:00,796.00,435.09
2024/11/08 07:21:00,797.00,435.77
2024/11/08 07:21:00,798.00,435.57
2024/11/08 07:21:00,799.00,433.12
2024/11/08 07:21:00,800.00,433.07
2024/11/08 07:21:00,801.00,435.25
2024/11/08 07:21:00,802.00,431.12
2024/11/08 07:21:00,803.00,430.84
2024/11/08 07:21:00,804.00,432.86
2024/11/08 07:21:00,805.00,431.39
2024/11/08 07:21:00,806.00,432.09
2024/11/08 07:21:00,807.00,434.66
2024/11/08 07:21:00,808.00,434.06
2024/11/08 07:21:00,809.00,434.32
2024/11/08 07:21:00,810.00,431.99
2024/11/08 07:21:00,811.00,430.13
2024/11/08 07:21:00,812.00,427.71
2024/11/08 07:21:00,813.00,420.33
2024/11/08 07:21:00,814.00,415.99
2024/11/08 07:21:00,815.00,413.08
2024/11/08 07:21:00,816.00,406.25
2024/11/08 07:21:00,817.00,403.43
2024/11/08 07:21:00,818.00,404.63
2024/11/08 07:21:00,819.00,402.50
2024/11/08 07:21:00,820.00,404.26
2024/11/08 07:21:00,821.00,404.95
2024/11/08 07:21:00,822.00,405.73
2024/11/08 07:21:00,823.00,407.63
2024/11/08 07:21:00,824.00,405.66
2024/11/08 07:21:00,825.00,405.64
2024/11/08 07:21:00,826.00,406.49
2024/11/08 07:21:00,827.00,402.88
2024/11/08 07:21:00,828.00,402.27
2024/11/08 07:21:00,829.00,403.36
2024/11/08 07:21:00,830.00,401.62
2024/11/08 07:21:00,831.00,402.60
2024/11/08 07:21:00,832.00,403.23
2024/11/08 07:21:00,833.00,403.03
2024/11/08 07:21:00,834.00,400.71
2024/11/08 07:21:00,835.00,399.27
2024/11/08 07:21:00,836.00,399.46
2024/11/08 07:21:00,837.00,399.51
2024/11/08 07:21:00,838.00,398.80
2024/11/08 07:21:00,839.00,400.45
2024/11/08 07:21:00,840.00,398.64
2024/11/08 07:21:00,841.00,396.05
2024/11/08 07:21:00,842.00,395.66
2024/11/08 07:21:00,843.00,393.87
2024/11/08 07:21:00,844.00,391.56
2024/11/08 07:21:00,845.00,391.54
2024/11/08 07:21:00,846.00,388.11
2024/11/08 07:21:00,847.00,385.48
2024/11/08 07:21:00,848.00,382.44
2024/11/08 07:21:00,849.00,380.86
2024/11/08 07:21:00,850.00,378.48
2024/11/08 07:21:00,851.00,373.92
2024/11/08 07:21:00,852.00,370.67
2024/11/08 07:21:00,853.00,369.93
2024/11/08 07:21:00,854.00,368.32
2024/11/08 07:21:00,855.00,369.26
2024/11/08 07:21:00,856.00,373.44
2024/11/08 07:21:00,857.00,374.61
2024/11/08 07:21:00,858.00,376.14
2024/11/08 07:21:00,859.00,377.60
2024/11/08 07:21:00,860.00,378.42
2024/11/08 07:21:00,861.00,379.23
2024/11/08 07:21:00,862.00,377.70
2024/11/08 07:21:00,863.00,374.77
2024/11/08 07:21:00,864.00,370.84
2024/11/08 07:21:00,865.00,365.79
2024/11/08 07:21:00,866.00,363.51
2024/11/08 07:21:00,867.00,363.35
2024/11/08 07:21:00,868.00,363.94
2024/11/08 07:21:00,869.00,366.64
2024/11/08 07:21:00,870.00,368.30
2024/11/08 07:21:00,871.00,368.11
2024/11/08 07:21:00,872.00,368.18
2024/11/08 07:21:00,873.00,367.44
2024/11/08 07:21:00,874.00,367.61
2024/11/08 07:21:00,875.00,367.20
2024/11/08 07:21:00,876.00,366.08
2024/11/08 07:21:00,877.00,366.38
2024/11/08 07:21:00,878.00,365.21
2024/11/08 07:21:00,879.00,363.85
2024/11/08 07:21:00,880.00,362.94
2024/11/08 07:21:00,881.00,363.56
2024/11/08 07:21:00,882.00,364.01
2024/11/08 07:21:00,883.00,364.08
2024/11/08 07:21:00,884.00,362.74
2024/11/08 07:21:00,885.00,362.85
2024/11/08 07:21:00,886.00,360.26
2024/11/08 07:21:00,887.00,359.55
2024/11/08 07:21:00,888.00,359.89
2024/11/08 07:21:00,889.00,358.64
2024/11/08 07:21:00,890.00,357.44
2024/11/08 07:21:00,891.00,356.01
2024/11/08 07:21:00,892.00,351.60
2024/11/08 07:21:00,893.00,348.16
2024/11/08 07:21:00,894.00,342.89
2024/11/08 07:21:00,895.00,336.61
2024/11/08 07:21:00,896.00,331.13
2024/11/08 07:21:00,897.00,323.68
2024/11/08 07:21:00,898.00,317.52
2024/11/08 07:21:00,899.00,313.55
2024/11/08 07:21:00,900.00,309.76
2024/11/08 07:21:00,901.00,310.62
2024/11/08 07:21:00,902.00,312.48
2024/11/08 07:21:00,903.00,313.71
2024/11/08 07:21:00,904.00,314.45
2024/11/08 07:21:00,905.00,313.79
2024/11/08 07:21:00,906.00,310.89
2024/11/08 07:21:00,907.00,308.34
2024/11/08 07:21:00,908.00,306.23
2024/11/08 07:21:00,909.00,305.10
2024/11/08 07:21:00,910.00,304.13
2024/11/08 07:21:00,911.00,303.46
2024/11/08 07:21:00,912.00,302.55
2024/11/08 07:21:00,913.00,299.87
2024/11/08 07:21:00,914.00,298.36
2024/11/08 07:21:00,915.00,297.69
2024/11/08 07:21:00,916.00,296.64
2024/11/08 07:21:00,917.00,296.96
2024/11/08 07:21:00,918.00,300.00
2024/11/08 07:21:00,919.00,300.72
2024/11/08 07:21:00,920.00,302.60
2024/11/08 07:21:00,921.00,303.57
2024/11/08 07:21:00,922.00,303.43
2024/11/08 07:21:00,923.00,303.19
2024/11/08 07:21:00,924.00,301.13
2024/11/08 07:21:00,925.00,299.75
2024/11/08 07:21:00,926.00,296.23
2024/11/08 07:21:00,927.00,288.42
2024/11/08 07:21:00,928.00,279.42
2024/11/08 07:21:00,929.00,267.22
2024/11/08 07:21:00,930.00,251.46
2024/11/08 07:21:00,931.00,235.97
2024/11/08 07:21:00,932.00,220.68
2024/11/08 07:21:00,933.00,208.34
2024/11/08 07:21:00,934.00,198.12
2024/11/08 07:21:00,935.00,192.49
2024/11/08 07:21:00,936.00,191.75
2024/11/08 07:21:00,937.00,193.05
2024/11/08 07:21:00,938.00,196.80
2024/11/08 07:21:00,939.00,201.54
2024/11/08 07:21:00,940.00,203.23
2024/11/08 07:21:00,941.00,204.14
2024/11/08 07:21:00,942.00,204.02
2024/11/08 07:21:00,943.00,202.29
2024/11/08 07:21:00,944.00,202.30
2024/11/08 07:21:00,945.00,202.45
2024/11/08 07:21:00,946.00,202.16
2024/11/08 07:21:00,947.00,202.81
2024/11/08 07:21:00,948.00,202.82
2024/11/08 07:21:00,949.00,204.59
2024/11/08 07:21:00,950.00,205.96
2024/11/08 07:21:00,951.00,206.54
2024/11/08 07:21:00,952.00,208.53
2024/11/08 07:21:00,953.00,210.03
2024/11/08 07:21:00,954.00,211.28
2024/11/08 07:21:00,955.00,214.16
2024/11/08 07:21:00,956.00,216.03
2024/11/08 07:21:00,957.00,218.75
2024/11/08 07:21:00,958.00,220.39
2024/11/08 07:21:00,959.00,223.53
2024/11/08 07:21:00,960.00,227.48
2024/11/08 07:21:00,961.00,229.67
2024/11/08 07:21:00,962.00,233.02
2024/11/08 07:21:00,963.00,237.06
2024/11/08 07:21:00,964.00,239.48
2024/11/08 07:21:00,965.00,244.48
2024/11/08 07:21:00,966.00,250.66
2024/11/08 07:21:00,967.00,255.53
2024/11/08 07:21:00,968.00,261.23
2024/11/08 07:21:00,969.00,265.42
2024/11/08 07:21:00,970.00,267.01
2024/11/08 07:21:00,971.00,268.06
2024/11/08 07:21:00,972.00,267.61
2024/11/08 07:21:00,973.00,267.07
2024/11/08 07:21:00,974.00,266.05
2024/11/08 07:21:00,975.00,265.59
2024/11/08 07:21:00,976.00,266.69
2024/11/08 07:21:00,977.00,267.15
2024/11/08 07:21:00,978.00,268.59
2024/11/08 07:21:00,979.00,270.99
2024/11/08 07:21:00,980.00,272.24
2024/11/08 07:21:00,981.00,275.34
2024/11/08 07:21:00,982.00,277.72
2024/11/08 07:21:00,983.00,280.01
2024/11/08 07:21:00,984.00,282.38
2024/11/08 07:21:00,985.00,283.40
2024/11/08 07:21:00,986.00,285.09
2024/11/08 07:21:00,987.00,284.86
2024/11/08 07:21:00,988.00,283.32
2024/11/08 07:21:00,989.00,283.23
2024/11/08 07:21:00,990.00,282.94
2024/11/08 07:21:00,991.00,282.21
2024/11/08 07:21:00,992.00,283.14
2024/11/08 07:21:00,993.00,284.40
2024/11/08 07:21:00,994.00,284.67
2024/11/08 07:21:00,995.00,284.10
2024/11/08 07:21:00,996.00,283.83
2024/11/08 07:21:00,997.00,283.45
2024/11/08 07:21:00,998.00,282.18
2024/11/08 07:21:00,999.00,280.75
2024/11/08 07:21:00,1000.00,280.33
2024/11/08 07:21:00,1001.00,278.52
2024/11/08 07:21:00,1002.00,275.98
2024/11/08 07:21:00,1003.00,275.55
2024/11/08 07:21:00,1004.00,274.57
2024/11/08 07:21:00,1005.00,274.29
2024/11/08 07:21:00,1006.00,274.24
2024/11/08 07:21:00,1007.00,273.99
2024/11/08 07:21:00,1008.00,274.43
2024/11/08 07:21:00,1009.00,273.63
2024/11/08 07:21:00,1010.00,273.63
2024/11/08 07:21:00,1011.00,271.88
2024/11/08 07:21:00,1012.00,271.23
2024/11/08 07:21:00,1013.00,271.96
2024/11/08 07:21:00,1014.00,270.91
2024/11/08 07:21:00,1015.00,270.86
2024/11/08 07:21:00,1016.00,272.74
2024/11/08 07:21:00,1017.00,271.11
2024/11/08 07:21:00,1018.00,270.55
2024/11/08 07:21:00,1019.00,270.35
2024/11/08 07:21:00,1020.00,269.08
2024/11/08 07:21:00,1021.00,269.60
2024/11/08 07:21:00,1022.00,268.40
2024/11/08 07:21:00,1023.00,267.71
2024/11/08 07:21:00,1024.00,268.29
2024/11/08 07:21:00,1025.00,265.52
2024/11/08 07:21:00,1026.00,265.81
2024/11/08 07:21:00,1027.00,264.60
2024/11/08 07:21:00,1028.00,262.44
2024/11/08 07:21:00,1029.00,262.55
2024/11/08 07:21:00,1030.00,262.61
2024/11/08 07:21:00,1031.00,262.99
2024/11/08 07:21:00,1032.00,263.02
2024/11/08 07:21:00,1033.00,260.88
2024/11/08 07:21:00,1034.00,261.15
2024/11/08 07:21:00,1035.00,258.86
2024/11/08 07:21:00,1036.00,257.54
2024/11/08 07:21:00,1037.00,258.33
2024/11/08 07:21:00,1038.00,257.21
2024/11/08 07:21:00,1039.00,257.41
2024/11/08 07:21:00,1040.00,258.80
2024/11/08 07:21:00,1041.00,256.99
2024/11/08 07:21:00,1042.00,257.63
2024/11/08 07:21:00,1043.00,256.87
2024/11/08 07:21:00,1044.00,254.72
2024/11/08 07:21:00,1045.00,254.39
2024/11/08 07:21:00,1046.00,253.30
2024/11/08 07:21:00,1047.00,253.80
2024/11/08 07:21:00,1048.00,252.97
2024/11/08 07:21:00,1049.00,252.58
2024/11/08 07:21:00,1050.00,252.06
2024/11/08 07:21:00,1051.00,251.85
2024/11/08 07:21:00,1052.00,249.69
2024/11/08 07:21:00,1053.00,250.28
2024/11/08 07:21:00,1054.00,247.89
2024/11/08 07:21:00,1055.00,249.47
2024/11/08 07:21:00,1056.00,249.96
2024/11/08 07:21:00,1057.00,249.76
2024/11/08 07:21:00,1058.00,249.06
2024/11/08 07:21:00,1059.00,248.84
2024/11/08 07:21:00,1060.00,246.82
2024/11/08 07:21:00,1061.00,246.62
2024/11/08 07:21:00,1062.00,245.30
2024/11/08 07:21:00,1063.00,246.27
2024/11/08 07:21:00,1064.00,244.91
2024/11/08 07:21:00,1065.00,243.68
2024/11/08 07:21:00,1066.00,242.48
2024/11/08 07:21:00,1067.00,239.72
2024/11/08 07:21:00,1068.00,241.83
2024/11/08 07:21:00,1069.00,240.79
2024/11/08 07:21:00,1070.00,237.71
2024/11/08 07:21:00,1071.00,241.05
2024/11/08 07:21:00,1072.00,240.02
2024/11/08 07:21:00,1073.00,239.51
2024/11/08 07:21:00,1074.00,243.13
2024/11/08 07:21:00,1075.00,240.66
2024/11/08 07:21:00,1076.00,242.84
2024/11/08 07:21:00,1077.00,241.29
2024/11/08 07:21:00,1078.00,237.50
2024/11/08 07:21:00,1079.00,241.42
2024/11/08 07:21:00,1080.00,240.98
2024/11/08 07:21:00,1081.00,241.18
2024/11/08 07:21:00,1082.00,243.68
2024/11/08 07:21:00,1083.00,239.57
2024/11/08 07:21:00,1084.00,241.80
2024/11/08 07:21:00,1085.00,237.12
2024/11/08 07:21:00,1086.00,230.64
2024/11/08 07:21:00,1087.00,230.96
2024/11/08 07:21:00,1088.00,225.51
2024/11/08 07:21:00,1089.00,225.31
2024/11/08 07:21:00,1090.00,229.29
2024/11/08 07:21:00,1091.00,226.73
2024/11/08 07:21:00,1092.00,229.53
2024/11/08 07:21:00,1093.00,231.01
2024/11/08 07:21:00,1094.00,232.46
2024/11/08 07:21:00,1095.00,231.78
2024/11/08 07:21:00,1096.00,227.62
2024/11/08 07:21:00,1097.00,228.68
2024/11/08 07:21:00,1098.00,226.23
2024/11/08 07:21:00,1099.00,220.64
2024/11/08 07:21:00,1100.00,228.62
2024/11/08 07:22:00,Wavelength(nm),Irradiance(W/m2/um)
2024/11/08 07:22:00,300.00,7.69
2024/11/08 07:22:00,301.00,8.10
2024/11/08 07:22:00,302.00,8.90
2024/11/08 07:22:00,303.00,10.16
2024/11/08 07:22:00,304.00,11.42
2024/11/08 07:22:00,305.00,12.95
2024/11/08 07:22:00,306.00,14.77
2024/11/08 07:22:00,307.00,16.95
2024/11/08 07:22:00,308.00,20.02
2024/11/08 07:22:00,309.00,23.37
2024/11/08 07:22:00,310.00,27.45
2024/11/08 07:22:00,311.00,32.13
2024/11/08 07:22:00,312.00,37.26
2024/11/08 07:22:00,313.00,42.80
2024/11/08 07:22:00,314.00,49.11
2024/11/08 07:22:00,315.00,55.47
2024/11/08 07:22:00,316.00,62.49
2024/11/08 07:22:00,317.00,69.87
2024/11/08 07:22:00,318.00,76.65
2024/11/08 07:22:00,319.00,83.27
2024/11/08 07:22:00,320.00,89.79
2024/11/08 07:22:00,321.00,96.45
2024/11/08 07:22:00,322.00,104.76
2024/11/08 07:22:00,323.00,114.27
2024/11/08 07:22:00,324.00,124.65
2024/11/08 07:22:00,325.00,135.98
2024/11/08 07:22:00,326.00,147.51
2024/11/08 07:22:00,327.00,158.12
2024/11/08 07:22:00,328.00,167.20
2024/11/08 07:22:00,329.00,174.84
2024/11/08 07:22:00,330.00,181.00
2024/11/08 07:22:00,331.00,185.80
2024/11/08 07:22:00,332.00,188.53
2024/11/08 07:22:00,333.00,189.89
2024/11/08 07:22:00,334.00,190.33
2024/11/08 07:22:00,335.00,190.73
2024/11/08 07:22:00,336.00,192.16
2024/11/08 07:22:00,337.00,194.13
2024/11/08 07:22:00,338.00,197.51
2024/11/08 07:22:00,339.00,202.15
2024/11/08 07:22:00,340.00,206.12
2024/11/08 07:22:00,341.00,207.97
2024/11/08 07:22:00,342.00,209.12
2024/11/08 07:22:00,343.00,209.76
2024/11/08 07:22:00,344.00,209.63
2024/11/08 07:22:00,345.00,209.38
2024/11/08 07:22:00,346.00,210.25
2024/11/08 07:22:00,347.00,212.81
2024/11/08 07:22:00,348.00,215.95
2024/11/08 07:22:00,349.00,219.31
2024/11/08 07:22:00,350.00,223.41
2024/11/08 07:22:00,351.00,229.09
2024/11/08 07:22:00,352.00,233.66
2024/11/08 07:22:00,353.00,236.80
2024/11/08 07:22:00,354.00,236.96
2024/11/08 07:22:00,355.00,234.04
2024/11/08 07:22:00,356.00,229.99
2024/11/08 07:22:00,357.00,226.62
2024/11/08 07:22:00,358.00,223.57
2024/11/08 07:22:00,359.00,224.08
2024/11/08 07:22:00,360.00,229.24
2024/11/08 07:22:00,361.00,234.87
2024/11/08 07:22:00,362.00,241.98
2024/11/08 07:22:00,363.00,252.31
2024/11/08 07:22:00,364.00,263.88
2024/11/08 07:22:00,365.00,272.99
2024/11/08 07:22:00,366.00,281.11
2024/11/08 07:22:00,367.00,287.28
2024/11/08 07:22:00,368.00,290.56
2024/11/08 07:22:00,369.00,290.09
2024/11/08 07:22:00,370.00,286.35
2024/11/08 07:22:00,371.00,279.74
2024/11/08 07:22:00,372.00,272.71
2024/11/08 07:22:00,373.00,267.88
2024/11/08 07:22:00,374.00,268.10
2024/11/08 07:22:00,375.00,275.41
2024/11/08 07:22:00,376.00,285.32
2024/11/08 07:22:00,377.00,294.79
2024/11/08 07:22:00,378.00,301.27
2024/11/08 07:22:00,379.00,299.80
2024/11/08 07:22:00,380.00,287.49
2024/11/08 07:22:00,381.00,273.26
2024/11/08 07:22:00,382.00,262.04
2024/11/08 07:22:00,383.00,253.79
2024/11/08 07:22:00,384.00,250.54
2024/11/08 07:22:00,385.00,255.52
2024/11/08 07:22:00,386.00,264.35
2024/11/08 07:22:00,387.00,275.05
2024/11/08 07:22:00,388.00,287.69
2024/11/08 07:22:00,389.00,298.31
2024/11/08 07:22:00,390.00,300.12
2024/11/08 07:22:00,391.00,295.32
2024/11/08 07:22:00,392.00,291.33
2024/11/08 07:22:00,393.00,284.12
2024/11/08 07:22:00,394.00,275.28
2024/11/08 07:22:00,395.00,279.79
2024/11/08 07:22:00,396.00,301.02
2024/11/08 07:22:00,397.00,326.05
2024/11/08 07:22:00,398.00,355.84
2024/11/08 07:22:00,399.00,391.74
2024/11/08 07:22:00,400.00,423.88
2024/11/08 07:22:00,401.00,444.84
2024/11/08 07:22:00,402.00,455.80
2024/11/08 07:22:00,403.00,458.78
2024/11/08 07:22:00,404.00,457.22
2024/11/08 07:22:00,405.00,455.06
2024/11/08 07:22:00,406.00,454.45
2024/11/08 07:22:00,407.00,454.85
2024/11/08 07:22:00,408.00,457.09
2024/11/08 07:22:00,409.00,462.74
2024/11/08 07:22:00,410.00,469.59
2024/11/08 07:22:00,411.00,475.65
2024/11/08 07:22:00,412.00,482.16
2024/11/08 07:22:00,413.00,489.28
2024/11/08 07:22:00,414.00,493.93
2024/11/08 07:22:00,415.00,495.76
2024/11/08 07:22:00,416.00,495.22
2024/11/08 07:22:00,417.00,494.57
2024/11/08 07:22:00,418.00,494.54
2024/11/08 07:22:00,419.00,495.39
2024/11/08 07:22:00,420.00,495.33
2024/11/08 07:22:00,421.00,496.46
2024/11/08 07:22:00,422.00,497.90
2024/11/08 07:22:00,423.00,497.80
2024/11/08 07:22:00,424.00,495.40
2024/11/08 07:22:00,425.00,494.07
2024/11/08 07:22:00,426.00,490.37
2024/11/08 07:22:00,427.00,480.37
2024/11/08 07:22:00,428.00,467.68
2024/11/08 07:22:00,429.00,460.28
2024/11/08 07:22:00,430.00,459.65
2024/11/08 07:22:00,431.00,464.25
2024/11/08 07:22:00,432.00,477.41
2024/11/08 07:22:00,433.00,498.06
2024/11/08 07:22:00,434.00,517.21
2024/11/08 07:22:00,435.00,527.13
2024/11/08 07:22:00,436.00,532.09
2024/11/08 07:22:00,437.00,535.65
2024/11/08 07:22:00,438.00,538.47
2024/11/08 07:22:00,439.00,542.71
2024/11/08 07:22:00,440.00,551.50
2024/11/08 07:22:00,441.00,564.18
2024/11/08 07:22:00,442.00,575.62
2024/11/08 07:22:00,443.00,583.48
2024/11/08 07:22:00,444.00,589.33
2024/11/08 07:22:00,445.00,593.45
2024/11/08 07:22:00,446.00,598.08
2024/11/08 07:22:00,447.00,607.79
2024/11/08 07:22:00,448.00,618.96
2024/11/08 07:22:00,449.00,628.54
2024/11/08 07:22:00,450.00,634.21
2024/11/08 07:22:00,451.00,635.53
2024/11/08 07:22:00,452.00,633.89
2024/11/08 07:22:00,453.00,631.86
2024/11/08 07:22:00,454.00,633.10
2024/11/08 07:22:00,455.00,636.51
2024/11/08 07:22:00,456.00,640.91
2024/11/08 07:22:00,457.00,644.98
2024/11/08 07:22:00,458.00,648.45
2024/11/08 07:22:00,459.00,651.40
2024/11/08 07:22:00,460.00,654.52
2024/11/08 07:22:00,461.00,658.56
2024/11/08 07:22:00,462.00,660.67
2024/11/08 07:22:00,463.00,660.76
2024/11/08 07:22:00,464.00,657.90
2024/11/08 07:22:00,465.00,654.14
2024/11/08 07:22:00,466.00,650.90
2024/11/08 07:22:00,467.00,647.70
2024/11/08 07:22:00,468.00,646.45
2024/11/08 07:22:00,469.00,647.12
2024/11/08 07:22:00,470.00,648.31
2024/11/08 07:22:00,471.00,649.48
2024/11/08 07:22:00,472.00,653.15
2024/11/08 07:22:00,473.00,655.46
2024/11/08 07:22:00,474.00,655.78
2024/11/08 07:22:00,475.00,656.65
2024/11/08 07:22:00,476.00,658.80
2024/11/08 07:22:00,477.00,661.55
2024/11/08 07:22:00,478.00,663.42
2024/11/08 07:22:00,479.00,667.33
2024/11/08 07:22:00,480.00,669.11
2024/11/08 07:22:00,481.00,668.91
2024/11/08 07:22:00,482.00,663.43
2024/11/08 07:22:00,483.00,654.21
2024/11/08 07:22:00,484.00,640.98
2024/11/08 07:22:00,485.00,629.11
2024/11/08 07:22:00,486.00,622.32
2024/11/08 07:22:00,487.00,621.04
2024/11/08 07:22:00,488.00,625.37
2024/11/08 07:22:00,489.00,632.94
2024/11/08 07:22:00,490.00,639.90
2024/11/08 07:22:00,491.00,643.35
2024/11/08 07:22:00,492.00,645.73
2024/11/08 07:22:00,493.00,647.99
2024/11/08 07:22:00,494.00,650.81
2024/11/08 07:22:00,495.00,652.50
2024/11/08 07:22:00,496.00,652.27
2024/11/08 07:22:00,497.00,649.14
2024/11/08 07:22:00,498.00,644.66
2024/11/08 07:22:00,499.00,639.25
2024/11/08 07:22:00,500.00,634.68
2024/11/08 07:22:00,501.00,632.32
2024/11/08 07:22:00,502.00,631.99
2024/11/08 07:22:00,503.00,632.94
2024/11/08 07:22:00,504.00,635.28
2024/11/08 07:22:00,505.00,638.24
2024/11/08 07:22:00,506.00,640.44
2024/11/08 07:22:00,507.00,641.86
2024/11/08 07:22:00,508.00,642.53
2024/11/08 07:22:00,509.00,642.69
2024/11/08 07:22:00,510.00,640.63
2024/11/08 07:22:00,511.00,637.94
2024/11/08 07:22:00,512.00,634.42
2024/11/08 07:22:00,513.00,628.75
2024/11/08 07:22:00,514.00,619.39
2024/11/08 07:22:00,515.00,607.29
2024/11/08 07:22:00,516.00,599.63
2024/11/08 07:22:00,517.00,593.61
2024/11/08 07:22:00,518.00,591.81
2024/11/08 07:22:00,519.00,595.24
2024/11/08 07:22:00,520.00,603.87
2024/11/08 07:22:00,521.00,610.77
2024/11/08 07:22:00,522.00,618.31
2024/11/08 07:22:00,523.00,621.26
2024/11/08 07:22:00,524.00,620.70
2024/11/08 07:22:00,525.00,619.59
2024/11/08 07:22:00,526.00,619.03
2024/11/08 07:22:00,527.00,618.48
2024/11/08 07:22:00,528.00,620.81
2024/11/08 07:22:00,529.00,624.83
2024/11/08 07:22:00,530.00,627.94
2024/11/08 07:22:00,531.00,629.93
2024/11/08 07:22:00,532.00,630.73
2024/11/08 07:22:00,533.00,630.57
2024/11/08 07:22:00,534.00,630.88
2024/11/08 07:22:00,535.00,631.05
2024/11/08 07:22:00,536.00,630.32
2024/11/08 07:22:00,537.00,627.71
2024/11/08 07:22:00,538.00,624.00
2024/11/08 07:22:00,539.00,619.33
2024/11/08 07:22:00,540.00,616.10
2024/11/08 07:22:00,541.00,615.77
2024/11/08 07:22:00,542.00,615.56
2024/11/08 07:22:00,543.00,617.38
2024/11/08 07:22:00,544.00,619.15
2024/11/08 07:22:00,545.00,620.48
2024/11/08 07:22:00,546.00,620.79
2024/11/08 07:22:00,547.00,621.92
2024/11/08 07:22:00,548.00,621.22
2024/11/08 07:22:00,549.00,621.79
2024/11/08 07:22:00,550.00,622.31
2024/11/08 07:22:00,551.00,622.81
2024/11/08 07:22:00,552.00,622.73
2024/11/08 07:22:00,553.00,622.73
2024/11/08 07:22:00,554.00,622.03
2024/11/08 07:22:00,555.00,618.34
2024/11/08 07:22:00,556.00,614.05
2024/11/08 07:22:00,557.00,610.50
2024/11/08 07:22:00,558.00,606.59
2024/11/08 07:22:00,559.00,603.56
2024/11/08 07:22:00,560.00,603.54
2024/11/08 07:22:00,561.00,603.93
2024/11/08 07:22:00,562.00,603.36
2024/11/08 07:22:00,563.00,602.72
2024/11/08 07:22:00,564.00,602.10
2024/11/08 07:22:00,565.00,601.79
2024/11/08 07:22:00,566.00,598.42
2024/11/08 07:22:00,567.00,596.23
2024/11/08 07:22:00,568.00,594.28
2024/11/08 07:22:00,569.00,590.80
2024/11/08 07:22:00,570.00,589.69
2024/11/08 07:22:00,571.00,590.38
2024/11/08 07:22:00,572.00,589.60
2024/11/08 07:22:00,573.00,588.44
2024/11/08 07:22:00,574.00,589.10
2024/11/08 07:22:00,575.00,587.68
2024/11/08 07:22:00,576.00,586.12
2024/11/08 07:22:00,577.00,584.68
2024/11/08 07:22:00,578.00,586.06
2024/11/08 07:22:00,579.00,586.74
2024/11/08 07:22:00,580.00,588.00
2024/11/08 07:22:00,581.00,590.70
2024/11/08 07:22:00,582.00,593.92
2024/11/08 07:22:00,583.00,595.47
2024/11/08 07:22:00,584.00,596.42
2024/11/08 07:22:00,585.00,594.62
2024/11/08 07:22:00,586.00,590.88
2024/11/08 07:22:00,587.00,586.15
2024/11/08 07:22:00,588.00,583.05
2024/11/08 07:22:00,589.00,580.17
2024/11/08 07:22:00,590.00,580.00
2024/11/08 07:22:00,591.00,580.43
2024/11/08 07:22:00,592.00,582.03
2024/11/08 07:22:00,593.00,582.52
2024/11/08 07:22:00,594.00,582.38
2024/11/08 07:22:00,595.00,581.44
2024/11/08 07:22:00,596.00,580.56
2024/11/08 07:22:00,597.00,580.08
2024/11/08 07:22:00,598.00,578.09
2024/11/08 07:22:00,599.00,576.50
2024/11/08 07:22:00,600.00,575.20
2024/11/08 07:22:00,601.00,574.39
2024/11/08 07:22:00,602.00,573.99
2024/11/08 07:22:00,603.00,574.67
2024/11/08 07:22:00,604.00,575.77
2024/11/08 07:22:00,605.00,576.21
2024/11/08 07:22:00,606.00,576.72
2024/11/08 07:22:00,607.00,576.07
2024/11/08 07:22:00,608.00,575.60
2024/11/08 07:22:00,609.00,573.68
2024/11/08 07:22:00,610.00,572.44
2024/11/08 07:22:00,611.00,570.36
2024/11/08 07:22:00,612.00,567.51
2024/11/08 07:22:00,613.00,565.23
2024/11/08 07:22:00,614.00,563.13
2024/11/08 07:22:00,615.00,561.33
2024/11/08 07:22:00,616.00,561.54
2024/11/08 07:22:00,617.00,562.31
2024/11/08 07:22:00,618.00,563.18
2024/11/08 07:22:00,619.00,564.58
2024/11/08 07:22:00,620.00,564.07
2024/11/08 07:22:00,621.00,562.85
2024/11/08 07:22:00,622.00,562.19
2024/11/08 07:22:00,623.00,560.16
2024/11/08 07:22:00,624.00,558.61
2024/11/08 07:22:00,625.00,556.44
2024/11/08 07:22:00,626.00,552.51
2024/11/08 07:22:00,627.00,549.37
2024/11/08 07:22:00,628.00,547.33
2024/11/08 07:22:00,629.00,544.99
2024/11/08 07:22:00,630.00,545.21
2024/11/08 07:22:00,631.00,546.37
2024/11/08 07:22:00,632.00,548.33
2024/11/08 07:22:00,633.00,550.53
2024/11/08 07:22:00,634.00,552.41
2024/11/08 07:22:00,635.00,554.61
2024/11/08 07:22:00,636.00,556.76
2024/11/08 07:22:00,637.00,556.65
2024/11/08 07:22:00,638.00,556.84
2024/11/08 07:22:00,639.00,557.76
2024/11/08 07:22:00,640.00,557.92
2024/11/08 07:22:00,641.00,557.04
2024/11/08 07:22:00,642.00,557.40
2024/11/08 07:22:00,643.00,556.86
2024/11/08 07:22:00,644.00,555.78
2024/11/08 07:22:00,645.00,553.61
2024/11/08 07:22:00,646.00,553.92
2024/11/08 07:22:00,647.00,553.21
2024/11/08 07:22:00,648.00,551.42
2024/11/08 07:22:00,649.00,552.00
2024/11/08 07:22:00,650.00,553.13
2024/11/08 07:22:00,651.00,551.70
2024/11/08 07:22:00,652.00,549.32
2024/11/08 07:22:00,653.00,545.00
2024/11/08 07:22:00,654.00,538.45
2024/11/08 07:22:00,655.00,532.22
2024/11/08 07:22:00,656.00,529.04
2024/11/08 07:22:00,657.00,528.88
2024/11/08 07:22:00,658.00,532.77
2024/11/08 07:22:00,659.00,536.97
2024/11/08 07:22:00,660.00,541.39
2024/11/08 07:22:00,661.00,544.22
2024/11/08 07:22:00,662.00,545.81
2024/11/08 07:22:00,663.00,547.36
2024/11/08 07:22:00,664.00,549.83
2024/11/08 07:22:00,665.00,551.65
2024/11/08 07:22:00,666.00,552.77
2024/11/08 07:22:00,667.00,554.08
2024/11/08 07:22:00,668.00,554.73
2024/11/08 07:22:00,669.00,553.89
2024/11/08 07:22:00,670.00,552.56
2024/11/08 07:22:00,671.00,553.44
2024/11/08 07:22:00,672.00,553.22
2024/11/08 07:22:00,673.00,552.20
2024/11/08 07:22:00,674.00,552.36
2024/11/08 07:22:00,675.00,552.90
2024/11/08 07:22:00,676.00,552.39
2024/11/08 07:22:00,677.00,551.04
2024/11/08 07:22:00,678.00,551.53
2024/11/08 07:22:00,679.00,551.75
2024/11/08 07:22:00,680.00,550.08
2024/11/08 07:22:00,681.00,548.81
2024/11/08 07:22:00,682.00,548.49
2024/11/08 07:22:00,683.00,543.08
2024/11/08 07:22:00,684.00,530.94
2024/11/08 07:22:00,685.00,517.13
2024/11/08 07:22:00,686.00,501.72
2024/11/08 07:22:00,687.00,486.43
2024/11/08 07:22:00,688.00,474.44
2024/11/08 07:22:00,689.00,471.76
2024/11/08 07:22:00,690.00,474.74
2024/11/08 07:22:00,691.00,480.88
2024/11/08 07:22:00,692.00,488.62
2024/11/08 07:22:00,693.00,497.80
2024/11/08 07:22:00,694.00,503.84
2024/11/08 07:22:00,695.00,508.36
2024/11/08 07:22:00,696.00,512.15
2024/11/08 07:22:00,697.00,514.41
2024/11/08 07:22:00,698.00,515.47
2024/11/08 07:22:00,699.00,517.53
2024/11/08 07:22:00,700.00,518.15
2024/11/08 07:22:00,701.00,518.33
2024/11/08 07:22:00,702.00,518.48
2024/11/08 07:22:00,703.00,519.17
2024/11/08 07:22:00,704.00,520.01
2024/11/08 07:22:00,705.00,519.33
2024/11/08 07:22:00,706.00,518.83
2024/11/08 07:22:00,707.00,520.53
2024/11/08 07:22:00,708.00,519.22
2024/11/08 07:22:00,709.00,518.08
2024/11/08 07:22:00,710.00,519.59
2024/11/08 07:22:00,711.00,519.75
2024/11/08 07:22:00,712.00,517.91
2024/11/08 07:22:00,713.00,516.90
2024/11/08 07:22:00,714.00,515.11
2024/11/08 07:22:00,715.00,508.54
2024/11/08 07:22:00,716.00,499.60
2024/11/08 07:22:00,717.00,489.48
2024/11/08 07:22:00,718.00,482.52
2024/11/08 07:22:00,719.00,474.61
2024/11/08 07:22:00,720.00,470.74
2024/11/08 07:22:00,721.00,472.19
2024/11/08 07:22:00,722.00,471.99
2024/11/08 07:22:00,723.00,470.78
2024/11/08 07:22:00,724.00,472.68
2024/11/08 07:22:00,725.00,474.42
2024/11/08 07:22:00,726.00,474.13
2024/11/08 07:22:00,727.00,474.70
2024/11/08 07:22:00,728.00,476.19
2024/11/08 07:22:00,729.00,477.22
2024/11/08 07:22:00,730.00,475.83
2024/11/08 07:22:00,731.00,478.00
2024/11/08 07:22:00,732.00,482.68
2024/11/08 07:22:00,733.00,482.88
2024/11/08 07:22:00,734.00,483.06
2024/11/08 07:22:00,735.00,486.81
2024/11/08 07:22:00,736.00,487.40
2024/11/08 07:22:00,737.00,486.61
2024/11/08 07:22:00,738.00,486.98
2024/11/08 07:22:00,739.00,486.61
2024/11/08 07:22:00,740.00,485.00
2024/11/08 07:22:00,741.00,482.62
2024/11/08 07:22:00,742.00,481.72
2024/11/08 07:22:00,743.00,483.76
2024/11/08 07:22:00,744.00,484.11
2024/11/08 07:22:00,745.00,484.00
2024/11/08 07:22:00,746.00,487.33
2024/11/08 07:22:00,747.00,485.45
2024/11/08 07:22:00,748.00,483.77
2024/11/08 07:22:00,749.00,484.40
2024/11/08 07:22:00,750.00,484.23
2024/11/08 07:22:00,751.00,482.06
2024/11/08 07:22:00,752.00,481.52
2024/11/08 07:22:00,753.00,480.92
2024/11/08 07:22:00,754.00,478.39
2024/11/08 07:22:00,755.00,472.90
2024/11/08 07:22:00,756.00,461.78
2024/11/08 07:22:00,757.00,438.29
2024/11/08 07:22:00,758.00,401.13
2024/11/08 07:22:00,759.00,365.77
2024/11/08 07:22:00,760.00,329.80
2024/11/08 07:22:00,761.00,297.35
2024/11/08 07:22:00,762.00,282.94
2024/11/08 07:22:00,763.00,284.23
2024/11/08 07:22:00,764.00,290.10
2024/11/08 07:22:00,765.00,303.49
2024/11/08 07:22:00,766.00,325.22
2024/11/08 07:22:00,767.00,347.12
2024/11/08 07:22:00,768.00,366.13
2024/11/08 07:22:00,769.00,383.46
2024/11/08 07:22:00,770.00,401.40
2024/11/08 07:22:00,771.00,414.09
2024/11/08 07:22:00,772.00,423.47
2024/11/08 07:22:00,773.00,434.09
2024/11/08 07:22:00,774.00,441.51
2024/11/08 07:22:00,775.00,443.38
2024/11/08 07:22:00,776.00,445.27
2024/11/08 07:22:00,777.00,448.42
2024/11/08 07:22:00,778.00,448.16
2024/11/08 07:22:00,779.00,447.73
2024/11/08 07:22:00,780.00,448.48
2024/11/08 07:22:00,781.00,449.30
2024/11/08 07:22:00,782.00,448.81
2024/11/08 07:22:00,783.00,447.25
2024/11/08 07:22:00,784.00,449.40
2024/11/08 07:22:00,785.00,448.24
2024/11/08 07:22:00,786.00,445.71
2024/11/08 07:22:00,787.00,446.35
2024/11/08 07:22:00,788.00,446.76
2024/11/08 07:22:00,789.00,443.75
2024/11/08 07:22:00,790.00,442.48
2024/11/08 07:22:00,791.00,441.84
2024/11/08 07:22:00,792.00,439.86
2024/11/08 07:22:00,793.00,438.18
2024/11/08 07:22:00,794.00,437.77
2024/11/08 07:22:00,795.00,439.60
2024/11/08 07:22:00,796.00,438.50
2024/11/08 07:22:00,797.00,434.38
2024/11/08 07:22:00,798.00,434.85
2024/11/08 07:22:00,799.00,434.83
2024/11/08 07:22:00,800.00,432.18
2024/11/08 07:22:00,801.00,432.78
2024/11/08 07:22:00,802.00,433.97
2024/11/08 07:22:00,803.00,434.59
2024/11/08 07:22:00,804.00,433.91
2024/11/08 07:22:00,805.00,435.30
2024/11/08 07:22:00,806.00,437.22
2024/11/08 07:22:00,807.00,436.51
2024/11/08 07:22:00,808.00,435.06
2024/11/08 07:22:00,809.00,435.61
2024/11/08 07:22:00,810.00,432.59
2024/11/08 07:22:00,811.00,427.10
2024/11/08 07:22:00,812.00,427.18
2024/11/08 07:22:00,813.00,422.86
2024/11/08 07:22:00,814.00,416.48
2024/11/08 07:22:00,815.00,412.55
2024/11/08 07:22:00,816.00,410.27
2024/11/08 07:22:00,817.00,406.11
2024/11/08 07:22:00,818.00,403.64
2024/11/08 07:22:00,819.00,404.62
2024/11/08 07:22:00,820.00,406.27
2024/11/08 07:22:00,821.00,404.07
2024/11/08 07:22:00,822.00,406.00
2024/11/08 07:22:00,823.00,411.35
2024/11/08 07:22:00,824.00,412.58
2024/11/08 07:22:00,825.00,412.83
2024/11/08 07:22:00,826.00,415.16
2024/11/08 07:22:00,827.00,414.37
2024/11/08 07:22:00,828.00,408.47
2024/11/08 07:22:00,829.00,407.51
2024/11/08 07:22:00,830.00,407.72
2024/11/08 07:22:00,831.00,406.94
2024/11/08 07:22:00,832.00,404.41
2024/11/08 07:22:00,833.00,405.66
2024/11/08 07:22:00,834.00,404.91
2024/11/08 07:22:00,835.00,402.83
2024/11/08 07:22:00,836.00,404.40
2024/11/08 07:22:00,837.00,405.68
2024/11/08 07:22:00,838.00,401.53
2024/11/08 07:22:00,839.00,400.60
2024/11/08 07:22:00,840.00,399.64
2024/11/08 07:22:00,841.00,396.66
2024/11/08 07:22:00,842.00,396.20
2024/11/08 07:22:00,843.00,397.42
2024/11/08 07:22:00,844.00,395.96
2024/11/08 07:22:00,845.00,394.31
2024/11/08 07:22:00,846.00,392.23
2024/11/08 07:22:00,847.00,389.31
2024/11/08 07:22:00,848.00,385.90
2024/11/08 07:22:00,849.00,382.93
2024/11/08 07:22:00,850.00,380.93
2024/11/08 07:22:00,851.00,376.69
2024/11/08 07:22:00,852.00,371.07
2024/11/08 07:22:00,853.00,369.65
2024/11/08 07:22:00,854.00,368.62
2024/11/08 07:22:00,855.00,368.73
2024/11/08 07:22:00,856.00,371.76
2024/11/08 07:22:00,857.00,375.37
2024/11/08 07:22:00,858.00,377.75
2024/11/08 07:22:00,859.00,378.45
2024/11/08 07:22:00,860.00,379.55
2024/11/08 07:22:00,861.00,380.34
2024/11/08 07:22:00,862.00,378.63
2024/11/08 07:22:00,863.00,375.24
2024/11/08 07:22:00,864.00,372.91
2024/11/08 07:22:00,865.00,369.19
2024/11/08 07:22:00,866.00,365.56
2024/11/08 07:22:00,867.00,366.21
2024/11/08 07:22:00,868.00,367.04
2024/11/08 07:22:00,869.00,368.32
2024/11/08 07:22:00,870.00,371.10
2024/11/08 07:22:00,871.00,372.01
2024/11/08 07:22:00,872.00,371.68
2024/11/08 07:22:00,873.00,371.22
2024/11/08 07:22:00,874.00,370.75
2024/11/08 07:22:00,875.00,370.16
2024/11/08 07:22:00,876.00,369.39
2024/11/08 07:22:00,877.00,369.19
2024/11/08 07:22:00,878.00,369.12
2024/11/08 07:22:00,879.00,366.76
2024/11/08 07:22:00,880.00,367.19
2024/11/08 07:22:00,881.00,367.31
2024/11/08 07:22:00,882.00,365.49
2024/11/08 07:22:00,883.00,364.73
2024/11/08 07:22:00,884.00,364.74
2024/11/08 07:22:00,885.00,364.05
2024/11/08 07:22:00,886.00,362.62
2024/11/08 07:22:00,887.00,361.74
2024/11/08 07:22:00,888.00,362.63
2024/11/08 07:22:00,889.00,360.98
2024/11/08 07:22:00,890.00,358.01
2024/11/08 07:22:00,891.00,357.56
2024/11/08 07:22:00,892.00,354.63
2024/11/08 07:22:00,893.00,349.30
2024/11/08 07:22:00,894.00,344.67
2024/11/08 07:22:00,895.00,338.90
2024/11/08 07:22:00,896.00,332.26
2024/11/08 07:22:00,897.00,325.36
2024/11/08 07:22:00,898.00,319.56
2024/11/08 07:22:00,899.00,314.54
2024/11/08 07:22:00,900.00,311.21
2024/11/08 07:22:00,901.00,309.98
2024/11/08 07:22:00,902.00,312.47
2024/11/08 07:22:00,903.00,313.53
2024/11/08 07:22:00,904.00,314.45
2024/11/08 07:22:00,905.00,314.54
2024/11/08 07:22:00,906.00,311.83
2024/11/08 07:22:00,907.00,309.54
2024/11/08 07:22:00,908.00,308.56
2024/11/08 07:22:00,909.00,306.89
2024/11/08 07:22:00,910.00,305.10
2024/11/08 07:22:00,911.00,304.66
2024/11/08 07:22:00,912.00,303.03
2024/11/08 07:22:00,913.00,300.92
2024/11/08 07:22:00,914.00,299.56
2024/11/08 07:22:00,915.00,299.36
2024/11/08 07:22:00,916.00,299.48
2024/11/08 07:22:00,917.00,299.98
2024/11/08 07:22:00,918.00,302.76
2024/11/08 07:22:00,919.00,303.93
2024/11/08 07:22:00,920.00,304.72
2024/11/08 07:22:00,921.00,304.78
2024/11/08 07:22:00,922.00,305.02
2024/11/08 07:22:00,923.00,304.50
2024/11/08 07:22:00,924.00,303.64
2024/11/08 07:22:00,925.00,301.50
2024/11/08 07:22:00,926.00,298.08
2024/11/08 07:22:00,927.00,290.70
2024/11/08 07:22:00,928.00,280.63
2024/11/08 07:22:00,929.00,269.03
2024/11/08 07:22:00,930.00,253.70
2024/11/08 07:22:00,931.00,236.92
2024/11/08 07:22:00,932.00,222.97
2024/11/08 07:22:00,933.00,209.75
2024/11/08 07:22:00,934.00,199.07
2024/11/08 07:22:00,935.00,193.75
2024/11/08 07:22:00,936.00,192.91
2024/11/08 07:22:00,937.00,194.32
2024/11/08 07:22:00,938.00,198.47
2024/11/08 07:22:00,939.00,203.97
2024/11/08 07:22:00,940.00,207.17
2024/11/08 07:22:00,941.00,206.95
2024/11/08 07:22:00,942.00,206.56
2024/11/08 07:22:00,943.00,204.75
2024/11/08 07:22:00,944.00,201.39
2024/11/08 07:22:00,945.00,202.59
2024/11/08 07:22:00,946.00,202.71
2024/11/08 07:22:00,947.00,203.40
2024/11/08 07:22:00,948.00,204.79
2024/11/08 07:22:00,949.00,206.80
2024/11/08 07:22:00,950.00,208.65
2024/11/08 07:22:00,951.00,210.93
2024/11/08 07:22:00,952.00,212.33
2024/11/08 07:22:00,953.00,213.57
2024/11/08 07:22:00,954.00,213.57
2024/11/08 07:22:00,955.00,214.07
2024/11/08 07:22:00,956.00,216.31
2024/11/08 07:22:00,957.00,217.37
2024/11/08 07:22:00,958.00,219.94
2024/11/08 07:22:00,959.00,224.37
2024/11/08 07:22:00,960.00,226.76
2024/11/08 07:22:00,961.00,230.58
2024/11/08 07:22:00,962.00,234.11
2024/11/08 07:22:00,963.00,237.80
2024/11/08 07:22:00,964.00,240.95
2024/11/08 07:22:00,965.00,245.38
2024/11/08 07:22:00,966.00,251.80
2024/11/08 07:22:00,967.00,257.33
2024/11/08 07:22:00,968.00,262.50
2024/11/08 07:22:00,969.00,268.13
2024/11/08 07:22:00,970.00,270.95
2024/11/08 07:22:00,971.00,270.61
2024/11/08 07:22:00,972.00,271.65
2024/11/08 07:22:00,973.00,270.50
2024/11/08 07:22:00,974.00,269.32
2024/11/08 07:22:00,975.00,269.66
2024/11/08 07:22:00,976.00,270.13
2024/11/08 07:22:00,977.00,270.47
2024/11/08 07:22:00,978.00,271.34
2024/11/08 07:22:00,979.00,273.57
2024/11/08 07:22:00,980.00,275.75
2024/11/08 07:22:00,981.00,276.89
2024/11/08 07:22:00,982.00,279.12
2024/11/08 07:22:00,983.00,282.01
2024/11/08 07:22:00,984.00,282.10
2024/11/08 07:22:00,985.00,283.61
2024/11/08 07:22:00,986.00,284.76
2024/11/08 07:22:00,987.00,285.00
2024/11/08 07:22:00,988.00,285.80
2024/11/08 07:22:00,989.00,286.33
2024/11/08 07:22:00,990.00,286.27
2024/11/08 07:22:00,991.00,285.52
2024/11/08 07:22:00,992.00,284.31
2024/11/08 07:22:00,993.00,285.23
2024/11/08 07:22:00,994.00,283.89
2024/11/08 07:22:00,995.00,283.70
2024/11/08 07:22:00,996.00,285.24
2024/11/08 07:22:00,997.00,284.21
2024/11/08 07:22:00,998.00,283.17
2024/11/08 07:22:00,999.00,283.20
2024/11/08 07:22:00,1000.00,282.25
2024/11/08 07:22:00,1001.00,280.72
2024/11/08 07:22:00,1002.00,279.67
2024/11/08 07:22:00,1003.00,278.97
2024/11/08 07:22:00,1004.00,278.35
2024/11/08 07:22:00,1005.00,276.46
2024/11/08 07:22:00,1006.00,276.81
2024/11/08 07:22:00,1007.00,276.41
2024/11/08 07:22:00,1008.00,274.91
2024/11/08 07:22:00,1009.00,275.91
2024/11/08 07:22:00,1010.00,277.37
2024/11/08 07:22:00,1011.00,276.53
2024/11/08 07:22:00,1012.00,277.63
2024/11/08 07:22:00,1013.00,277.52
2024/11/08 07:22:00,1014.00,276.54
2024/11/08 07:22:00,1015.00,274.17
2024/11/08 07:22:00,1016.00,274.83
2024/11/08 07:22:00,1017.00,274.79
2024/11/08 07:22:00,1018.00,272.53
2024/11/08 07:22:00,1019.00,272.95
2024/11/08 07:22:00,1020.00,272.65
2024/11/08 07:22:00,1021.00,269.80
2024/11/08 07:22:00,1022.00,270.08
2024/11/08 07:22:00,1023.00,269.55
2024/11/08 07:22:00,1024.00,267.94
2024/11/08 07:22:00,1025.00,267.07
2024/11/08 07:22:00,1026.00,266.95
2024/11/08 07:22:00,1027.00,267.08
2024/11/08 07:22:00,1028.00,266.51
2024/11/08 07:22:00,1029.00,266.44
2024/11/08 07:22:00,1030.00,268.02
2024/11/08 07:22:00,1031.00,265.57
2024/11/08 07:22:00,1032.00,264.18
2024/11/08 07:22:00,1033.00,264.99
2024/11/08 07:22:00,1034.00,262.49
2024/11/08 07:22:00,1035.00,262.56
2024/11/08 07:22:00,1036.00,263.31
2024/11/08 07:22:00,1037.00,262.62
2024/11/08 07:22:00,1038.00,260.21
2024/11/08 07:22:00,1039.00,258.50
2024/11/08 07:22:00,1040.00,258.30
2024/11/08 07:22:00,1041.00,256.17
2024/11/08 07:22:00,1042.00,254.52
2024/11/08 07:22:00,1043.00,257.18
2024/11/08 07:22:00,1044.00,256.61
2024/11/08 07:22:00,1045.00,255.17
2024/11/08 07:22:00,1046.00,256.11
2024/11/08 07:22:00,1047.00,255.17
2024/11/08 07:22:00,1048.00,254.04
2024/11/08 07:22:00,1049.00,255.17
2024/11/08 07:22:00,1050.00,255.31
2024/11/08 07:22:00,1051.00,256.42
2024/11/08 07:22:00,1052.00,255.14
2024/11/08 07:22:00,1053.00,256.06
2024/11/08 07:22:00,1054.00,254.60
2024/11/08 07:22:00,1055.00,250.52
2024/11/08 07:22:00,1056.00,252.32
2024/11/08 07:22:00,1057.00,251.81
2024/11/08 07:22:00,1058.00,246.93
2024/11/08 07:22:00,1059.00,247.56
2024/11/08 07:22:00,1060.00,248.03
2024/11/08 07:22:00,1061.00,245.89
2024/11/08 07:22:00,1062.00,243.31
2024/11/08 07:22:00,1063.00,244.48
2024/11/08 07:22:00,1064.00,244.66
2024/11/08 07:22:00,1065.00,243.39
2024/11/08 07:22:00,1066.00,245.94
2024/11/08 07:22:00,1067.00,246.12
2024/11/08 07:22:00,1068.00,241.83
2024/11/08 07:22:00,1069.00,244.96
2024/11/08 07:22:00,1070.00,242.58
2024/11/08 07:22:00,1071.00,241.05
2024/11/08 07:22:00,1072.00,241.95
2024/11/08 07:22:00,1073.00,240.76
2024/11/08 07:22:00,1074.00,240.14
2024/11/08 07:22:00,1075.00,239.05
2024/11/08 07:22:00,1076.00,240.68
2024/11/08 07:22:00,1077.00,242.17
2024/11/08 07:22:00,1078.00,239.03
2024/11/08 07:22:00,1079.00,238.48
2024/11/08 07:22:00,1080.00,238.35
2024/11/08 07:22:00,1081.00,232.95
2024/11/08 07:22:00,1082.00,234.39
2024/11/08 07:22:00,1083.00,236.48
2024/11/08 07:22:00,1084.00,231.14
2024/11/08 07:22:00,1085.00,232.43
2024/11/08 07:22:00,1086.00,234.21
2024/11/08 07:22:00,1087.00,234.91
2024/11/08 07:22:00,1088.00,231.89
2024/11/08 07:22:00,1089.00,227.65
2024/11/08 07:22:00,1090.00,233.21
2024/11/08 07:22:00,1091.00,228.97
2024/11/08 07:22:00,1092.00,225.10
2024/11/08 07:22:00,1093.00,234.85
2024/11/08 07:22:00,1094.00,231.68
2024/11/08 07:22:00,1095.00,226.27
2024/11/08 07:22:00,1096.00,230.01
2024/11/08 07:22:00,1097.00,225.79
2024/11/08 07:22:00,1098.00,220.86
2024/11/08 07:22:00,1099.00,225.96
2024/11/08 07:22:00,1100.00,230.40
2024/11/08 07:23:00,Wavelength(nm),Irradiance(W/m2/um)
2024/11/08 07:23:00,300.00,7.63
2024/11/08 07:23:00,301.00,8.48
2024/11/08 07:23:00,302.00,9.30
2024/11/08 07:23:00,303.00,10.58
2024/11/08 07:23:00,304.00,12.04
2024/11/08 07:23:00,305.00,13.41
2024/11/08 07:23:00,306.00,14.97
2024/11/08 07:23:00,307.00,17.41
2024/11/08 07:23:00,308.00,20.29
2024/11/08 07:23:00,309.00,23.62
2024/11/08 07:23:00,310.00,27.79
2024/11/08 07:23:00,311.00,32.72
2024/11/08 07:23:00,312.00,37.77
2024/11/08 07:23:00,313.00,43.38
2024/11/08 07:23:00,314.00,49.88
2024/11/08 07:23:00,315.00,56.12
2024/11/08 07:23:00,316.00,63.12
2024/11/08 07:23:00,317.00,70.65
2024/11/08 07:23:00,318.00,77.76
2024/11/08 07:23:00,319.00,84.24
2024/11/08 07:23:00,320.00,90.90
2024/11/08 07:23:00,321.00,97.72
2024/11/08 07:23:00,322.00,106.21
2024/11/08 07:23:00,323.00,115.72
2024/11/08 07:23:00,324.00,126.10
2024/11/08 07:23:00,325.00,137.48
2024/11/08 07:23:00,326.00,148.93
2024/11/08 07:23:00,327.00,159.28
2024/11/08 07:23:00,328.00,168.37
2024/11/08 07:23:00,329.00,175.77
2024/11/08 07:23:00,330.00,182.05
2024/11/08 07:23:00,331.00,186.73
2024/11/08 07:23:00,332.00,189.61
2024/11/08 07:23:00,333.00,190.88
2024/11/08 07:23:00,334.00,191.62
2024/11/08 07:23:00,335.00,192.34
2024/11/08 07:23:00,336.00,193.92
2024/11/08 07:23:00,337.00,195.44
2024/11/08 07:23:00,338.00,198.57
2024/11/08 07:23:00,339.00,202.92
2024/11/08 07:23:00,340.00,206.50
2024/11/08 07:23:00,341.00,208.37
2024/11/08 07:23:00,342.00,209.88
2024/11/08 07:23:00,343.00,211.04
2024/11/08 07:23:00,344.00,211.48
2024/11/08 07:23:00,345.00,211.54
2024/11/08 07:23:00,346.00,212.45
2024/11/08 07:23:00,347.00,215.19
2024/11/08 07:23:00,348.00,217.94
2024/11/08 07:23:00,349.00,220.56
2024/11/08 07:23:00,350.00,224.38
2024/11/08 07:23:00,351.00,230.01
2024/11/08 07:23:00,352.00,234.72
2024/11/08 07:23:00,353.00,238.04
2024/11/08 07:23:00,354.00,238.76
2024/11/08 07:23:00,355.00,236.16
2024/11/08 07:23:00,356.00,232.18
2024/11/08 07:23:00,357.00,228.72
2024/11/08 07:23:00,358.00,225.79
2024/11/08 07:23:00,359.00,226.05
2024/11/08 07:23:00,360.00,230.97
2024/11/08 07:23:00,361.00,236.57
2024/11/08 07:23:00,362.00,243.65
2024/11/08 07:23:00,363.00,254.20
2024/11/08 07:23:00,364.00,266.00
2024/11/08 07:23:00,365.00,275.18
2024/11/08 07:23:00,366.00,283.45
2024/11/08 07:23:00,367.00,289.59
2024/11/08 07:23:00,368.00,292.42
2024/11/08 07:23:00,369.00,291.79
2024/11/08 07:23:00,370.00,287.96
2024/11/08 07:23:00,371.00,281.10
2024/11/08 07:23:00,372.00,274.12
2024/11/08 07:23:00,373.00,269.66
2024/11/08 07:23:00,374.00,270.12
2024/11/08 07:23:00,375.00,277.41
2024/11/08 07:23:00,376.00,287.66
2024/11/08 07:23:00,377.00,297.33
2024/11/08 07:23:00,378.00,303.92
2024/11/08 07:23:00,379.00,302.44
2024/11/08 07:23:00,380.00,290.39
2024/11/08 07:23:00,381.00,276.09
2024/11/08 07:23:00,382.00,264.56
2024/11/08 07:23:00,383.00,255.85
2024/11/08 07:23:00,384.00,252.62
2024/11/08 07:23:00,385.00,257.30
2024/11/08 07:23:00,386.00,265.98
2024/11/08 07:23:00,387.00,276.99
2024/11/08 07:23:00,388.00,289.68
2024/11/08 07:23:00,389.00,300.18
2024/11/08 07:23:00,390.00,302.23
2024/11/08 07:23:00,391.00,297.64
2024/11/08 07:23:00,392.00,293.34
2024/11/08 07:23:00,393.00,286.51
2024/11/08 07:23:00,394.00,277.85
2024/11/08 07:23:00,395.00,282.16
2024/11/08 07:23:00,396.00,303.25
2024/11/08 07:23:00,397.00,328.27
2024/11/08 07:23:00,398.00,357.89
2024/11/08 07:23:00,399.00,393.98
2024/11/08 07:23:00,400.00,426.48
2024/11/08 07:23:00,401.00,447.72
2024/11/08 07:23:00,402.00,459.16
2024/11/08 07:23:00,403.00,462.17
2024/11/08 07:23:00,404.00,460.26
2024/11/08 07:23:00,405.00,458.39
2024/11/08 07:23:00,406.00,457.63
2024/11/08 07:23:00,407.00,458.13
2024/11/08 07:23:00,408.00,461.12
2024/11/08 07:23:00,409.00,467.52
2024/11/08 07:23:00,410.00,473.93
2024/11/08 07:23:00,411.00,479.84
2024/11/08 07:23:00,412.00,485.96
2024/11/08 07:23:00,413.00,492.15
2024/11/08 07:23:00,414.00,496.34
2024/11/08 07:23:00,415.00,498.43
2024/11/08 07:23:00,416.00,498.46
2024/11/08 07:23:00,417.00,498.10
2024/11/08 07:23:00,418.00,498.82
2024/11/08 07:23:00,419.00,499.85
2024/11/08 07:23:00,420.00,500.02
2024/11/08 07:23:00,421.00,500.57
2024/11/08 07:23:00,422.00,501.97
2024/11/08 07:23:00,423.00,501.86
2024/11/08 07:23:00,424.00,499.77
2024/11/08 07:23:00,425.00,497.91
2024/11/08 07:23:00,426.00,494.50
2024/11/08 07:23:00,427.00,484.81
2024/11/08 07:23:00,428.00,471.61
2024/11/08 07:23:00,429.00,463.81
2024/11/08 07:23:00,430.00,463.89
2024/11/08 07:23:00,431.00,468.52
2024/11/08 07:23:00,432.00,480.73
2024/11/08 07:23:00,433.00,501.61
2024/11/08 07:23:00,434.00,520.24
2024/11/08 07:23:00,435.00,530.41
2024/11/08 07:23:00,436.00,535.89
2024/11/08 07:23:00,437.00,540.18
2024/11/08 07:23:00,438.00,543.78
2024/11/08 07:23:00,439.00,547.92
2024/11/08 07:23:00,440.00,555.60
2024/11/08 07:23:00,441.00,568.57
2024/11/08 07:23:00,442.00,580.03
2024/11/08 07:23:00,443.00,586.99
2024/11/08 07:23:00,444.00,593.36
2024/11/08 07:23:00,445.00,598.58
2024/11/08 07:23:00,446.00,602.99
2024/11/08 07:23:00,447.00,612.11
2024/11/08 07:23:00,448.00,624.32
2024/11/08 07:23:00,449.00,634.12
2024/11/08 07:23:00,450.00,639.16
2024/11/08 07:23:00,451.00,640.30
2024/11/08 07:23:00,452.00,639.63
2024/11/08 07:23:00,453.00,637.59
2024/11/08 07:23:00,454.00,637.71
2024/11/08 07:23:00,455.00,641.36
2024/11/08 07:23:00,456.00,646.04
2024/11/08 07:23:00,457.00,649.66
2024/11/08 07:23:00,458.00,652.96
2024/11/08 07:23:00,459.00,657.08
2024/11/08 07:23:00,460.00,659.27
2024/11/08 07:23:00,461.00,662.77
2024/11/08 07:23:00,462.00,666.36
2024/11/08 07:23:00,463.00,666.38
2024/11/08 07:23:00,464.00,663.99
2024/11/08 07:23:00,465.00,660.56
2024/11/08 07:23:00,466.00,656.86
2024/11/08 07:23:00,467.00,653.78
2024/11/08 07:23:00,468.00,652.80
2024/11/08 07:23:00,469.00,651.61
2024/11/08 07:23:00,470.00,653.31
2024/11/08 07:23:00,471.00,655.91
2024/11/08 07:23:00,472.00,657.82
2024/11/08 07:23:00,473.00,659.70
2024/11/08 07:23:00,474.00,661.20
2024/11/08 07:23:00,475.00,661.53
2024/11/08 07:23:00,476.00,663.66
2024/11/08 07:23:00,477.00,665.03
2024/11/08 07:23:00,478.00,668.97
2024/11/08 07:23:00,479.00,672.76
2024/11/08 07:23:00,480.00,674.99
2024/11/08 07:23:00,481.00,674.94
2024/11/08 07:23:00,482.00,672.08
2024/11/08 07:23:00,483.00,660.84
2024/11/08 07:23:00,484.00,647.63
2024/11/08 07:23:00,485.00,634.13
2024/11/08 07:23:00,486.00,625.56
2024/11/08 07:23:00,487.00,623.91
2024/11/08 07:23:00,488.00,628.29
2024/11/08 07:23:00,489.00,635.95
2024/11/08 07:23:00,490.00,643.10
2024/11/08 07:23:00,491.00,647.99
2024/11/08 07:23:00,492.00,650.90
2024/11/08 07:23:00,493.00,653.48
2024/11/08 07:23:00,494.00,655.70
2024/11/08 07:23:00,495.00,659.12
2024/11/08 07:23:00,496.00,658.87
2024/11/08 07:23:00,497.00,655.08
2024/11/08 07:23:00,498.00,650.39
2024/11/08 07:23:00,499.00,645.41
2024/11/08 07:23:00,500.00,639.14
2024/11/08 07:23:00,501.00,636.25
2024/11/08 07:23:00,502.00,636.00
2024/11/08 07:23:00,503.00,637.00
2024/11/08 07:23:00,504.00,640.16
2024/11/08 07:23:00,505.00,643.00
2024/11/08 07:23:00,506.00,645.34
2024/11/08 07:23:00,507.00,647.40
2024/11/08 07:23:00,508.00,648.41
2024/11/08 07:23:00,509.00,647.47
2024/11/08 07:23:00,510.00,647.50
2024/11/08 07:23:00,511.00,645.31
2024/11/08 07:23:00,512.00,640.59
2024/11/08 07:23:00,513.00,634.88
2024/11/08 07:23:00,514.00,624.98
2024/11/08 07:23:00,515.00,612.09
2024/11/08 07:23:00,516.00,603.24
2024/11/08 07:23:00,517.00,596.59
2024/11/08 07:23:00,518.00,594.84
2024/11/08 07:23:00,519.00,598.41
2024/11/08 07:23:00,520.00,606.65
2024/11/08 07:23:00,521.00,614.00
2024/11/08 07:23:00,522.00,622.22
2024/11/08 07:23:00,523.00,624.17
2024/11/08 07:23:00,524.00,624.05
2024/11/08 07:23:00,525.00,622.26
2024/11/08 07:23:00,526.00,621.48
2024/11/08 07:23:00,527.00,622.08
2024/11/08 07:23:00,528.00,624.78
2024/11/08 07:23:00,529.00,629.98
2024/11/08 07:23:00,530.00,633.39
2024/11/08 07:23:00,531.00,634.08
2024/11/08 07:23:00,532.00,634.15
2024/11/08 07:23:00,533.00,634.02
2024/11/08 07:23:00,534.00,631.91
2024/11/08 07:23:00,535.00,632.39
2024/11/08 07:23:00,536.00,634.03
2024/11/08 07:23:00,537.00,631.47
2024/11/08 07:23:00,538.00,628.67
2024/11/08 07:23:00,539.00,626.57
2024/11/08 07:23:00,540.00,623.98
2024/11/08 07:23:00,541.00,622.50
2024/11/08 07:23:00,542.00,622.96
2024/11/08 07:23:00,543.00,623.75
2024/11/08 07:23:00,544.00,625.01
2024/11/08 07:23:00,545.00,626.44
2024/11/08 07:23:00,546.00,627.24
2024/11/08 07:23:00,547.00,628.24
2024/11/08 07:23:00,548.00,628.23
2024/11/08 07:23:00,549.00,628.15
2024/11/08 07:23:00,550.00,628.37
2024/11/08 07:23:00,551.00,627.31
2024/11/08 07:23:00,552.00,626.28
2024/11/08 07:23:00,553.00,626.62
2024/11/08 07:23:00,554.00,625.23
2024/11/08 07:23:00,555.00,622.33
2024/11/08 07:23:00,556.00,618.65
2024/11/08 07:23:00,557.00,614.49
2024/11/08 07:23:00,558.00,610.10
2024/11/08 07:23:00,559.00,607.55
2024/11/08 07:23:00,560.00,605.24
2024/11/08 07:23:00,561.00,606.11
2024/11/08 07:23:00,562.00,605.50
2024/11/08 07:23:00,563.00,604.84
2024/11/08 07:23:00,564.00,605.38
2024/11/08 07:23:00,565.00,605.28
2024/11/08 07:23:00,566.00,602.72
2024/11/08 07:23:00,567.00,601.80
2024/11/08 07:23:00,568.00,599.77
2024/11/08 07:23:00,569.00,596.76
2024/11/08 07:23:00,570.00,595.15
2024/11/08 07:23:00,571.00,594.60
2024/11/08 07:23:00,572.00,593.46
2024/11/08 07:23:00,573.00,592.95
2024/11/08 07:23:00,574.00,591.32
2024/11/08 07:23:00,575.00,590.19
2024/11/08 07:23:00,576.00,587.97
2024/11/08 07:23:00,577.00,587.61
2024/11/08 07:23:00,578.00,588.83
2024/11/08 07:23:00,579.00,590.17
2024/11/08 07:23:00,580.00,592.16
2024/11/08 07:23:00,581.00,595.72
2024/11/08 07:23:00,582.00,597.84
2024/11/08 07:23:00,583.00,598.28
2024/11/08 07:23:00,584.00,599.63
2024/11/08 07:23:00,585.00,597.99
2024/11/08 07:23:00,586.00,594.63
2024/11/08 07:23:00,587.00,590.78
2024/11/08 07:23:00,588.00,587.19
2024/11/08 07:23:00,589.00,585.62
2024/11/08 07:23:00,590.00,584.99
2024/11/08 07:23:00,591.00,584.49
2024/11/08 07:23:00,592.00,586.25
2024/11/08 07:23:00,593.00,587.39
2024/11/08 07:23:00,594.00,586.37
2024/11/08 07:23:00,595.00,586.68
2024/11/08 07:23:00,596.00,586.68
2024/11/08 07:23:00,597.00,584.77
2024/11/08 07:23:00,598.00,583.07
2024/11/08 07:23:00,599.00,580.80
2024/11/08 07:23:00,600.00,578.87
2024/11/08 07:23:00,601.00,578.36
2024/11/08 07:23:00,602.00,578.41
2024/11/08 07:23:00,603.00,579.89
2024/11/08 07:23:00,604.00,580.52
2024/11/08 07:23:00,605.00,580.46
2024/11/08 07:23:00,606.00,580.36
2024/11/08 07:23:00,607.00,580.26
2024/11/08 07:23:00,608.00,578.26
2024/11/08 07:23:00,609.00,577.55
2024/11/08 07:23:00,610.00,576.58
2024/11/08 07:23:00,611.00,574.89
2024/11/08 07:23:00,612.00,571.83
2024/11/08 07:23:00,613.00,569.41
2024/11/08 07:23:00,614.00,566.70
2024/11/08 07:23:00,615.00,564.51
2024/11/08 07:23:00,616.00,563.54
2024/11/08 07:23:00,617.00,563.97
2024/11/08 07:23:00,618.00,567.13
2024/11/08 07:23:00,619.00,568.12
2024/11/08 07:23:00,620.00,568.54
2024/11/08 07:23:00,621.00,568.50
2024/11/08 07:23:00,622.00,566.84
2024/11/08 07:23:00,623.00,562.81
2024/11/08 07:23:00,624.00,561.22
2024/11/08 07:23:00,625.00,558.20
2024/11/08 07:23:00,626.00,555.06
2024/11/08 07:23:00,627.00,553.08
2024/11/08 07:23:00,628.00,551.48
2024/11/08 07:23:00,629.00,550.20
2024/11/08 07:23:00,630.00,550.56
2024/11/08 07:23:00,631.00,550.71
2024/11/08 07:23:00,632.00,552.24
2024/11/08 07:23:00,633.00,553.23
2024/11/08 07:23:00,634.00,554.72
2024/11/08 07:23:00,635.00,557.28
2024/11/08 07:23:00,636.00,559.68
2024/11/08 07:23:00,637.00,560.90
2024/11/08 07:23:00,638.00,561.98
2024/11/08 07:23:00,639.00,562.19
2024/11/08 07:23:00,640.00,561.97
2024/11/08 07:23:00,641.00,561.34
2024/11/08 07:23:00,642.00,560.72
2024/11/08 07:23:00,643.00,561.63
2024/11/08 07:23:00,644.00,561.24
2024/11/08 07:23:00,645.00,559.70
2024/11/08 07:23:00,646.00,559.78
2024/11/08 07:23:00,647.00,558.31
2024/11/08 07:23:00,648.00,555.98
2024/11/08 07:23:00,649.00,555.67
2024/11/08 07:23:00,650.00,556.16
2024/11/08 07:23:00,651.00,554.92
2024/11/08 07:23:00,652.00,553.92
2024/11/08 07:23:00,653.00,548.36
2024/11/08 07:23:00,654.00,542.05
2024/11/08 07:23:00,655.00,537.29
2024/11/08 07:23:00,656.00,534.21
2024/11/08 07:23:00,657.00,533.76
2024/11/08 07:23:00,658.00,537.66
2024/11/08 07:23:00,659.00,542.27
2024/11/08 07:23:00,660.00,547.24
2024/11/08 07:23:00,661.00,550.35
2024/11/08 07:23:00,662.00,551.81
2024/11/08 07:23:00,663.00,554.12
2024/11/08 07:23:00,664.00,555.15
2024/11/08 07:23:00,665.00,555.52
2024/11/08 07:23:00,666.00,556.51
2024/11/08 07:23:00,667.00,557.24
2024/11/08 07:23:00,668.00,558.19
2024/11/08 07:23:00,669.00,558.66
2024/11/08 07:23:00,670.00,557.74
2024/11/08 07:23:00,671.00,558.27
2024/11/08 07:23:00,672.00,558.15
2024/11/08 07:23:00,673.00,557.12
2024/11/08 07:23:00,674.00,558.03
2024/11/08 07:23:00,675.00,557.97
2024/11/08 07:23:00,676.00,557.09
2024/11/08 07:23:00,677.00,557.25
2024/11/08 07:23:00,678.00,556.80
2024/11/08 07:23:00,679.00,555.04
2024/11/08 07:23:00,680.00,554.17
2024/11/08 07:23:00,681.00,552.41
2024/11/08 07:23:00,682.00,551.60
2024/11/08 07:23:00,683.00,544.96
2024/11/08 07:23:00,684.00,532.26
2024/11/08 07:23:00,685.00,517.37
2024/11/08 07:23:00,686.00,500.75
2024/11/08 07:23:00,687.00,485.16
2024/11/08 07:23:00,688.00,476.07
2024/11/08 07:23:00,689.00,474.34
2024/11/08 07:23:00,690.00,478.70
2024/11/08 07:23:00,691.00,486.62
2024/11/08 07:23:00,692.00,492.51
2024/11/08 07:23:00,693.00,501.03
2024/11/08 07:23:00,694.00,508.51
2024/11/08 07:23:00,695.00,512.57
2024/11/08 07:23:00,696.00,516.18
2024/11/08 07:23:00,697.00,520.06
2024/11/08 07:23:00,698.00,520.23
2024/11/08 07:23:00,699.00,520.94
2024/11/08 07:23:00,700.00,520.86
2024/11/08 07:23:00,701.00,519.62
2024/11/08 07:23:00,702.00,521.66
2024/11/08 07:23:00,703.00,522.10
2024/11/08 07:23:00,704.00,523.44
2024/11/08 07:23:00,705.00,524.19
2024/11/08 07:23:00,706.00,524.72
2024/11/08 07:23:00,707.00,526.17
2024/11/08 07:23:00,708.00,526.20
2024/11/08 07:23:00,709.00,524.60
2024/11/08 07:23:00,710.00,524.73
2024/11/08 07:23:00,711.00,524.62
2024/11/08 07:23:00,712.00,520.23
2024/11/08 07:23:00,713.00,518.63
2024/11/08 07:23:00,714.00,514.83
2024/11/08 07:23:00,715.00,509.26
2024/11/08 07:23:00,716.00,502.90
2024/11/08 07:23:00,717.00,493.24
2024/11/08 07:23:00,718.00,486.12
2024/11/08 07:23:00,719.00,482.42
2024/11/08 07:23:00,720.00,477.57
2024/11/08 07:23:00,721.00,476.57
2024/11/08 07:23:00,722.00,476.78
2024/11/08 07:23:00,723.00,476.55
2024/11/08 07:23:00,724.00,476.82
2024/11/08 07:23:00,725.00,476.55
2024/11/08 07:23:00,726.00,475.64
2024/11/08 07:23:00,727.00,476.66
2024/11/08 07:23:00,728.00,477.44
2024/11/08 07:23:00,729.00,477.82
2024/11/08 07:23:00,730.00,480.06
2024/11/08 07:23:00,731.00,481.82
2024/11/08 07:23:00,732.00,485.78
2024/11/08 07:23:00,733.00,487.77
2024/11/08 07:23:00,734.00,489.04
2024/11/08 07:23:00,735.00,491.80
2024/11/08 07:23:00,736.00,490.29
2024/11/08 07:23:00,737.00,487.86
2024/11/08 07:23:00,738.00,489.57
2024/11/08 07:23:00,739.00,488.95
2024/11/08 07:23:00,740.00,486.68
2024/11/08 07:23:00,741.00,488.51
2024/11/08 07:23:00,742.00,489.17
2024/11/08 07:23:00,743.00,487.51
2024/11/08 07:23:00,744.00,488.59
2024/11/08 07:23:00,745.00,488.21
2024/11/08 07:23:00,746.00,488.72
2024/11/08 07:23:00,747.00,487.56
2024/11/08 07:23:00,748.00,485.05
2024/11/08 07:23:00,749.00,485.49
2024/11/08 07:23:00,750.00,484.36
2024/11/08 07:23:00,751.00,482.98
2024/11/08 07:23:00,752.00,484.08
2024/11/08 07:23:00,753.00,484.38
2024/11/08 07:23:00,754.00,480.86
2024/11/08 07:23:00,755.00,480.13
2024/11/08 07:23:00,756.00,467.69
2024/11/08 07:23:00,757.00,441.55
2024/11/08 07:23:00,758.00,406.11
2024/11/08 07:23:00,759.00,367.22
2024/11/08 07:23:00,760.00,329.10
2024/11/08 07:23:00,761.00,297.17
2024/11/08 07:23:00,762.00,280.69
2024/11/08 07:23:00,763.00,281.55
2024/11/08 07:23:00,764.00,288.28
2024/11/08 07:23:00,765.00,302.09
2024/11/08 07:23:00,766.00,324.42
2024/11/08 07:23:00,767.00,348.34
2024/11/08 07:23:00,768.00,367.44
2024/11/08 07:23:00,769.00,387.87
2024/11/08 07:23:00,770.00,404.18
2024/11/08 07:23:00,771.00,418.15
2024/11/08 07:23:00,772.00,430.50
2024/11/08 07:23:00,773.00,438.44
2024/11/08 07:23:00,774.00,447.09
2024/11/08 07:23:00,775.00,450.90
2024/11/08 07:23:00,776.00,450.40
2024/11/08 07:23:00,777.00,453.52
2024/11/08 07:23:00,778.00,452.94
2024/11/08 07:23:00,779.00,451.63
2024/11/08 07:23:00,780.00,453.39
2024/11/08 07:23:00,781.00,453.66
2024/11/08 07:23:00,782.00,451.69
2024/11/08 07:23:00,783.00,453.30
2024/11/08 07:23:00,784.00,453.57
2024/11/08 07:23:00,785.00,452.17
2024/11/08 07:23:00,786.00,451.43
2024/11/08 07:23:00,787.00,450.78
2024/11/08 07:23:00,788.00,451.51
2024/11/08 07:23:00,789.00,448.86
2024/11/08 07:23:00,790.00,445.49
2024/11/08 07:23:00,791.00,446.78
2024/11/08 07:23:00,792.00,441.34
2024/11/08 07:23:00,793.00,436.22
2024/11/08 07:23:00,794.00,437.89
2024/11/08 07:23:00,795.00,438.36
2024/11/08 07:23:00,796.00,436.93
2024/11/08 07:23:00,797.00,439.44
2024/11/08 07:23:00,798.00,441.49
2024/11/08 07:23:00,799.00,440.30
2024/11/08 07:23:00,800.00,440.39
2024/11/08 07:23:00,801.00,441.05
2024/11/08 07:23:00,802.00,442.55
2024/11/08 07:23:00,803.00,440.73
2024/11/08 07:23:00,804.00,440.00
2024/11/08 07:23:00,805.00,440.49
2024/11/08 07:23:00,806.00,436.94
2024/11/08 07:23:00,807.00,435.46
2024/11/08 07:23:00,808.00,436.58
2024/11/08 07:23:00,809.00,433.47
2024/11/08 07:23:00,810.00,430.62
2024/11/08 07:23:00,811.00,430.35
2024/11/08 07:23:00,812.00,426.32
2024/11/08 07:23:00,813.00,421.33
2024/11/08 07:23:00,814.00,416.53
2024/11/08 07:23:00,815.00,413.63
2024/11/08 07:23:00,816.00,408.93
2024/11/08 07:23:00,817.00,406.02
2024/11/08 07:23:00,818.00,406.47
2024/11/08 07:23:00,819.00,408.68
2024/11/08 07:23:00,820.00,405.32
2024/11/08 07:23:00,821.00,407.79
2024/11/08 07:23:00,822.00,411.54
2024/11/08 07:23:00,823.00,410.59
2024/11/08 07:23:00,824.00,412.93
2024/11/08 07:23:00,825.00,413.88
2024/11/08 07:23:00,826.00,413.46
2024/11/08 07:23:00,827.00,411.95
2024/11/08 07:23:00,828.00,411.14
2024/11/08 07:23:00,829.00,413.17
2024/11/08 07:23:00,830.00,412.54
2024/11/08 07:23:00,831.00,409.62
2024/11/08 07:23:00,832.00,410.55
2024/11/08 07:23:00,833.00,407.94
2024/11/08 07:23:00,834.00,403.48
2024/11/08 07:23:00,835.00,404.63
2024/11/08 07:23:00,836.00,405.22
2024/11/08 07:23:00,837.00,402.92
2024/11/08 07:23:00,838.00,405.15
2024/11/08 07:23:00,839.00,405.58
2024/11/08 07:23:00,840.00,404.93
2024/11/08 07:23:00,841.00,404.25
2024/11/08 07:23:00,842.00,402.05
2024/11/08 07:23:00,843.00,401.57
2024/11/08 07:23:00,844.00,398.74
2024/11/08 07:23:00,845.00,394.98
2024/11/08 07:23:00,846.00,395.94
2024/11/08 07:23:00,847.00,392.48
2024/11/08 07:23:00,848.00,388.35
2024/11/08 07:23:00,849.00,387.41
2024/11/08 07:23:00,850.00,384.39
2024/11/08 07:23:00,851.00,377.53
2024/11/08 07:23:00,852.00,374.02
2024/11/08 07:23:00,853.00,372.51
2024/11/08 07:23:00,854.00,370.55
2024/11/08 07:23:00,855.00,372.27
2024/11/08 07:23:00,856.00,375.58
2024/11/08 07:23:00,857.00,379.13
2024/11/08 07:23:00,858.00,380.32
2024/11/08 07:23:00,859.00,381.72
2024/11/08 07:23:00,860.00,383.34
2024/11/08 07:23:00,861.00,383.73
2024/11/08 07:23:00,862.00,382.30
2024/11/08 07:23:00,863.00,380.81
2024/11/08 07:23:00,864.00,377.50
2024/11/08 07:23:00,865.00,373.25
2024/11/08 07:23:00,866.00,371.32
2024/11/08 07:23:00,867.00,371.88
2024/11/08 07:23:00,868.00,371.30
2024/11/08 07:23:00,869.00,371.83
2024/11/08 07:23:00,870.00,372.43
2024/11/08 07:23:00,871.00,371.75
2024/11/08 07:23:00,872.00,369.50
2024/11/08 07:23:00,873.00,369.92
2024/11/08 07:23:00,874.00,369.99
2024/11/08 07:23:00,875.00,370.15
2024/11/08 07:23:00,876.00,370.23
2024/11/08 07:23:00,877.00,371.23
2024/11/08 07:23:00,878.00,369.44
2024/11/08 07:23:00,879.00,368.85
2024/11/08 07:23:00,880.00,368.46
2024/11/08 07:23:00,881.00,367.92
2024/11/08 07:23:00,882.00,367.06
2024/11/08 07:23:00,883.00,367.50
2024/11/08 07:23:00,884.00,367.72
2024/11/08 07:23:00,885.00,365.71
2024/11/08 07:23:00,886.00,364.39
2024/11/08 07:23:00,887.00,364.49
2024/11/08 07:23:00,888.00,363.71
2024/11/08 07:23:00,889.00,361.91
2024/11/08 07:23:00,890.00,362.05
2024/11/08 07:23:00,891.00,359.93
2024/11/08 07:23:00,892.00,356.52
2024/11/08 07:23:00,893.00,352.04
2024/11/08 07:23:00,894.00,346.83
2024/11/08 07:23:00,895.00,339.66
2024/11/08 07:23:00,896.00,332.30
2024/11/08 07:23:00,897.00,325.74
2024/11/08 07:23:00,898.00,319.46
2024/11/08 07:23:00,899.00,314.29
2024/11/08 07:23:00,900.00,311.81
2024/11/08 07:23:00,901.00,313.39
2024/11/08 07:23:00,902.00,314.49
2024/11/08 07:23:00,903.00,317.58
2024/11/08 07:23:00,904.00,319.30
2024/11/08 07:23:00,905.00,317.67
2024/11/08 07:23:00,906.00,314.28
2024/11/08 07:23:00,907.00,312.18
2024/11/08 07:23:00,908.00,309.06
2024/11/08 07:23:00,909.00,307.21
2024/11/08 07:23:00,910.00,305.72
2024/11/08 07:23:00,911.00,305.53
2024/11/08 07:23:00,912.00,303.07
2024/11/08 07:23:00,913.00,301.66
2024/11/08 07:23:00,914.00,301.99
2024/11/08 07:23:00,915.00,301.95
2024/11/08 07:23:00,916.00,302.68
2024/11/08 07:23:00,917.00,304.93
2024/11/08 07:23:00,918.00,307.73
2024/11/08 07:23:00,919.00,308.20
2024/11/08 07:23:00,920.00,309.15
2024/11/08 07:23:00,921.00,308.92
2024/11/08 07:23:00,922.00,307.70
2024/11/08 07:23:00,923.00,306.04
2024/11/08 07:23:00,924.00,305.09
2024/11/08 07:23:00,925.00,303.87
2024/11/08 07:23:00,926.00,299.28
2024/11/08 07:23:00,927.00,293.30
2024/11/08 07:23:00,928.00,284.92
2024/11/08 07:23:00,929.00,271.69
2024/11/08 07:23:00,930.00,256.80
2024/11/08 07:23:00,931.00,241.38
2024/11/08 07:23:00,932.00,224.26
2024/11/08 07:23:00,933.00,210.87
2024/11/08 07:23:00,934.00,200.76
2024/11/08 07:23:00,935.00,194.79
2024/11/08 07:23:00,936.00,193.15
2024/11/08 07:23:00,937.00,195.32
2024/11/08 07:23:00,938.00,200.34
2024/11/08 07:23:00,939.00,204.40
2024/11/08 07:23:00,940.00,206.67
2024/11/08 07:23:00,941.00,208.63
2024/11/08 07:23:00,942.00,206.68
2024/11/08 07:23:00,943.00,204.16
2024/11/08 07:23:00,944.00,203.72
2024/11/08 07:23:00,945.00,205.13
2024/11/08 07:23:00,946.00,204.86
2024/11/08 07:23:00,947.00,206.93
2024/11/08 07:23:00,948.00,208.73
2024/11/08 07:23:00,949.00,209.68
2024/11/08 07:23:00,950.00,210.44
2024/11/08 07:23:00,951.00,211.68
2024/11/08 07:23:00,952.00,212.64
2024/11/08 07:23:00,953.00,212.20
2024/11/08 07:23:00,954.00,213.96
2024/11/08 07:23:00,955.00,215.54
2024/11/08 07:23:00,956.00,216.31
2024/11/08 07:23:00,957.00,218.85
2024/11/08 07:23:00,958.00,222.01
2024/11/08 07:23:00,959.00,224.44
2024/11/08 07:23:00,960.00,228.90
2024/11/08 07:23:00,961.00,232.21
2024/11/08 07:23:00,962.00,235.91
2024/11/08 07:23:00,963.00,239.80
2024/11/08 07:23:00,964.00,242.25
2024/11/08 07:23:00,965.00,246.97
2024/11/08 07:23:00,966.00,252.60
2024/11/08 07:23:00,967.00,257.58
2024/11/08 07:23:00,968.00,264.05
2024/11/08 07:23:00,969.00,267.85
2024/11/08 07:23:00,970.00,269.80
2024/11/08 07:23:00,971.00,271.51
2024/11/08 07:23:00,972.00,271.07
2024/11/08 07:23:00,973.00,269.88
2024/11/08 07:23:00,974.00,269.66
2024/11/08 07:23:00,975.00,268.53
2024/11/08 07:23:00,976.00,268.63
2024/11/08 07:23:00,977.00,268.62
2024/11/08 07:23:00,978.00,270.80
2024/11/08 07:23:00,979.00,273.51
2024/11/08 07:23:00,980.00,275.38
2024/11/08 07:23:00,981.00,279.04
2024/11/08 07:23:00,982.00,281.88
2024/11/08 07:23:00,983.00,282.29
2024/11/08 07:23:00,984.00,284.90
2024/11/08 07:23:00,985.00,285.43
2024/11/08 07:23:00,986.00,285.32
2024/11/08 07:23:00,987.00,286.67
2024/11/08 07:23:00,988.00,287.15
2024/11/08 07:23:00,989.00,288.31
2024/11/08 07:23:00,990.00,289.31
2024/11/08 07:23:00,991.00,289.25
2024/11/08 07:23:00,992.00,290.19
2024/11/08 07:23:00,993.00,288.94
2024/11/08 07:23:00,994.00,288.08
2024/11/08 07:23:00,995.00,287.51
2024/11/08 07:23:00,996.00,285.39
2024/11/08 07:23:00,997.00,284.33
2024/11/08 07:23:00,998.00,284.32
2024/11/08 07:23:00,999.00,283.54
2024/11/08 07:23:00,1000.00,284.21
2024/11/08 07:23:00,1001.00,283.03
2024/11/08 07:23:00,1002.00,282.27
2024/11/08 07:23:00,1003.00,280.13
2024/11/08 07:23:00,1004.00,277.22
2024/11/08 07:23:00,1005.00,277.18
2024/11/08 07:23:00,1006.00,276.24
2024/11/08 07:23:00,1007.00,276.62
2024/11/08 07:23:00,1008.00,278.58
2024/11/08 07:23:00,1009.00,278.52
2024/11/08 07:23:00,1010.00,277.44
2024/11/08 07:23:00,1011.00,277.28
2024/11/08 07:23:00,1012.00,277.22
2024/11/08 07:23:00,1013.00,277.25
2024/11/08 07:23:00,1014.00,277.11
2024/11/08 07:23:00,1015.00,277.49
2024/11/08 07:23:00,1016.00,276.55
2024/11/08 07:23:00,1017.00,275.04
2024/11/08 07:23:00,1018.00,274.90
2024/11/08 07:23:00,1019.00,274.16
2024/11/08 07:23:00,1020.00,272.10
2024/11/08 07:23:00,1021.00,271.55
2024/11/08 07:23:00,1022.00,272.02
2024/11/08 07:23:00,1023.00,269.81
2024/11/08 07:23:00,1024.00,270.55
2024/11/08 07:23:00,1025.00,271.19
2024/11/08 07:23:00,1026.00,271.28
2024/11/08 07:23:00,1027.00,270.41
2024/11/08 07:23:00,1028.00,270.03
2024/11/08 07:23:00,1029.00,270.29
2024/11/08 07:23:00,1030.00,268.31
2024/11/08 07:23:00,1031.00,267.15
2024/11/08 07:23:00,1032.00,268.18
2024/11/08 07:23:00,1033.00,265.98
2024/11/08 07:23:00,1034.00,266.04
2024/11/08 07:23:00,1035.00,265.63
2024/11/08 07:23:00,1036.00,262.98
2024/11/08 07:23:00,1037.00,262.86
2024/11/08 07:23:00,1038.00,260.30
2024/11/08 07:23:00,1039.00,258.77
2024/11/08 07:23:00,1040.00,259.93
2024/11/08 07:23:00,1041.00,257.86
2024/11/08 07:23:00,1042.00,258.53
2024/11/08 07:23:00,1043.00,259.31
2024/11/08 07:23:00,1044.00,258.12
2024/11/08 07:23:00,1045.00,259.91
2024/11/08 07:23:00,1046.00,259.36
2024/11/08 07:23:00,1047.00,258.05
2024/11/08 07:23:00,1048.00,258.62
2024/11/08 07:23:00,1049.00,257.05
2024/11/08 07:23:00,1050.00,255.93
2024/11/08 07:23:00,1051.00,258.09
2024/11/08 07:23:00,1052.00,256.57
2024/11/08 07:23:00,1053.00,255.65
2024/11/08 07:23:00,1054.00,252.70
2024/11/08 07:23:00,1055.00,251.99
2024/11/08 07:23:00,1056.00,251.64
2024/11/08 07:23:00,1057.00,248.56
2024/11/08 07:23:00,1058.00,251.19
2024/11/08 07:23:00,1059.00,250.82
2024/11/08 07:23:00,1060.00,249.30
2024/11/08 07:23:00,1061.00,250.58
2024/11/08 07:23:00,1062.00,248.55
2024/11/08 07:23:00,1063.00,245.51
2024/11/08 07:23:00,1064.00,243.50
2024/11/08 07:23:00,1065.00,241.63
2024/11/08 07:23:00,1066.00,240.69
2024/11/08 07:23:00,1067.00,239.42
2024/11/08 07:23:00,1068.00,239.17
2024/11/08 07:23:00,1069.00,241.57
2024/11/08 07:23:00,1070.00,241.16
2024/11/08 07:23:00,1071.00,243.80
2024/11/08 07:23:00,1072.00,244.45
2024/11/08 07:23:00,1073.00,242.60
2024/11/08 07:23:00,1074.00,244.95
2024/11/08 07:23:00,1075.00,242.23
2024/11/08 07:23:00,1076.00,243.92
2024/11/08 07:23:00,1077.00,246.50
2024/11/08 07:23:00,1078.00,245.72
2024/11/08 07:23:00,1079.00,245.21
2024/11/08 07:23:00,1080.00,242.30
2024/11/08 07:23:00,1081.00,240.84
2024/11/08 07:23:00,1082.00,239.82
2024/11/08 07:23:00,1083.00,237.02
2024/11/08 07:23:00,1084.00,238.20
2024/11/08 07:23:00,1085.00,238.54
2024/11/08 07:23:00,1086.00,236.05
2024/11/08 07:23:00,1087.00,240.24
2024/11/08 07:23:00,1088.00,237.88
2024/11/08 07:23:00,1089.00,237.94
2024/11/08 07:23:00,1090.00,240.22
2024/11/08 07:23:00,1091.00,235.27
2024/11/08 07:23:00,1092.00,236.36
2024/11/08 07:23:00,1093.00,239.20
2024/11/08 07:23:00,1094.00,231.89
2024/11/08 07:23:00,1095.00,236.67
2024/11/08 07:23:00,1096.00,234.43
2024/11/08 07:23:00,1097.00,228.21
2024/11/08 07:23:00,1098.00,231.43
2024/11/08 07:23:00,1099.00,221.05
2024/11/08 07:23:00,1100.00,220.17
2024/11/08 07:24:00,Wavelength(nm),Irradiance(W/m2/um)
2024/11/08 07:24:00,300.00,7.43
2024/11/08 07:24:00,301.00,7.96
2024/11/08 07:24:00,302.00,9.19
2024/11/08 07:24:00,303.00,10.67
2024/11/08 07:24:00,304.00,12.12
2024/11/08 07:24:00,305.00,13.80
2024/11/08 07:24:00,306.00,15.68
2024/11/08 07:24:00,307.00,17.92
2024/11/08 07:24:00,308.00,20.40
2024/11/08 07:24:00,309.00,23.82
2024/11/08 07:24:00,310.00,28.22
2024/11/08 07:24:00,311.00,32.81
2024/11/08 07:24:00,312.00,37.86
2024/11/08 07:24:00,313.00,43.83
2024/11/08 07:24:00,314.00,50.11
2024/11/08 07:24:00,315.00,56.49
2024/11/08 07:24:00,316.00,63.66
2024/11/08 07:24:00,317.00,71.41
2024/11/08 07:24:00,318.00,78.53
2024/11/08 07:24:00,319.00,84.83
2024/11/08 07:24:00,320.00,91.70
2024/11/08 07:24:00,321.00,99.02
2024/11/08 07:24:00,322.00,107.06
2024/11/08 07:24:00,323.00,116.60
2024/11/08 07:24:00,324.00,127.34
2024/11/08 07:24:00,325.00,138.15
2024/11/08 07:24:00,326.00,149.71
2024/11/08 07:24:00,327.00,160.58
2024/11/08 07:24:00,328.00,169.71
2024/11/08 07:24:00,329.00,177.51
2024/11/08 07:24:00,330.00,183.81
2024/11/08 07:24:00,331.00,188.36
2024/11/08 07:24:00,332.00,191.43
2024/11/08 07:24:00,333.00,192.39
2024/11/08 07:24:00,334.00,192.96
2024/11/08 07:24:00,335.00,193.89
2024/11/08 07:24:00,336.00,195.17
2024/11/08 07:24:00,337.00,196.98
2024/11/08 07:24:00,338.00,200.74
2024/11/08 07:24:00,339.00,205.07
2024/11/08 07:24:00,340.00,208.73
2024/11/08 07:24:00,341.00,210.41
2024/11/08 07:24:00,342.00,211.54
2024/11/08 07:24:00,343.00,212.32
2024/11/08 07:24:00,344.00,212.75
2024/11/08 07:24:00,345.00,213.00
2024/11/08 07:24:00,346.00,214.35
2024/11/08 07:24:00,347.00,216.82
2024/11/08 07:24:00,348.00,220.26
2024/11/08 07:24:00,349.00,223.19
2024/11/08 07:24:00,350.00,226.90
2024/11/08 07:24:00,351.00,232.19
2024/11/08 07:24:00,352.00,237.21
2024/11/08 07:24:00,353.00,240.38
2024/11/08 07:24:00,354.00,240.70
2024/11/08 07:24:00,355.00,237.94
2024/11/08 07:24:00,356.00,234.11
2024/11/08 07:24:00,357.00,230.76
2024/11/08 07:24:00,358.00,227.35
2024/11/08 07:24:00,359.00,227.74
2024/11/08 07:24:00,360.00,232.84
2024/11/08 07:24:00,361.00,238.48
2024/11/08 07:24:00,362.00,245.35
2024/11/08 07:24:00,363.00,256.11
2024/11/08 07:24:00,364.00,267.70
2024/11/08 07:24:00,365.00,276.94
2024/11/08 07:24:00,366.00,285.36
2024/11/08 07:24:00,367.00,291.85
2024/11/08 07:24:00,368.00,294.79
2024/11/08 07:24:00,369.00,294.32
2024/11/08 07:24:00,370.00,290.32
2024/11/08 07:24:00,371.00,283.11
2024/11/08 07:24:00,372.00,275.97
2024/11/08 07:24:00,373.00,271.10
2024/11/08 07:24:00,374.00,271.57
2024/11/08 07:24:00,375.00,279.11
2024/11/08 07:24:00,376.00,289.33
2024/11/08 07:24:00,377.00,298.83
2024/11/08 07:24:00,378.00,305.98
2024/11/08 07:24:00,379.00,304.29
2024/11/08 07:24:00,380.00,291.97
2024/11/08 07:24:00,381.00,277.78
2024/11/08 07:24:00,382.00,266.54
2024/11/08 07:24:00,383.00,257.80
2024/11/08 07:24:00,384.00,254.51
2024/11/08 07:24:00,385.00,259.25
2024/11/08 07:24:00,386.00,267.71
2024/11/08 07:24:00,387.00,278.53
2024/11/08 07:24:00,388.00,291.06
2024/11/08 07:24:00,389.00,302.04
2024/11/08 07:24:00,390.00,304.04
2024/11/08 07:24:00,391.00,299.62
2024/11/08 07:24:00,392.00,295.19
2024/11/08 07:24:00,393.00,288.11
2024/11/08 07:24:00,394.00,279.02
2024/11/08 07:24:00,395.00,283.30
2024/11/08 07:24:00,396.00,304.78
2024/11/08 07:24:00,397.00,330.20
2024/11/08 07:24:00,398.00,360.18
2024/11/08 07:24:00,399.00,396.69
2024/11/08 07:24:00,400.00,429.49
2024/11/08 07:24:00,401.00,450.24
2024/11/08 07:24:00,402.00,461.75
2024/11/08 07:24:00,403.00,464.51
2024/11/08 07:24:00,404.00,462.77
2024/11/08 07:24:00,405.00,460.98
2024/11/08 07:24:00,406.00,460.65
2024/11/08 07:24:00,407.00,461.48
2024/11/08 07:24:00,408.00,464.39
2024/11/08 07:24:00,409.00,470.55
2024/11/08 07:24:00,410.00,477.24
2024/11/08 07:24:00,411.00,482.88
2024/11/08 07:24:00,412.00,488.92
2024/11/08 07:24:00,413.00,495.76
2024/11/08 07:24:00,414.00,500.14
2024/11/08 07:24:00,415.00,501.25
2024/11/08 07:24:00,416.00,501.50
2024/11/08 07:24:00,417.00,501.08
2024/11/08 07:24:00,418.00,501.21
2024/11/08 07:24:00,419.00,501.79
2024/11/08 07:24:00,420.00,502.41
2024/11/08 07:24:00,421.00,503.37
2024/11/08 07:24:00,422.00,504.84
2024/11/08 07:24:00,423.00,505.05
2024/11/08 07:24:00,424.00,503.50
2024/11/08 07:24:00,425.00,502.28
2024/11/08 07:24:00,426.00,498.84
2024/11/08 07:24:00,427.00,489.10
2024/11/08 07:24:00,428.00,475.98
2024/11/08 07:24:00,429.00,467.58
2024/11/08 07:24:00,430.00,466.89
2024/11/08 07:24:00,431.00,471.52
2024/11/08 07:24:00,432.00,484.01
2024/11/08 07:24:00,433.00,504.76
2024/11/08 07:24:00,434.00,524.66
2024/11/08 07:24:00,435.00,534.29
2024/11/08 07:24:00,436.00,539.86
2024/11/08 07:24:00,437.00,544.08
2024/11/08 07:24:00,438.00,546.82
2024/11/08 07:24:00,439.00,550.98
2024/11/08 07:24:00,440.00,559.69
2024/11/08 07:24:00,441.00,572.07
2024/11/08 07:24:00,442.00,583.51
2024/11/08 07:24:00,443.00,591.93
2024/11/08 07:24:00,444.00,597.32
2024/11/08 07:24:00,445.00,602.41
2024/11/08 07:24:00,446.00,607.32
2024/11/08 07:24:00,447.00,616.24
2024/11/08 07:24:00,448.00,626.99
2024/11/08 07:24:00,449.00,637.16
2024/11/08 07:24:00,450.00,642.42
2024/11/08 07:24:00,451.00,643.74
2024/11/08 07:24:00,452.00,642.42
2024/11/08 07:24:00,453.00,641.17
2024/11/08 07:24:00,454.00,642.04
2024/11/08 07:24:00,455.00,645.25
2024/11/08 07:24:00,456.00,649.68
2024/11/08 07:24:00,457.00,653.28
2024/11/08 07:24:00,458.00,656.38
2024/11/08 07:24:00,459.00,659.98
2024/11/08 07:24:00,460.00,662.09
2024/11/08 07:24:00,461.00,665.83
2024/11/08 07:24:00,462.00,669.35
2024/11/08 07:24:00,463.00,669.09
2024/11/08 07:24:00,464.00,667.33
2024/11/08 07:24:00,465.00,664.04
2024/11/08 07:24:00,466.00,660.98
2024/11/08 07:24:00,467.00,658.33
2024/11/08 07:24:00,468.00,657.85
2024/11/08 07:24:00,469.00,657.47
2024/11/08 07:24:00,470.00,658.37
2024/11/08 07:24:00,471.00,659.88
2024/11/08 07:24:00,472.00,661.78
2024/11/08 07:24:00,473.00,663.24
2024/11/08 07:24:00,474.00,664.61
2024/11/08 07:24:00,475.00,666.04
2024/11/08 07:24:00,476.00,668.37
2024/11/08 07:24:00,477.00,670.44
2024/11/08 07:24:00,478.00,673.38
2024/11/08 07:24:00,479.00,676.76
2024/11/08 07:24:00,480.00,679.21
2024/11/08 07:24:00,481.00,678.79
2024/11/08 07:24:00,482.00,673.97
2024/11/08 07:24:00,483.00,662.80
2024/11/08 07:24:00,484.00,648.14
2024/11/08 07:24:00,485.00,635.59
2024/11/08 07:24:00,486.00,627.13
2024/11/08 07:24:00,487.00,625.77
2024/11/08 07:24:00,488.00,631.36
2024/11/08 07:24:00,489.00,639.45
2024/11/08 07:24:00,490.00,645.41
2024/11/08 07:24:00,491.00,650.30
2024/11/08 07:24:00,492.00,652.45
2024/11/08 07:24:00,493.00,655.47
2024/11/08 07:24:00,494.00,657.96
2024/11/08 07:24:00,495.00,661.52
2024/11/08 07:24:00,496.00,662.67
2024/11/08 07:24:00,497.00,659.76
2024/11/08 07:24:00,498.00,654.83
2024/11/08 07:24:00,499.00,648.75
2024/11/08 07:24:00,500.00,642.26
2024/11/08 07:24:00,501.00,638.55
2024/11/08 07:24:00,502.00,638.24
2024/11/08 07:24:00,503.00,639.05
2024/11/08 07:24:00,504.00,643.00
2024/11/08 07:24:00,505.00,645.63
2024/11/08 07:24:00,506.00,647.95
2024/11/08 07:24:00,507.00,650.33
2024/11/08 07:24:00,508.00,651.22
2024/11/08 07:24:00,509.00,651.29
2024/11/08 07:24:00,510.00,651.68
2024/11/08 07:24:00,511.00,649.68
2024/11/08 07:24:00,512.00,644.55
2024/11/08 07:24:00,513.00,638.66
2024/11/08 07:24:00,514.00,628.19
2024/11/08 07:24:00,515.00,615.16
2024/11/08 07:24:00,516.00,606.04
2024/11/08 07:24:00,517.00,601.01
2024/11/08 07:24:00,518.00,598.81
2024/11/08 07:24:00,519.00,602.43
2024/11/08 07:24:00,520.00,609.98
2024/11/08 07:24:00,521.00,618.06
2024/11/08 07:24:00,522.00,625.89
2024/11/08 07:24:00,523.00,628.29
2024/11/08 07:24:00,524.00,627.41
2024/11/08 07:24:00,525.00,626.84
2024/11/08 07:24:00,526.00,627.06
2024/11/08 07:24:00,527.00,626.73
2024/11/08 07:24:00,528.00,630.04
2024/11/08 07:24:00,529.00,634.33
2024/11/08 07:24:00,530.00,637.50
2024/11/08 07:24:00,531.00,638.44
2024/11/08 07:24:00,532.00,638.14
2024/11/08 07:24:00,533.00,637.23
2024/11/08 07:24:00,534.00,637.04
2024/11/08 07:24:00,535.00,638.03
2024/11/08 07:24:00,536.00,637.51
2024/11/08 07:24:00,537.00,635.69
2024/11/08 07:24:00,538.00,632.00
2024/11/08 07:24:00,539.00,628.86
2024/11/08 07:24:00,540.00,625.39
2024/11/08 07:24:00,541.00,623.82
2024/11/08 07:24:00,542.00,623.96
2024/11/08 07:24:00,543.00,625.45
2024/11/08 07:24:00,544.00,627.66
2024/11/08 07:24:00,545.00,629.31
2024/11/08 07:24:00,546.00,629.89
2024/11/08 07:24:00,547.00,629.90
2024/11/08 07:24:00,548.00,629.28
2024/11/08 07:24:00,549.00,628.83
2024/11/08 07:24:00,550.00,628.62
2024/11/08 07:24:00,551.00,628.08
2024/11/08 07:24:00,552.00,628.76
2024/11/08 07:24:00,553.00,629.47
2024/11/08 07:24:00,554.00,626.37
2024/11/08 07:24:00,555.00,623.12
2024/11/08 07:24:00,556.00,620.53
2024/11/08 07:24:00,557.00,615.32
2024/11/08 07:24:00,558.00,611.95
2024/11/08 07:24:00,559.00,611.31
2024/11/08 07:24:00,560.00,610.42
2024/11/08 07:24:00,561.00,610.04
2024/11/08 07:24:00,562.00,610.43
2024/11/08 07:24:00,563.00,608.79
2024/11/08 07:24:00,564.00,607.46
2024/11/08 07:24:00,565.00,606.56
2024/11/08 07:24:00,566.00,602.78
2024/11/08 07:24:00,567.00,600.39
2024/11/08 07:24:00,568.00,598.88
2024/11/08 07:24:00,569.00,595.99
2024/11/08 07:24:00,570.00,595.95
2024/11/08 07:24:00,571.00,597.26
2024/11/08 07:24:00,572.00,596.72
2024/11/08 07:24:00,573.00,597.60
2024/11/08 07:24:00,574.00,598.04
2024/11/08 07:24:00,575.00,595.57
2024/11/08 07:24:00,576.00,592.84
2024/11/08 07:24:00,577.00,591.68
2024/11/08 07:24:00,578.00,590.71
2024/11/08 07:24:00,579.00,592.71
2024/11/08 07:24:00,580.00,594.85
2024/11/08 07:24:00,581.00,599.00
2024/11/08 07:24:00,582.00,603.38
2024/11/08 07:24:00,583.00,604.25
2024/11/08 07:24:00,584.00,604.92
2024/11/08 07:24:00,585.00,604.72
2024/11/08 07:24:00,586.00,599.86
2024/11/08 07:24:00,587.00,594.15
2024/11/08 07:24:00,588.00,590.90
2024/11/08 07:24:00,589.00,587.11
2024/11/08 07:24:00,590.00,585.29
2024/11/08 07:24:00,591.00,585.65
2024/11/08 07:24:00,592.00,587.83
2024/11/08 07:24:00,593.00,589.31
2024/11/08 07:24:00,594.00,589.27
2024/11/08 07:24:00,595.00,590.57
2024/11/08 07:24:00,596.00,590.49
2024/11/08 07:24:00,597.00,588.64
2024/11/08 07:24:00,598.00,587.42
2024/11/08 07:24:00,599.00,586.07
2024/11/08 07:24:00,600.00,583.05
2024/11/08 07:24:00,601.00,582.92
2024/11/08 07:24:00,602.00,582.91
2024/11/08 07:24:00,603.00,582.97
2024/11/08 07:24:00,604.00,583.38
2024/11/08 07:24:00,605.00,583.95
2024/11/08 07:24:00,606.00,582.59
2024/11/08 07:24:00,607.00,581.93
2024/11/08 07:24:00,608.00,580.12
2024/11/08 07:24:00,609.00,578.72
2024/11/08 07:24:00,610.00,577.42
2024/11/08 07:24:00,611.00,575.16
2024/11/08 07:24:00,612.00,573.26
2024/11/08 07:24:00,613.00,571.91
2024/11/08 07:24:00,614.00,568.98
2024/11/08 07:24:00,615.00,566.76
2024/11/08 07:24:00,616.00,567.46
2024/11/08 07:24:00,617.00,567.70
2024/11/08 07:24:00,618.00,568.18
2024/11/08 07:24:00,619.00,569.76
2024/11/08 07:24:00,620.00,570.35
2024/11/08 07:24:00,621.00,569.63
2024/11/08 07:24:00,622.00,568.33
2024/11/08 07:24:00,623.00,565.08
2024/11/08 07:24:00,624.00,563.66
2024/11/08 07:24:00,625.00,561.95
2024/11/08 07:24:00,626.00,557.77
2024/11/08 07:24:00,627.00,555.02
2024/11/08 07:24:00,628.00,553.29
2024/11/08 07:24:00,629.00,551.24
2024/11/08 07:24:00,630.00,550.54
2024/11/08 07:24:00,631.00,552.05
2024/11/08 07:24:00,632.00,553.11
2024/11/08 07:24:00,633.00,555.08
2024/11/08 07:24:00,634.00,556.81
2024/11/08 07:24:00,635.00,558.93
2024/11/08 07:24:00,636.00,561.04
2024/11/08 07:24:00,637.00,562.14
2024/11/08 07:24:00,638.00,563.84
2024/11/08 07:24:00,639.00,565.63
2024/11/08 07:24:00,640.00,564.50
2024/11/08 07:24:00,641.00,564.72
2024/11/08 07:24:00,642.00,565.40
2024/11/08 07:24:00,643.00,564.17
2024/11/08 07:24:00,644.00,563.33
2024/11/08 07:24:00,645.00,563.64
2024/11/08 07:24:00,646.00,562.06
2024/11/08 07:24:00,647.00,560.71
2024/11/08 07:24:00,648.00,560.21
2024/11/08 07:24:00,649.00,559.96
2024/11/08 07:24:00,650.00,559.35
2024/11/08 07:24:00,651.00,557.23
2024/11/08 07:24:00,652.00,555.07
2024/11/08 07:24:00,653.00,549.53
2024/11/08 07:24:00,654.00,542.05
2024/11/08 07:24:00,655.00,538.13
2024/11/08 07:24:00,656.00,537.63
2024/11/08 07:24:00,657.00,536.88
2024/11/08 07:24:00,658.00,539.89
2024/11/08 07:24:00,659.00,545.14
2024/11/08 07:24:00,660.00,548.08
2024/11/08 07:24:00,661.00,551.07
2024/11/08 07:24:00,662.00,553.07
2024/11/08 07:24:00,663.00,555.21
2024/11/08 07:24:00,664.00,556.99
2024/11/08 07:24:00,665.00,557.24
2024/11/08 07:24:00,666.00,557.80
2024/11/08 07:24:00,667.00,558.72
2024/11/08 07:24:00,668.00,558.51
2024/11/08 07:24:00,669.00,558.02
2024/11/08 07:24:00,670.00,559.74
2024/11/08 07:24:00,671.00,559.07
2024/11/08 07:24:00,672.00,559.23
2024/11/08 07:24:00,673.00,559.81
2024/11/08 07:24:00,674.00,559.71
2024/11/08 07:24:00,675.00,559.39
2024/11/08 07:24:00,676.00,557.86
2024/11/08 07:24:00,677.00,557.80
2024/11/08 07:24:00,678.00,557.62
2024/11/08 07:24:00,679.00,556.45
2024/11/08 07:24:00,680.00,554.91
2024/11/08 07:24:00,681.00,555.61
2024/11/08 07:24:00,682.00,553.43
2024/11/08 07:24:00,683.00,547.14
2024/11/08 07:24:00,684.00,536.20
2024/11/08 07:24:00,685.00,520.59
2024/11/08 07:24:00,686.00,504.10
2024/11/08 07:24:00,687.00,489.91
2024/11/08 07:24:00,688.00,478.99
2024/11/08 07:24:00,689.00,477.15
2024/11/08 07:24:00,690.00,481.62
2024/11/08 07:24:00,691.00,488.35
2024/11/08 07:24:00,692.00,494.65
2024/11/08 07:24:00,693.00,502.13
2024/11/08 07:24:00,694.00,507.31
2024/11/08 07:24:00,695.00,512.41
2024/11/08 07:24:00,696.00,516.59
2024/11/08 07:24:00,697.00,520.27
2024/11/08 07:24:00,698.00,522.83
2024/11/08 07:24:00,699.00,524.18
2024/11/08 07:24:00,700.00,524.38
2024/11/08 07:24:00,701.00,524.20
2024/11/08 07:24:00,702.00,525.07
2024/11/08 07:24:00,703.00,525.02
2024/11/08 07:24:00,704.00,524.91
2024/11/08 07:24:00,705.00,525.01
2024/11/08 07:24:00,706.00,526.04
2024/11/08 07:24:00,707.00,524.38
2024/11/08 07:24:00,708.00,524.43
2024/11/08 07:24:00,709.00,525.95
2024/11/08 07:24:00,710.00,524.67
2024/11/08 07:24:00,711.00,523.85
2024/11/08 07:24:00,712.00,523.80
2024/11/08 07:24:00,713.00,523.12
2024/11/08 07:24:00,714.00,519.52
2024/11/08 07:24:00,715.00,514.94
2024/11/08 07:24:00,716.00,507.40
2024/11/08 07:24:00,717.00,499.50
2024/11/08 07:24:00,718.00,489.08
2024/11/08 07:24:00,719.00,482.57
2024/11/08 07:24:00,720.00,479.84
2024/11/08 07:24:00,721.00,477.04
2024/11/08 07:24:00,722.00,475.45
2024/11/08 07:24:00,723.00,476.89
2024/11/08 07:24:00,724.00,477.39
2024/11/08 07:24:00,725.00,476.25
2024/11/08 07:24:00,726.00,477.99
2024/11/08 07:24:00,727.00,479.33
2024/11/08 07:24:00,728.00,481.53
2024/11/08 07:24:00,729.00,482.47
2024/11/08 07:24:00,730.00,484.98
2024/11/08 07:24:00,731.00,487.49
2024/11/08 07:24:00,732.00,488.99
2024/11/08 07:24:00,733.00,489.26
2024/11/08 07:24:00,734.00,491.91
2024/11/08 07:24:00,735.00,493.39
2024/11/08 07:24:00,736.00,491.91
2024/11/08 07:24:00,737.00,491.94
2024/11/08 07:24:00,738.00,491.60
2024/11/08 07:24:00,739.00,488.20
2024/11/08 07:24:00,740.00,488.67
2024/11/08 07:24:00,741.00,488.99
2024/11/08 07:24:00,742.00,488.35
2024/11/08 07:24:00,743.00,489.23
2024/11/08 07:24:00,744.00,490.88
2024/11/08 07:24:00,745.00,489.32
2024/11/08 07:24:00,746.00,488.51
2024/11/08 07:24:00,747.00,487.75
2024/11/08 07:24:00,748.00,486.98
2024/11/08 07:24:00,749.00,486.33
2024/11/08 07:24:00,750.00,484.24
2024/11/08 07:24:00,751.00,485.82
2024/11/08 07:24:00,752.00,486.39
2024/11/08 07:24:00,753.00,484.63
2024/11/08 07:24:00,754.00,484.03
2024/11/08 07:24:00,755.00,481.06
2024/11/08 07:24:00,756.00,466.51
2024/11/08 07:24:00,757.00,441.78
2024/11/08 07:24:00,758.00,408.12
2024/11/08 07:24:00,759.00,369.98
2024/11/08 07:24:00,760.00,330.99
2024/11/08 07:24:00,761.00,301.12
2024/11/08 07:24:00,762.00,286.17
2024/11/08 07:24:00,763.00,284.26
2024/11/08 07:24:00,764.00,291.66
2024/11/08 07:24:00,765.00,307.95
2024/11/08 07:24:00,766.00,328.07
2024/11/08 07:24:00,767.00,349.14
2024/11/08 07:24:00,768.00,371.12
2024/11/08 07:24:00,769.00,390.22
2024/11/08 07:24:00,770.00,405.57
2024/11/08 07:24:00,771.00,420.60
2024/11/08 07:24:00,772.00,432.04
2024/11/08 07:24:00,773.00,438.14
2024/11/08 07:24:00,774.00,443.45
2024/11/08 07:24:00,775.00,446.80
2024/11/08 07:24:00,776.00,448.62
2024/11/08 07:24:00,777.00,450.17
2024/11/08 07:24:00,778.00,453.14
2024/11/08 07:24:00,779.00,455.97
2024/11/08 07:24:00,780.00,456.96
2024/11/08 07:24:00,781.00,455.31
2024/11/08 07:24:00,782.00,457.83
2024/11/08 07:24:00,783.00,457.09
2024/11/08 07:24:00,784.00,452.76
2024/11/08 07:24:00,785.00,454.35
2024/11/08 07:24:00,786.00,453.59
2024/11/08 07:24:00,787.00,450.42
2024/11/08 07:24:00,788.00,450.00
2024/11/08 07:24:00,789.00,451.26
2024/11/08 07:24:00,790.00,449.27
2024/11/08 07:24:00,791.00,447.00
2024/11/08 07:24:00,792.00,445.83
2024/11/08 07:24:00,793.00,445.16
2024/11/08 07:24:00,794.00,443.15
2024/11/08 07:24:00,795.00,441.36
2024/11/08 07:24:00,796.00,443.37
2024/11/08 07:24:00,797.00,442.55
2024/11/08 07:24:00,798.00,441.08
2024/11/08 07:24:00,799.00,442.01
2024/11/08 07:24:00,800.00,439.85
2024/11/08 07:24:00,801.00,437.71
2024/11/08 07:24:00,802.00,436.66
2024/11/08 07:24:00,803.00,434.99
2024/11/08 07:24:00,804.00,436.86
2024/11/08 07:24:00,805.00,437.87
2024/11/08 07:24:00,806.00,440.77
2024/11/08 07:24:00,807.00,444.26
2024/11/08 07:24:00,808.00,442.70
2024/11/08 07:24:00,809.00,442.25
2024/11/08 07:24:00,810.00,441.08
2024/11/08 07:24:00,811.00,435.14
2024/11/08 07:24:00,812.00,428.79
2024/11/08 07:24:00,813.00,427.45
2024/11/08 07:24:00,814.00,418.83
2024/11/08 07:24:00,815.00,414.71
2024/11/08 07:24:00,816.00,411.41
2024/11/08 07:24:00,817.00,407.41
2024/11/08 07:24:00,818.00,408.50
2024/11/08 07:24:00,819.00,406.36
2024/11/08 07:24:00,820.00,407.02
2024/11/08 07:24:00,821.00,412.64
2024/11/08 07:24:00,822.00,410.85
2024/11/08 07:24:00,823.00,413.72
2024/11/08 07:24:00,824.00,418.10
2024/11/08 07:24:00,825.00,414.38
2024/11/08 07:24:00,826.00,412.90
2024/11/08 07:24:00,827.00,414.18
2024/11/08 07:24:00,828.00,411.54
2024/11/08 07:24:00,829.00,410.87
2024/11/08 07:24:00,830.00,412.54
2024/11/08 07:24:00,831.00,412.98
2024/11/08 07:24:00,832.00,414.65
2024/11/08 07:24:00,833.00,413.02
2024/11/08 07:24:00,834.00,411.62
2024/11/08 07:24:00,835.00,411.31
2024/11/08 07:24:00,836.00,406.77
2024/11/08 07:24:00,837.00,404.25
2024/11/08 07:24:00,838.00,404.58
2024/11/08 07:24:00,839.00,401.45
2024/11/08 07:24:00,840.00,403.84
2024/11/08 07:24:00,841.00,405.76
2024/11/08 07:24:00,842.00,404.83
2024/11/08 07:24:00,843.00,403.29
2024/11/08 07:24:00,844.00,402.80
2024/11/08 07:24:00,845.00,400.65
2024/11/08 07:24:00,846.00,396.94
2024/11/08 07:24:00,847.00,392.74
2024/11/08 07:24:00,848.00,390.85
2024/11/08 07:24:00,849.00,388.01
2024/11/08 07:24:00,850.00,384.20
2024/11/08 07:24:00,851.00,381.27
2024/11/08 07:24:00,852.00,376.22
2024/11/08 07:24:00,853.00,372.54
2024/11/08 07:24:00,854.00,371.43
2024/11/08 07:24:00,855.00,371.92
2024/11/08 07:24:00,856.00,374.07
2024/11/08 07:24:00,857.00,377.73
2024/11/08 07:24:00,858.00,378.63
2024/11/08 07:24:00,859.00,381.32
2024/11/08 07:24:00,860.00,381.68
2024/11/08 07:24:00,861.00,383.49
2024/11/08 07:24:00,862.00,383.60
2024/11/08 07:24:00,863.00,380.32
2024/11/08 07:24:00,864.00,375.65
2024/11/08 07:24:00,865.00,373.24
2024/11/08 07:24:00,866.00,369.16
2024/11/08 07:24:00,867.00,368.51
2024/11/08 07:24:00,868.00,369.50
2024/11/08 07:24:00,869.00,370.19
2024/11/08 07:24:00,870.00,371.04
2024/11/08 07:24:00,871.00,371.10
2024/11/08 07:24:00,872.00,370.49
2024/11/08 07:24:00,873.00,371.81
2024/11/08 07:24:00,874.00,371.06
2024/11/08 07:24:00,875.00,371.21
2024/11/08 07:24:00,876.00,372.40
2024/11/08 07:24:00,877.00,371.38
2024/11/08 07:24:00,878.00,371.48
2024/11/08 07:24:00,879.00,371.73
2024/11/08 07:24:00,880.00,369.45
2024/11/08 07:24:00,881.00,368.80
2024/11/08 07:24:00,882.00,370.39
2024/11/08 07:24:00,883.00,368.75
2024/11/08 07:24:00,884.00,368.52
2024/11/08 07:24:00,885.00,367.77
2024/11/08 07:24:00,886.00,366.75
2024/11/08 07:24:00,887.00,364.44
2024/11/08 07:24:00,888.00,364.30
2024/11/08 07:24:00,889.00,363.65
2024/11/08 07:24:00,890.00,363.03
2024/11/08 07:24:00,891.00,360.78
2024/11/08 07:24:00,892.00,359.46
2024/11/08 07:24:00,893.00,354.59
2024/11/08 07:24:00,894.00,348.73
2024/11/08 07:24:00,895.00,342.23
2024/11/08 07:24:00,896.00,334.23
2024/11/08 07:24:00,897.00,326.67
2024/11/08 07:24:00,898.00,321.55
2024/11/08 07:24:00,899.00,316.32
2024/11/08 07:24:00,900.00,314.92
2024/11/08 07:24:00,901.00,315.43
2024/11/08 07:24:00,902.00,316.20
2024/11/08 07:24:00,903.00,318.95
2024/11/08 07:24:00,904.00,318.74
2024/11/08 07:24:00,905.00,317.72
2024/11/08 07:24:00,906.00,314.82
2024/11/08 07:24:00,907.00,310.71
2024/11/08 07:24:00,908.00,308.32
2024/11/08 07:24:00,909.00,308.35
2024/11/08 07:24:00,910.00,306.89
2024/11/08 07:24:00,911.00,306.29
2024/11/08 07:24:00,912.00,305.93
2024/11/08 07:24:00,913.00,304.35
2024/11/08 07:24:00,914.00,303.23
2024/11/08 07:24:00,915.00,301.84
2024/11/08 07:24:00,916.00,302.16
2024/11/08 07:24:00,917.00,303.92
2024/11/08 07:24:00,918.00,304.86
2024/11/08 07:24:00,919.00,306.86
2024/11/08 07:24:00,920.00,308.01
2024/11/08 07:24:00,921.00,307.89
2024/11/08 07:24:00,922.00,308.28
2024/11/08 07:24:00,923.00,307.48
2024/11/08 07:24:00,924.00,305.36
2024/11/08 07:24:00,925.00,304.35
2024/11/08 07:24:00,926.00,300.58
2024/11/08 07:24:00,927.00,294.00
2024/11/08 07:24:00,928.00,283.72
2024/11/08 07:24:00,929.00,270.82
2024/11/08 07:24:00,930.00,255.53
2024/11/08 07:24:00,931.00,238.34
2024/11/08 07:24:00,932.00,223.76
2024/11/08 07:24:00,933.00,212.27
2024/11/08 07:24:00,934.00,201.61
2024/11/08 07:24:00,935.00,196.55
2024/11/08 07:24:00,936.00,195.57
2024/11/08 07:24:00,937.00,196.04
2024/11/08 07:24:00,938.00,199.78
2024/11/08 07:24:00,939.00,205.24
2024/11/08 07:24:00,940.00,207.89
2024/11/08 07:24:00,941.00,208.31
2024/11/08 07:24:00,942.00,207.19
2024/11/08 07:24:00,943.00,205.63
2024/11/08 07:24:00,944.00,204.95
2024/11/08 07:24:00,945.00,204.89
2024/11/08 07:24:00,946.00,206.72
2024/11/08 07:24:00,947.00,208.63
2024/11/08 07:24:00,948.00,209.12
2024/11/08 07:24:00,949.00,210.58
2024/11/08 07:24:00,950.00,211.38
2024/11/08 07:24:00,951.00,211.39
2024/11/08 07:24:00,952.00,212.44
2024/11/08 07:24:00,953.00,213.57
2024/11/08 07:24:00,954.00,215.58
2024/11/08 07:24:00,955.00,217.60
2024/11/08 07:24:00,956.00,220.03
2024/11/08 07:24:00,957.00,223.02
2024/11/08 07:24:00,958.00,224.04
2024/11/08 07:24:00,959.00,226.86
2024/11/08 07:24:00,960.00,230.88
2024/11/08 07:24:00,961.00,233.84
2024/11/08 07:24:00,962.00,237.60
2024/11/08 07:24:00,963.00,242.11
2024/11/08 07:24:00,964.00,244.93
2024/11/08 07:24:00,965.00,248.28
2024/11/08 07:24:00,966.00,253.82
2024/11/08 07:24:00,967.00,259.58
2024/11/08 07:24:00,968.00,264.70
2024/11/08 07:24:00,969.00,268.67
2024/11/08 07:24:00,970.00,271.41
2024/11/08 07:24:00,971.00,272.36
2024/11/08 07:24:00,972.00,271.48
2024/11/08 07:24:00,973.00,272.21
2024/11/08 07:24:00,974.00,271.78
2024/11/08 07:24:00,975.00,271.54
2024/11/08 07:24:00,976.00,273.76
2024/11/08 07:24:00,977.00,274.89
2024/11/08 07:24:00,978.00,275.88
2024/11/08 07:24:00,979.00,276.96
2024/11/08 07:24:00,980.00,277.98
2024/11/08 07:24:00,981.00,279.70
2024/11/08 07:24:00,982.00,280.36
2024/11/08 07:24:00,983.00,281.85
2024/11/08 07:24:00,984.00,284.74
2024/11/08 07:24:00,985.00,285.04
2024/11/08 07:24:00,986.00,287.01
2024/11/08 07:24:00,987.00,289.22
2024/11/08 07:24:00,988.00,288.77
2024/11/08 07:24:00,989.00,289.74
2024/11/08 07:24:00,990.00,290.40
2024/11/08 07:24:00,991.00,289.62
2024/11/08 07:24:00,992.00,289.37
2024/11/08 07:24:00,993.00,289.67
2024/11/08 07:24:00,994.00,289.30
2024/11/08 07:24:00,995.00,288.36
2024/11/08 07:24:00,996.00,288.28
2024/11/08 07:24:00,997.00,288.16
2024/11/08 07:24:00,998.00,286.40
2024/11/08 07:24:00,999.00,285.96
2024/11/08 07:24:00,1000.00,286.55
2024/11/08 07:24:00,1001.00,282.64
2024/11/08 07:24:00,1002.00,280.61
2024/11/08 07:24:00,1003.00,280.13
2024/11/08 07:24:00,1004.00,277.60
2024/11/08 07:24:00,1005.00,276.61
2024/11/08 07:24:00,1006.00,278.27
2024/11/08 07:24:00,1007.00,277.74
2024/11/08 07:24:00,1008.00,278.33
2024/11/08 07:24:00,1009.00,278.65
2024/11/08 07:24:00,1010.00,278.59
2024/11/08 07:24:00,1011.00,278.60
2024/11/08 07:24:00,1012.00,277.49
2024/11/08 07:24:00,1013.00,277.92
2024/11/08 07:24:00,1014.00,276.60
2024/11/08 07:24:00,1015.00,276.52
2024/11/08 07:24:00,1016.00,277.39
2024/11/08 07:24:00,1017.00,275.58
2024/11/08 07:24:00,1018.00,275.00
2024/11/08 07:24:00,1019.00,275.18
2024/11/08 07:24:00,1020.00,273.46
2024/11/08 07:24:00,1021.00,274.41
2024/11/08 07:24:00,1022.00,274.41
2024/11/08 07:24:00,1023.00,273.36
2024/11/08 07:24:00,1024.00,273.94
2024/11/08 07:24:00,1025.00,271.85
2024/11/08 07:24:00,1026.00,271.65
2024/11/08 07:24:00,1027.00,271.82
2024/11/08 07:24:00,1028.00,270.39
2024/11/08 07:24:00,1029.00,270.37
2024/11/08 07:24:00,1030.00,269.08
2024/11/08 07:24:00,1031.00,266.25
2024/11/08 07:24:00,1032.00,265.90
2024/11/08 07:24:00,1033.00,265.04
2024/11/08 07:24:00,1034.00,265.07
2024/11/08 07:24:00,1035.00,264.44
2024/11/08 07:24:00,1036.00,264.63
2024/11/08 07:24:00,1037.00,265.67
2024/11/08 07:24:00,1038.00,263.60
2024/11/08 07:24:00,1039.00,262.77
2024/11/08 07:24:00,1040.00,262.94
2024/11/08 07:24:00,1041.00,260.16
2024/11/08 07:24:00,1042.00,260.73
2024/11/08 07:24:00,1043.00,262.06
2024/11/08 07:24:00,1044.00,258.87
2024/11/08 07:24:00,1045.00,259.11
2024/11/08 07:24:00,1046.00,258.96
2024/11/08 07:24:00,1047.00,257.71
2024/11/08 07:24:00,1048.00,257.41
2024/11/08 07:24:00,1049.00,257.85
2024/11/08 07:24:00,1050.00,257.46
2024/11/08 07:24:00,1051.00,257.68
2024/11/08 07:24:00,1052.00,256.47
2024/11/08 07:24:00,1053.00,257.58
2024/11/08 07:24:00,1054.00,255.55
2024/11/08 07:24:00,1055.00,254.84
2024/11/08 07:24:00,1056.00,257.14
2024/11/08 07:24:00,1057.00,254.72
2024/11/08 07:24:00,1058.00,253.81
2024/11/08 07:24:00,1059.00,255.70
2024/11/08 07:24:00,1060.00,253.67
2024/11/08 07:24:00,1061.00,252.77
2024/11/08 07:24:00,1062.00,250.09
2024/11/08 07:24:00,1063.00,249.56
2024/11/08 07:24:00,1064.00,247.72
2024/11/08 07:24:00,1065.00,244.25
2024/11/08 07:24:00,1066.00,245.80
2024/11/08 07:24:00,1067.00,244.07
2024/11/08 07:24:00,1068.00,242.49
2024/11/08 07:24:00,1069.00,245.74
2024/11/08 07:24:00,1070.00,240.75
2024/11/08 07:24:00,1071.00,240.65
2024/11/08 07:24:00,1072.00,241.35
2024/11/08 07:24:00,1073.00,239.86
2024/11/08 07:24:00,1074.00,242.25
2024/11/08 07:24:00,1075.00,242.92
2024/11/08 07:24:00,1076.00,243.37
2024/11/08 07:24:00,1077.00,245.15
2024/11/08 07:24:00,1078.00,239.17
2024/11/08 07:24:00,1079.00,243.46
2024/11/08 07:24:00,1080.00,244.02
2024/11/08 07:24:00,1081.00,240.47
2024/11/08 07:24:00,1082.00,246.22
2024/11/08 07:24:00,1083.00,242.33
2024/11/08 07:24:00,1084.00,238.81
2024/11/08 07:24:00,1085.00,240.08
2024/11/08 07:24:00,1086.00,235.68
2024/11/08 07:24:00,1087.00,234.44
2024/11/08 07:24:00,1088.00,231.46
2024/11/08 07:24:00,1089.00,226.59
2024/11/08 07:24:00,1090.00,231.04
2024/11/08 07:24:00,1091.00,227.47
2024/11/08 07:24:00,1092.00,226.17
2024/11/08 07:24:00,1093.00,233.52
2024/11/08 07:24:00,1094.00,225.02
2024/11/08 07:24:00,1095.00,231.39
2024/11/08 07:24:00,1096.00,236.25
2024/11/08 07:24:00,1097.00,235.05
2024/11/08 07:24:00,1098.00,241.08
2024/11/08 07:24:00,1099.00,238.34
2024/11/08 07:24:00,1100.00,233.26
2024/11/08 07:25:00,Wavelength(nm),Irradiance(W/m2/um)
2024/11/08 07:25:00,300.00,7.97
2024/11/08 07:25:00,301.00,8.33
2024/11/08 07:25:00,302.00,9.02
2024/11/08 07:25:00,303.00,10.50
2024/11/08 07:25:00,304.00,11.75
2024/11/08 07:25:00,305.00,12.98
2024/11/08 07:25:00,306.00,15.39
2024/11/08 07:25:00,307.00,17.90
2024/11/08 07:25:00,308.00,20.67
2024/11/08 07:25:00,309.00,24.24
2024/11/08 07:25:00,310.00,28.70
2024/11/08 07:25:00,311.00,33.31
2024/11/08 07:25:00,312.00,38.35
2024/11/08 07:25:00,313.00,44.02
2024/11/08 07:25:00,314.00,50.71
2024/11/08 07:25:00,315.00,57.17
2024/11/08 07:25:00,316.00,64.12
2024/11/08 07:25:00,317.00,72.03
2024/11/08 07:25:00,318.00,79.18
2024/11/08 07:25:00,319.00,85.37
2024/11/08 07:25:00,320.00,92.31
2024/11/08 07:25:00,321.00,99.74
2024/11/08 07:25:00,322.00,107.79
2024/11/08 07:25:00,323.00,117.97
2024/11/08 07:25:00,324.00,128.89
2024/11/08 07:25:00,325.00,139.97
2024/11/08 07:25:00,326.00,151.47
2024/11/08 07:25:00,327.00,162.46
2024/11/08 07:25:00,328.00,171.39
2024/11/08 07:25:00,329.00,179.11
2024/11/08 07:25:00,330.00,185.34
2024/11/08 07:25:00,331.00,190.12
2024/11/08 07:25:00,332.00,193.08
2024/11/08 07:25:00,333.00,194.18
2024/11/08 07:25:00,334.00,194.80
2024/11/08 07:25:00,335.00,195.70
2024/11/08 07:25:00,336.00,196.91
2024/11/08 07:25:00,337.00,198.99
2024/11/08 07:25:00,338.00,202.90
2024/11/08 07:25:00,339.00,207.43
2024/11/08 07:25:00,340.00,211.39
2024/11/08 07:25:00,341.00,213.25
2024/11/08 07:25:00,342.00,214.13
2024/11/08 07:25:00,343.00,215.05
2024/11/08 07:25:00,344.00,215.21
2024/11/08 07:25:00,345.00,215.15
2024/11/08 07:25:00,346.00,216.59
2024/11/08 07:25:00,347.00,218.88
2024/11/08 07:25:00,348.00,221.65
2024/11/08 07:25:00,349.00,224.75
2024/11/08 07:25:00,350.00,228.47
2024/11/08 07:25:00,351.00,233.97
2024/11/08 07:25:00,352.00,239.39
2024/11/08 07:25:00,353.00,242.54
2024/11/08 07:25:00,354.00,242.85
2024/11/08 07:25:00,355.00,239.99
2024/11/08 07:25:00,356.00,235.78
2024/11/08 07:25:00,357.00,232.35
2024/11/08 07:25:00,358.00,229.38
2024/11/08 07:25:00,359.00,229.77
2024/11/08 07:25:00,360.00,234.80
2024/11/08 07:25:00,361.00,240.57
2024/11/08 07:25:00,362.00,247.40
2024/11/08 07:25:00,363.00,258.12
2024/11/08 07:25:00,364.00,270.08
2024/11/08 07:25:00,365.00,279.48
2024/11/08 07:25:00,366.00,287.96
2024/11/08 07:25:00,367.00,294.50
2024/11/08 07:25:00,368.00,297.42
2024/11/08 07:25:00,369.00,296.72
2024/11/08 07:25:00,370.00,292.79
2024/11/08 07:25:00,371.00,285.77
2024/11/08 07:25:00,372.00,278.49
2024/11/08 07:25:00,373.00,273.71
2024/11/08 07:25:00,374.00,274.47
2024/11/08 07:25:00,375.00,282.16
2024/11/08 07:25:00,376.00,292.35
2024/11/08 07:25:00,377.00,302.28
2024/11/08 07:25:00,378.00,309.34
2024/11/08 07:25:00,379.00,307.06
2024/11/08 07:25:00,380.00,294.46
2024/11/08 07:25:00,381.00,280.00
2024/11/08 07:25:00,382.00,268.35
2024/11/08 07:25:00,383.00,259.29
2024/11/08 07:25:00,384.00,256.31
2024/11/08 07:25:00,385.00,261.10
2024/11/08 07:25:00,386.00,270.08
2024/11/08 07:25:00,387.00,281.06
2024/11/08 07:25:00,388.00,294.18
2024/11/08 07:25:00,389.00,305.10
2024/11/08 07:25:00,390.00,306.98
2024/11/08 07:25:00,391.00,302.31
2024/11/08 07:25:00,392.00,298.04
2024/11/08 07:25:00,393.00,290.73
2024/11/08 07:25:00,394.00,281.86
2024/11/08 07:25:00,395.00,286.32
2024/11/08 07:25:00,396.00,307.41
2024/11/08 07:25:00,397.00,333.15
2024/11/08 07:25:00,398.00,363.22
2024/11/08 07:25:00,399.00,399.91
2024/11/08 07:25:00,400.00,433.39
2024/11/08 07:25:00,401.00,454.58
2024/11/08 07:25:00,402.00,466.41
2024/11/08 07:25:00,403.00,469.68
2024/11/08 07:25:00,404.00,468.01
2024/11/08 07:25:00,405.00,465.75
2024/11/08 07:25:00,406.00,465.68
2024/11/08 07:25:00,407.00,466.02
2024/11/08 07:25:00,408.00,468.43
2024/11/08 07:25:00,409.00,474.39
2024/11/08 07:25:00,410.00,481.23
2024/11/08 07:25:00,411.00,487.13
2024/11/08 07:25:00,412.00,493.23
2024/11/08 07:25:00,413.00,500.17
2024/11/08 07:25:00,414.00,504.97
2024/11/08 07:25:00,415.00,506.50
2024/11/08 07:25:00,416.00,506.00
2024/11/08 07:25:00,417.00,506.07
2024/11/08 07:25:00,418.00,506.43
2024/11/08 07:25:00,419.00,506.90
2024/11/08 07:25:00,420.00,507.24
2024/11/08 07:25:00,421.00,508.63
2024/11/08 07:25:00,422.00,509.75
2024/11/08 07:25:00,423.00,509.34
2024/11/08 07:25:00,424.00,507.38
2024/11/08 07:25:00,425.00,505.16
2024/11/08 07:25:00,426.00,501.54
2024/11/08 07:25:00,427.00,491.46
2024/11/08 07:25:00,428.00,479.09
2024/11/08 07:25:00,429.00,471.18
2024/11/08 07:25:00,430.00,471.25
2024/11/08 07:25:00,431.00,475.92
2024/11/08 07:25:00,432.00,489.50
2024/11/08 07:25:00,433.00,509.94
2024/11/08 07:25:00,434.00,529.40
2024/11/08 07:25:00,435.00,539.99
2024/11/08 07:25:00,436.00,545.49
2024/11/08 07:25:00,437.00,548.90
2024/11/08 07:25:00,438.00,551.81
2024/11/08 07:25:00,439.00,555.86
2024/11/08 07:25:00,440.00,563.94
2024/11/08 07:25:00,441.00,576.11
2024/11/08 07:25:00,442.00,588.00
2024/11/08 07:25:00,443.00,596.06
2024/11/08 07:25:00,444.00,602.22
2024/11/08 07:25:00,445.00,607.64
2024/11/08 07:25:00,446.00,613.24
2024/11/08 07:25:00,447.00,621.88
2024/11/08 07:25:00,448.00,633.19
2024/11/08 07:25:00,449.00,642.98
2024/11/08 07:25:00,450.00,648.07
2024/11/08 07:25:00,451.00,649.03
2024/11/08 07:25:00,452.00,648.36
2024/11/08 07:25:00,453.00,647.66
2024/11/08 07:25:00,454.00,647.83
2024/11/08 07:25:00,455.00,650.79
2024/11/08 07:25:00,456.00,655.62
2024/11/08 07:25:00,457.00,659.17
2024/11/08 07:25:00,458.00,662.06
2024/11/08 07:25:00,459.00,665.97
2024/11/08 07:25:00,460.00,669.50
2024/11/08 07:25:00,461.00,672.89
2024/11/08 07:25:00,462.00,675.66
2024/11/08 07:25:00,463.00,675.48
2024/11/08 07:25:00,464.00,672.58
2024/11/08 07:25:00,465.00,668.24
2024/11/08 07:25:00,466.00,664.65
2024/11/08 07:25:00,467.00,661.66
2024/11/08 07:25:00,468.00,660.78
2024/11/08 07:25:00,469.00,660.56
2024/11/08 07:25:00,470.00,661.63
2024/11/08 07:25:00,471.00,664.68
2024/11/08 07:25:00,472.00,667.52
2024/11/08 07:25:00,473.00,669.72
2024/11/08 07:25:00,474.00,670.82
2024/11/08 07:25:00,475.00,672.17
2024/11/08 07:25:00,476.00,672.66
2024/11/08 07:25:00,477.00,674.92
2024/11/08 07:25:00,478.00,676.97
2024/11/08 07:25:00,479.00,681.71
2024/11/08 07:25:00,480.00,684.64
2024/11/08 07:25:00,481.00,684.15
2024/11/08 07:25:00,482.00,679.70
2024/11/08 07:25:00,483.00,669.77
2024/11/08 07:25:00,484.00,654.71
2024/11/08 07:25:00,485.00,642.08
2024/11/08 07:25:00,486.00,634.70
2024/11/08 07:25:00,487.00,632.82
2024/11/08 07:25:00,488.00,638.04
2024/11/08 07:25:00,489.00,646.47
2024/11/08 07:25:00,490.00,653.18
2024/11/08 07:25:00,491.00,658.15
2024/11/08 07:25:00,492.00,661.36
2024/11/08 07:25:00,493.00,664.40
2024/11/08 07:25:00,494.00,666.49
2024/11/08 07:25:00,495.00,668.96
2024/11/08 07:25:00,496.00,669.03
2024/11/08 07:25:00,497.00,666.09
2024/11/08 07:25:00,498.00,660.79
2024/11/08 07:25:00,499.00,654.72
2024/11/08 07:25:00,500.00,648.44
2024/11/08 07:25:00,501.00,643.79
2024/11/08 07:25:00,502.00,641.90
2024/11/08 07:25:00,503.00,643.17
2024/11/08 07:25:00,504.00,647.21
2024/11/08 07:25:00,505.00,650.27
2024/11/08 07:25:00,506.00,652.97
2024/11/08 07:25:00,507.00,655.47
2024/11/08 07:25:00,508.00,656.43
2024/11/08 07:25:00,509.00,655.88
2024/11/08 07:25:00,510.00,655.33
2024/11/08 07:25:00,511.00,653.92
2024/11/08 07:25:00,512.00,650.03
2024/11/08 07:25:00,513.00,642.93
2024/11/08 07:25:00,514.00,632.90
2024/11/08 07:25:00,515.00,621.07
2024/11/08 07:25:00,516.00,611.82
2024/11/08 07:25:00,517.00,605.98
2024/11/08 07:25:00,518.00,604.53
2024/11/08 07:25:00,519.00,607.78
2024/11/08 07:25:00,520.00,614.95
2024/11/08 07:25:00,521.00,622.68
2024/11/08 07:25:00,522.00,630.14
2024/11/08 07:25:00,523.00,632.61
2024/11/08 07:25:00,524.00,631.62
2024/11/08 07:25:00,525.00,631.03
2024/11/08 07:25:00,526.00,630.80
2024/11/08 07:25:00,527.00,631.18
2024/11/08 07:25:00,528.00,634.85
2024/11/08 07:25:00,529.00,639.16
2024/11/08 07:25:00,530.00,641.78
2024/11/08 07:25:00,531.00,642.57
2024/11/08 07:25:00,532.00,641.82
2024/11/08 07:25:00,533.00,641.58
2024/11/08 07:25:00,534.00,641.74
2024/11/08 07:25:00,535.00,642.14
2024/11/08 07:25:00,536.00,643.26
2024/11/08 07:25:00,537.00,641.72
2024/11/08 07:25:00,538.00,637.02
2024/11/08 07:25:00,539.00,633.71
2024/11/08 07:25:00,540.00,630.97
2024/11/08 07:25:00,541.00,629.88
2024/11/08 07:25:00,542.00,630.18
2024/11/08 07:25:00,543.00,631.66
2024/11/08 07:25:00,544.00,633.52
2024/11/08 07:25:00,545.00,635.37
2024/11/08 07:25:00,546.00,635.14
2024/11/08 07:25:00,547.00,635.06
2024/11/08 07:25:00,548.00,635.03
2024/11/08 07:25:00,549.00,634.78
2024/11/08 07:25:00,550.00,635.15
2024/11/08 07:25:00,551.00,635.53
2024/11/08 07:25:00,552.00,635.16
2024/11/08 07:25:00,553.00,634.89
2024/11/08 07:25:00,554.00,633.98
2024/11/08 07:25:00,555.00,629.72
2024/11/08 07:25:00,556.00,626.34
2024/11/08 07:25:00,557.00,621.76
2024/11/08 07:25:00,558.00,617.00
2024/11/08 07:25:00,559.00,615.13
2024/11/08 07:25:00,560.00,615.22
2024/11/08 07:25:00,561.00,613.93
2024/11/08 07:25:00,562.00,615.68
2024/11/08 07:25:00,563.00,615.47
2024/11/08 07:25:00,564.00,614.40
2024/11/08 07:25:00,565.00,612.92
2024/11/08 07:25:00,566.00,609.74
2024/11/08 07:25:00,567.00,606.46
2024/11/08 07:25:00,568.00,604.32
2024/11/08 07:25:00,569.00,601.66
2024/11/08 07:25:00,570.00,600.08
2024/11/08 07:25:00,571.00,601.77
2024/11/08 07:25:00,572.00,599.49
2024/11/08 07:25:00,573.00,599.89
2024/11/08 07:25:00,574.00,601.60
2024/11/08 07:25:00,575.00,599.34
2024/11/08 07:25:00,576.00,597.51
2024/11/08 07:25:00,577.00,598.47
2024/11/08 07:25:00,578.00,598.35
2024/11/08 07:25:00,579.00,598.74
2024/11/08 07:25:00,580.00,602.09
2024/11/08 07:25:00,581.00,604.10
2024/11/08 07:25:00,582.00,606.00
2024/11/08 07:25:00,583.00,607.42
2024/11/08 07:25:00,584.00,608.69
2024/11/08 07:25:00,585.00,607.96
2024/11/08 07:25:00,586.00,603.71
2024/11/08 07:25:00,587.00,599.09
2024/11/08 07:25:00,588.00,595.69
2024/11/08 07:25:00,589.00,591.05
2024/11/08 07:25:00,590.00,588.33
2024/11/08 07:25:00,591.00,589.58
2024/11/08 07:25:00,592.00,590.91
2024/11/08 07:25:00,593.00,591.59
2024/11/08 07:25:00,594.00,592.21
2024/11/08 07:25:00,595.00,593.00
2024/11/08 07:25:00,596.00,593.06
2024/11/08 07:25:00,597.00,592.87
2024/11/08 07:25:00,598.00,591.69
2024/11/08 07:25:00,599.00,590.60
2024/11/08 07:25:00,600.00,587.80
2024/11/08 07:25:00,601.00,585.15
2024/11/08 07:25:00,602.00,585.12
2024/11/08 07:25:00,603.00,585.27
2024/11/08 07:25:00,604.00,585.53
2024/11/08 07:25:00,605.00,586.96
2024/11/08 07:25:00,606.00,588.00
2024/11/08 07:25:00,607.00,586.91
2024/11/08 07:25:00,608.00,585.13
2024/11/08 07:25:00,609.00,583.70
2024/11/08 07:25:00,610.00,581.80
2024/11/08 07:25:00,611.00,579.53
2024/11/08 07:25:00,612.00,576.66
2024/11/08 07:25:00,613.00,574.87
2024/11/08 07:25:00,614.00,572.94
2024/11/08 07:25:00,615.00,570.94
2024/11/08 07:25:00,616.00,571.37
2024/11/08 07:25:00,617.00,572.81
2024/11/08 07:25:00,618.00,574.73
2024/11/08 07:25:00,619.00,575.81
2024/11/08 07:25:00,620.00,576.43
2024/11/08 07:25:00,621.00,575.98
2024/11/08 07:25:00,622.00,574.87
2024/11/08 07:25:00,623.00,571.60
2024/11/08 07:25:00,624.00,569.49
2024/11/08 07:25:00,625.00,567.40
2024/11/08 07:25:00,626.00,562.87
2024/11/08 07:25:00,627.00,560.76
2024/11/08 07:25:00,628.00,559.39
2024/11/08 07:25:00,629.00,556.68
2024/11/08 07:25:00,630.00,556.07
2024/11/08 07:25:00,631.00,556.55
2024/11/08 07:25:00,632.00,556.46
2024/11/08 07:25:00,633.00,558.00
2024/11/08 07:25:00,634.00,559.79
2024/11/08 07:25:00,635.00,561.85
2024/11/08 07:25:00,636.00,564.95
2024/11/08 07:25:00,637.00,565.78
2024/11/08 07:25:00,638.00,567.50
2024/11/08 07:25:00,639.00,569.68
2024/11/08 07:25:00,640.00,568.05
2024/11/08 07:25:00,641.00,568.23
2024/11/08 07:25:00,642.00,569.56
2024/11/08 07:25:00,643.00,568.40
2024/11/08 07:25:00,644.00,567.49
2024/11/08 07:25:00,645.00,568.45
2024/11/08 07:25:00,646.00,566.49
2024/11/08 07:25:00,647.00,564.29
2024/11/08 07:25:00,648.00,563.35
2024/11/08 07:25:00,649.00,562.38
2024/11/08 07:25:00,650.00,562.44
2024/11/08 07:25:00,651.00,562.48
2024/11/08 07:25:00,652.00,561.44
2024/11/08 07:25:00,653.00,556.18
2024/11/08 07:25:00,654.00,549.11
2024/11/08 07:25:00,655.00,543.60
2024/11/08 07:25:00,656.00,540.51
2024/11/08 07:25:00,657.00,538.93
2024/11/08 07:25:00,658.00,542.65
2024/11/08 07:25:00,659.00,548.44
2024/11/08 07:25:00,660.00,551.61
2024/11/08 07:25:00,661.00,554.12
2024/11/08 07:25:00,662.00,557.08
2024/11/08 07:25:00,663.00,559.23
2024/11/08 07:25:00,664.00,561.69
2024/11/08 07:25:00,665.00,563.02
2024/11/08 07:25:00,666.00,564.67
2024/11/08 07:25:00,667.00,565.62
2024/11/08 07:25:00,668.00,565.23
2024/11/08 07:25:00,669.00,563.99
2024/11/08 07:25:00,670.00,564.32
2024/11/08 07:25:00,671.00,562.65
2024/11/08 07:25:00,672.00,560.88
2024/11/08 07:25:00,673.00,561.38
2024/11/08 07:25:00,674.00,561.10
2024/11/08 07:25:00,675.00,561.23
2024/11/08 07:25:00,676.00,561.32
2024/11/08 07:25:00,677.00,561.65
2024/11/08 07:25:00,678.00,560.47
2024/11/08 07:25:00,679.00,560.23
2024/11/08 07:25:00,680.00,559.44
2024/11/08 07:25:00,681.00,559.44
2024/11/08 07:25:00,682.00,556.72
2024/11/08 07:25:00,683.00,551.47
2024/11/08 07:25:00,684.00,540.53
2024/11/08 07:25:00,685.00,525.71
2024/11/08 07:25:00,686.00,509.58
2024/11/08 07:25:00,687.00,495.58
2024/11/08 07:25:00,688.00,485.19
2024/11/08 07:25:00,689.00,482.31
2024/11/08 07:25:00,690.00,486.29
2024/11/08 07:25:00,691.00,492.88
2024/11/08 07:25:00,692.00,500.87
2024/11/08 07:25:00,693.00,509.10
2024/11/08 07:25:00,694.00,515.69
2024/11/08 07:25:00,695.00,520.50
2024/11/08 07:25:00,696.00,523.37
2024/11/08 07:25:00,697.00,524.66
2024/11/08 07:25:00,698.00,526.07
2024/11/08 07:25:00,699.00,526.34
2024/11/08 07:25:00,700.00,525.13
2024/11/08 07:25:00,701.00,526.35
2024/11/08 07:25:00,702.00,527.58
2024/11/08 07:25:00,703.00,527.48
2024/11/08 07:25:00,704.00,528.95
2024/11/08 07:25:00,705.00,530.06
2024/11/08 07:25:00,706.00,530.11
2024/11/08 07:25:00,707.00,531.28
2024/11/08 07:25:00,708.00,531.03
2024/11/08 07:25:00,709.00,530.86
2024/11/08 07:25:00,710.00,530.69
2024/11/08 07:25:00,711.00,527.68
2024/11/08 07:25:00,712.00,526.11
2024/11/08 07:25:00,713.00,525.02
2024/11/08 07:25:00,714.00,520.74
2024/11/08 07:25:00,715.00,515.64
2024/11/08 07:25:00,716.00,509.82
2024/11/08 07:25:00,717.00,500.79
2024/11/08 07:25:00,718.00,493.66
2024/11/08 07:25:00,719.00,488.72
2024/11/08 07:25:00,720.00,484.88
2024/11/08 07:25:00,721.00,483.57
2024/11/08 07:25:00,722.00,481.92
2024/11/08 07:25:00,723.00,481.27
2024/11/08 07:25:00,724.00,480.87
2024/11/08 07:25:00,725.00,479.90
2024/11/08 07:25:00,726.00,480.69
2024/11/08 07:25:00,727.00,481.53
2024/11/08 07:25:00,728.00,481.16
2024/11/08 07:25:00,729.00,483.62
2024/11/08 07:25:00,730.00,485.33
2024/11/08 07:25:00,731.00,486.86
2024/11/08 07:25:00,732.00,491.18
2024/11/08 07:25:00,733.00,493.66
2024/11/08 07:25:00,734.00,495.14
2024/11/08 07:25:00,735.00,496.45
2024/11/08 07:25:00,736.00,495.58
2024/11/08 07:25:00,737.00,494.45
2024/11/08 07:25:00,738.00,493.58
2024/11/08 07:25:00,739.00,489.82
2024/11/08 07:25:00,740.00,490.33
2024/11/08 07:25:00,741.00,492.75
2024/11/08 07:25:00,742.00,491.48
2024/11/08 07:25:00,743.00,493.70
2024/11/08 07:25:00,744.00,496.51
2024/11/08 07:25:00,745.00,495.16
2024/11/08 07:25:00,746.00,494.82
2024/11/08 07:25:00,747.00,494.73
2024/11/08 07:25:00,748.00,492.87
2024/11/08 07:25:00,749.00,492.44
2024/11/08 07:25:00,750.00,491.69
2024/11/08 07:25:00,751.00,490.40
2024/11/08 07:25:00,752.00,489.91
2024/11/08 07:25:00,753.00,486.85
2024/11/08 07:25:00,754.00,485.22
2024/11/08 07:25:00,755.00,482.62
2024/11/08 07:25:00,756.00,468.67
2024/11/08 07:25:00,757.00,443.62
2024/11/08 07:25:00,758.00,409.69
2024/11/08 07:25:00,759.00,371.22
2024/11/08 07:25:00,760.00,334.60
2024/11/08 07:25:00,761.00,304.58
2024/11/08 07:25:00,762.00,289.03
2024/11/08 07:25:00,763.00,288.60
2024/11/08 07:25:00,764.00,294.67
2024/11/08 07:25:00,765.00,308.38
2024/11/08 07:25:00,766.00,330.18
2024/11/08 07:25:00,767.00,351.23
2024/11/08 07:25:00,768.00,373.33
2024/11/08 07:25:00,769.00,393.10
2024/11/08 07:25:00,770.00,406.70
2024/11/08 07:25:00,771.00,422.59
2024/11/08 07:25:00,772.00,436.05
2024/11/08 07:25:00,773.00,443.65
2024/11/08 07:25:00,774.00,450.85
2024/11/08 07:25:00,775.00,456.02
2024/11/08 07:25:00,776.00,457.70
2024/11/08 07:25:00,777.00,459.02
2024/11/08 07:25:00,778.00,458.81
2024/11/08 07:25:00,779.00,459.47
2024/11/08 07:25:00,780.00,458.32
2024/11/08 07:25:00,781.00,455.42
2024/11/08 07:25:00,782.00,456.49
2024/11/08 07:25:00,783.00,457.09
2024/11/08 07:25:00,784.00,454.64
2024/11/08 07:25:00,785.00,456.60
2024/11/08 07:25:00,786.00,455.74
2024/11/08 07:25:00,787.00,453.43
2024/11/08 07:25:00,788.00,454.36
2024/11/08 07:25:00,789.00,455.10
2024/11/08 07:25:00,790.00,452.82
2024/11/08 07:25:00,791.00,451.87
2024/11/08 07:25:00,792.00,447.92
2024/11/08 07:25:00,793.00,444.66
2024/11/08 07:25:00,794.00,442.64
2024/11/08 07:25:00,795.00,441.86
2024/11/08 07:25:00,796.00,443.37
2024/11/08 07:25:00,797.00,443.06
2024/11/08 07:25:00,798.00,442.41
2024/11/08 07:25:00,799.00,444.34
2024/11/08 07:25:00,800.00,443.97
2024/11/08 07:25:00,801.00,443.24
2024/11/08 07:25:00,802.00,444.54
2024/11/08 07:25:00,803.00,445.30
2024/11/08 07:25:00,804.00,445.60
2024/11/08 07:25:00,805.00,445.21
2024/11/08 07:25:00,806.00,443.65
2024/11/08 07:25:00,807.00,443.66
2024/11/08 07:25:00,808.00,440.90
2024/11/08 07:25:00,809.00,438.98
2024/11/08 07:25:00,810.00,438.94
2024/11/08 07:25:00,811.00,435.68
2024/11/08 07:25:00,812.00,432.23
2024/11/08 07:25:00,813.00,429.40
2024/11/08 07:25:00,814.00,423.20
2024/11/08 07:25:00,815.00,420.69
2024/11/08 07:25:00,816.00,418.63
2024/11/08 07:25:00,817.00,415.10
2024/11/08 07:25:00,818.00,416.38
2024/11/08 07:25:00,819.00,412.92
2024/11/08 07:25:00,820.00,411.03
2024/11/08 07:25:00,821.00,412.56
2024/11/08 07:25:00,822.00,410.85
2024/11/08 07:25:00,823.00,413.11
2024/11/08 07:25:00,824.00,419.35
2024/11/08 07:25:00,825.00,418.69
2024/11/08 07:25:00,826.00,419.73
2024/11/08 07:25:00,827.00,420.28
2024/11/08 07:25:00,828.00,416.80
2024/11/08 07:25:00,829.00,416.17
2024/11/08 07:25:00,830.00,414.18
2024/11/08 07:25:00,831.00,411.97
2024/11/08 07:25:00,832.00,413.09
2024/11/08 07:25:00,833.00,410.57
2024/11/08 07:25:00,834.00,409.35
2024/11/08 07:25:00,835.00,410.73
2024/11/08 07:25:00,836.00,408.18
2024/11/08 07:25:00,837.00,408.71
2024/11/08 07:25:00,838.00,410.01
2024/11/08 07:25:00,839.00,407.98
2024/11/08 07:25:00,840.00,408.03
2024/11/08 07:25:00,841.00,407.44
2024/11/08 07:25:00,842.00,403.61
2024/11/08 07:25:00,843.00,402.43
2024/11/08 07:25:00,844.00,401.88
2024/11/08 07:25:00,845.00,400.29
2024/11/08 07:25:00,846.00,400.85
2024/11/08 07:25:00,847.00,397.98
2024/11/08 07:25:00,848.00,395.27
2024/11/08 07:25:00,849.00,392.18
2024/11/08 07:25:00,850.00,387.81
2024/11/08 07:25:00,851.00,382.79
2024/11/08 07:25:00,852.00,379.07
2024/11/08 07:25:00,853.00,375.42
2024/11/08 07:25:00,854.00,376.47
2024/11/08 07:25:00,855.00,377.60
2024/11/08 07:25:00,856.00,380.25
2024/11/08 07:25:00,857.00,383.66
2024/11/08 07:25:00,858.00,385.21
2024/11/08 07:25:00,859.00,385.49
2024/11/08 07:25:00,860.00,385.74
2024/11/08 07:25:00,861.00,385.85
2024/11/08 07:25:00,862.00,385.55
2024/11/08 07:25:00,863.00,382.66
2024/11/08 07:25:00,864.00,378.16
2024/11/08 07:25:00,865.00,376.02
2024/11/08 07:25:00,866.00,372.68
2024/11/08 07:25:00,867.00,372.16
2024/11/08 07:25:00,868.00,374.22
2024/11/08 07:25:00,869.00,375.15
2024/11/08 07:25:00,870.00,375.57
2024/11/08 07:25:00,871.00,376.31
2024/11/08 07:25:00,872.00,375.22
2024/11/08 07:25:00,873.00,376.18
2024/11/08 07:25:00,874.00,375.77
2024/11/08 07:25:00,875.00,375.91
2024/11/08 07:25:00,876.00,376.46
2024/11/08 07:25:00,877.00,374.85
2024/11/08 07:25:00,878.00,373.63
2024/11/08 07:25:00,879.00,373.82
2024/11/08 07:25:00,880.00,372.34
2024/11/08 07:25:00,881.00,372.25
2024/11/08 07:25:00,882.00,372.52
2024/11/08 07:25:00,883.00,371.50
2024/11/08 07:25:00,884.00,371.29
2024/11/08 07:25:00,885.00,371.04
2024/11/08 07:25:00,886.00,370.69
2024/11/08 07:25:00,887.00,370.02
2024/11/08 07:25:00,888.00,368.81
2024/11/08 07:25:00,889.00,368.02
2024/11/08 07:25:00,890.00,365.71
2024/11/08 07:25:00,891.00,362.30
2024/11/08 07:25:00,892.00,358.72
2024/11/08 07:25:00,893.00,354.19
2024/11/08 07:25:00,894.00,348.98
2024/11/08 07:25:00,895.00,343.51
2024/11/08 07:25:00,896.00,336.53
2024/11/08 07:25:00,897.00,330.59
2024/11/08 07:25:00,898.00,324.71
2024/11/08 07:25:00,899.00,319.71
2024/11/08 07:25:00,900.00,317.07
2024/11/08 07:25:00,901.00,316.68
2024/11/08 07:25:00,902.00,318.02
2024/11/08 07:25:00,903.00,320.36
2024/11/08 07:25:00,904.00,320.37
2024/11/08 07:25:00,905.00,319.38
2024/11/08 07:25:00,906.00,317.11
2024/11/08 07:25:00,907.00,312.13
2024/11/08 07:25:00,908.00,310.03
2024/11/08 07:25:00,909.00,308.62
2024/11/08 07:25:00,910.00,307.33
2024/11/08 07:25:00,911.00,307.50
2024/11/08 07:25:00,912.00,306.92
2024/11/08 07:25:00,913.00,305.11
2024/11/08 07:25:00,914.00,304.62
2024/11/08 07:25:00,915.00,304.03
2024/11/08 07:25:00,916.00,304.82
2024/11/08 07:25:00,917.00,307.04
2024/11/08 07:25:00,918.00,308.30
2024/11/08 07:25:00,919.00,309.37
2024/11/08 07:25:00,920.00,310.53
2024/11/08 07:25:00,921.00,309.12
2024/11/08 07:25:00,922.00,308.71
2024/11/08 07:25:00,923.00,307.81
2024/11/08 07:25:00,924.00,305.85
2024/11/08 07:25:00,925.00,303.84
2024/11/08 07:25:00,926.00,299.90
2024/11/08 07:25:00,927.00,294.24
2024/11/08 07:25:00,928.00,284.58
2024/11/08 07:25:00,929.00,272.61
2024/11/08 07:25:00,930.00,257.18
2024/11/08 07:25:00,931.00,240.09
2024/11/08 07:25:00,932.00,223.63
2024/11/08 07:25:00,933.00,210.79
2024/11/08 07:25:00,934.00,199.25
2024/11/08 07:25:00,935.00,193.40
2024/11/08 07:25:00,936.00,192.79
2024/11/08 07:25:00,937.00,194.89
2024/11/08 07:25:00,938.00,199.96
2024/11/08 07:25:00,939.00,205.65
2024/11/08 07:25:00,940.00,208.58
2024/11/08 07:25:00,941.00,209.47
2024/11/08 07:25:00,942.00,207.65
2024/11/08 07:25:00,943.00,205.43
2024/11/08 07:25:00,944.00,204.16
2024/11/08 07:25:00,945.00,204.00
2024/11/08 07:25:00,946.00,204.58
2024/11/08 07:25:00,947.00,205.83
2024/11/08 07:25:00,948.00,206.96
2024/11/08 07:25:00,949.00,208.76
2024/11/08 07:25:00,950.00,209.27
2024/11/08 07:25:00,951.00,210.43
2024/11/08 07:25:00,952.00,211.87
2024/11/08 07:25:00,953.00,212.01
2024/11/08 07:25:00,954.00,213.32
2024/11/08 07:25:00,955.00,215.36
2024/11/08 07:25:00,956.00,217.16
2024/11/08 07:25:00,957.00,220.23
2024/11/08 07:25:00,958.00,223.87
2024/11/08 07:25:00,959.00,225.98
2024/11/08 07:25:00,960.00,229.48
2024/11/08 07:25:00,961.00,233.48
2024/11/08 07:25:00,962.00,236.53
2024/11/08 07:25:00,963.00,239.89
2024/11/08 07:25:00,964.00,243.65
2024/11/08 07:25:00,965.00,248.50
2024/11/08 07:25:00,966.00,253.64
2024/11/08 07:25:00,967.00,259.58
2024/11/08 07:25:00,968.00,266.21
2024/11/08 07:25:00,969.00,271.19
2024/11/08 07:25:00,970.00,274.29
2024/11/08 07:25:00,971.00,274.96
2024/11/08 07:25:00,972.00,274.49
2024/11/08 07:25:00,973.00,272.92
2024/11/08 07:25:00,974.00,272.29
2024/11/08 07:25:00,975.00,271.76
2024/11/08 07:25:00,976.00,272.13
2024/11/08 07:25:00,977.00,273.07
2024/11/08 07:25:00,978.00,274.80
2024/11/08 07:25:00,979.00,275.79
2024/11/08 07:25:00,980.00,277.61
2024/11/08 07:25:00,981.00,280.72
2024/11/08 07:25:00,982.00,282.34
2024/11/08 07:25:00,983.00,283.77
2024/11/08 07:25:00,984.00,286.99
2024/11/08 07:25:00,985.00,288.67
2024/11/08 07:25:00,986.00,288.99
2024/11/08 07:25:00,987.00,290.90
2024/11/08 07:25:00,988.00,291.55
2024/11/08 07:25:00,989.00,291.06
2024/11/08 07:25:00,990.00,291.45
2024/11/08 07:25:00,991.00,291.29
2024/11/08 07:25:00,992.00,290.55
2024/11/08 07:25:00,993.00,289.74
2024/11/08 07:25:00,994.00,289.50
2024/11/08 07:25:00,995.00,289.58
2024/11/08 07:25:00,996.00,289.37
2024/11/08 07:25:00,997.00,288.67
2024/11/08 07:25:00,998.00,288.42
2024/11/08 07:25:00,999.00,287.46
2024/11/08 07:25:00,1000.00,286.97
2024/11/08 07:25:00,1001.00,286.70
2024/11/08 07:25:00,1002.00,285.00
2024/11/08 07:25:00,1003.00,284.49
2024/11/08 07:25:00,1004.00,283.65
2024/11/08 07:25:00,1005.00,281.91
2024/11/08 07:25:00,1006.00,280.93
2024/11/08 07:25:00,1007.00,280.22
2024/11/08 07:25:00,1008.00,280.50
2024/11/08 07:25:00,1009.00,279.38
2024/11/08 07:25:00,1010.00,279.15
2024/11/08 07:25:00,1011.00,280.26
2024/11/08 07:25:00,1012.00,280.81
2024/11/08 07:25:00,1013.00,279.67
2024/11/08 07:25:00,1014.00,280.42
2024/11/08 07:25:00,1015.00,279.23
2024/11/08 07:25:00,1016.00,277.36
2024/11/08 07:25:00,1017.00,276.35
2024/11/08 07:25:00,1018.00,275.47
2024/11/08 07:25:00,1019.00,274.49
2024/11/08 07:25:00,1020.00,273.50
2024/11/08 07:25:00,1021.00,274.47
2024/11/08 07:25:00,1022.00,274.45
2024/11/08 07:25:00,1023.00,274.69
2024/11/08 07:25:00,1024.00,275.05
2024/11/08 07:25:00,1025.00,274.09
2024/11/08 07:25:00,1026.00,271.70
2024/11/08 07:25:00,1027.00,272.05
2024/11/08 07:25:00,1028.00,269.40
2024/11/08 07:25:00,1029.00,266.99
2024/11/08 07:25:00,1030.00,268.14
2024/11/08 07:25:00,1031.00,267.84
2024/11/08 07:25:00,1032.00,266.95
2024/11/08 07:25:00,1033.00,269.20
2024/11/08 07:25:00,1034.00,268.40
2024/11/08 07:25:00,1035.00,266.12
2024/11/08 07:25:00,1036.00,265.69
2024/11/08 07:25:00,1037.00,265.89
2024/11/08 07:25:00,1038.00,265.38
2024/11/08 07:25:00,1039.00,264.72
2024/11/08 07:25:00,1040.00,264.48
2024/11/08 07:25:00,1041.00,264.35
2024/11/08 07:25:00,1042.00,261.14
2024/11/08 07:25:00,1043.00,261.31
2024/11/08 07:25:00,1044.00,261.17
2024/11/08 07:25:00,1045.00,259.06
2024/11/08 07:25:00,1046.00,259.31
2024/11/08 07:25:00,1047.00,259.83
2024/11/08 07:25:00,1048.00,258.80
2024/11/08 07:25:00,1049.00,259.50
2024/11/08 07:25:00,1050.00,259.41
2024/11/08 07:25:00,1051.00,262.66
2024/11/08 07:25:00,1052.00,261.51
2024/11/08 07:25:00,1053.00,259.44
2024/11/08 07:25:00,1054.00,260.01
2024/11/08 07:25:00,1055.00,258.80
2024/11/08 07:25:00,1056.00,256.48
2024/11/08 07:25:00,1057.00,256.95
2024/11/08 07:25:00,1058.00,255.89
2024/11/08 07:25:00,1059.00,254.57
2024/11/08 07:25:00,1060.00,254.78
2024/11/08 07:25:00,1061.00,255.56
2024/11/08 07:25:00,1062.00,253.36
2024/11/08 07:25:00,1063.00,252.40
2024/11/08 07:25:00,1064.00,253.22
2024/11/08 07:25:00,1065.00,249.35
2024/11/08 07:25:00,1066.00,248.35
2024/11/08 07:25:00,1067.00,248.82
2024/11/08 07:25:00,1068.00,246.15
2024/11/08 07:25:00,1069.00,244.67
2024/11/08 07:25:00,1070.00,247.29
2024/11/08 07:25:00,1071.00,249.67
2024/11/08 07:25:00,1072.00,247.77
2024/11/08 07:25:00,1073.00,249.77
2024/11/08 07:25:00,1074.00,253.73
2024/11/08 07:25:00,1075.00,249.21
2024/11/08 07:25:00,1076.00,246.85
2024/11/08 07:25:00,1077.00,245.45
2024/11/08 07:25:00,1078.00,239.06
2024/11/08 07:25:00,1079.00,236.11
2024/11/08 07:25:00,1080.00,239.84
2024/11/08 07:25:00,1081.00,238.44
2024/11/08 07:25:00,1082.00,237.59
2024/11/08 07:25:00,1083.00,240.74
2024/11/08 07:25:00,1084.00,240.54
2024/11/08 07:25:00,1085.00,237.74
2024/11/08 07:25:00,1086.00,238.99
2024/11/08 07:25:00,1087.00,242.72
2024/11/08 07:25:00,1088.00,235.77
2024/11/08 07:25:00,1089.00,231.93
2024/11/08 07:25:00,1090.00,232.79
2024/11/08 07:25:00,1091.00,228.96
2024/11/08 07:25:00,1092.00,227.27
2024/11/08 07:25:00,1093.00,230.79
2024/11/08 07:25:00,1094.00,228.92
2024/11/08 07:25:00,1095.00,223.94
2024/11/08 07:25:00,1096.00,225.48
2024/11/08 07:25:00,1097.00,225.32
2024/11/08 07:25:00,1098.00,220.48
2024/11/08 07:25:00,1099.00,221.15
2024/11/08 07:25:00,1100.00,223.32
2024/11/08 07:26:00,Wavelength(nm),Irradiance(W/m2/um)
2024/11/08 07:26:00,300.00,7.92
2024/11/08 07:26:00,301.00,8.65
2024/11/08 07:26:00,302.00,9.70
2024/11/08 07:26:00,303.00,11.28
2024/11/08 07:26:00,304.00,12.74
2024/11/08 07:26:00,305.00,14.11
2024/11/08 07:26:00,306.00,16.20
2024/11/08 07:26:00,307.00,18.73
2024/11/08 07:26:00,308.00,21.19
2024/11/08 07:26:00,309.00,24.60
2024/11/08 07:26:00,310.00,29.07
2024/11/08 07:26:00,311.00,33.66
2024/11/08 07:26:00,312.00,38.88
2024/11/08 07:26:00,313.00,44.85
2024/11/08 07:26:00,314.00,51.63
2024/11/08 07:26:00,315.00,58.22
2024/11/08 07:26:00,316.00,65.45
2024/11/08 07:26:00,317.00,73.24
2024/11/08 07:26:00,318.00,80.63
2024/11/08 07:26:00,319.00,86.92
2024/11/08 07:26:00,320.00,93.60
2024/11/08 07:26:00,321.00,100.95
2024/11/08 07:26:00,322.00,109.13
2024/11/08 07:26:00,323.00,118.90
2024/11/08 07:26:00,324.00,129.76
2024/11/08 07:26:00,325.00,141.31
2024/11/08 07:26:00,326.00,152.90
2024/11/08 07:26:00,327.00,164.03
2024/11/08 07:26:00,328.00,173.39
2024/11/08 07:26:00,329.00,180.95
2024/11/08 07:26:00,330.00,187.25
2024/11/08 07:26:00,331.00,192.10
2024/11/08 07:26:00,332.00,194.81
2024/11/08 07:26:00,333.00,195.66
2024/11/08 07:26:00,334.00,196.58
2024/11/08 07:26:00,335.00,197.33
2024/11/08 07:26:00,336.00,198.68
2024/11/08 07:26:00,337.00,200.87
2024/11/08 07:26:00,338.00,204.38
2024/11/08 07:26:00,339.00,208.73
2024/11/08 07:26:00,340.00,212.68
2024/11/08 07:26:00,341.00,214.51
2024/11/08 07:26:00,342.00,215.49
2024/11/08 07:26:00,343.00,216.72
2024/11/08 07:26:00,344.00,216.88
2024/11/08 07:26:00,345.00,216.52
2024/11/08 07:26:00,346.00,217.93
2024/11/08 07:26:00,347.00,220.27
2024/11/08 07:26:00,348.00,223.38
2024/11/08 07:26:00,349.00,226.73
2024/11/08 07:26:00,350.00,230.86
2024/11/08 07:26:00,351.00,236.36
2024/11/08 07:26:00,352.00,241.49
2024/11/08 07:26:00,353.00,244.69
2024/11/08 07:26:00,354.00,244.61
2024/11/08 07:26:00,355.00,241.59
2024/11/08 07:26:00,356.00,237.72
2024/11/08 07:26:00,357.00,234.49
2024/11/08 07:26:00,358.00,231.23
2024/11/08 07:26:00,359.00,232.00
2024/11/08 07:26:00,360.00,237.53
2024/11/08 07:26:00,361.00,243.00
2024/11/08 07:26:00,362.00,250.09
2024/11/08 07:26:00,363.00,261.10
2024/11/08 07:26:00,364.00,272.90
2024/11/08 07:26:00,365.00,281.99
2024/11/08 07:26:00,366.00,290.60
2024/11/08 07:26:00,367.00,297.35
2024/11/08 07:26:00,368.00,300.28
2024/11/08 07:26:00,369.00,299.60
2024/11/08 07:26:00,370.00,295.79
2024/11/08 07:26:00,371.00,288.72
2024/11/08 07:26:00,372.00,281.13
2024/11/08 07:26:00,373.00,276.48
2024/11/08 07:26:00,374.00,277.13
2024/11/08 07:26:00,375.00,284.75
2024/11/08 07:26:00,376.00,294.90
2024/11/08 07:26:00,377.00,304.61
2024/11/08 07:26:00,378.00,311.67
2024/11/08 07:26:00,379.00,309.54
2024/11/08 07:26:00,380.00,297.00
2024/11/08 07:26:00,381.00,282.43
2024/11/08 07:26:00,382.00,270.98
2024/11/08 07:26:00,383.00,261.94
2024/11/08 07:26:00,384.00,258.88
2024/11/08 07:26:00,385.00,263.87
2024/11/08 07:26:00,386.00,272.88
2024/11/08 07:26:00,387.00,283.89
2024/11/08 07:26:00,388.00,296.67
2024/11/08 07:26:00,389.00,307.48
2024/11/08 07:26:00,390.00,309.43
2024/11/08 07:26:00,391.00,304.65
2024/11/08 07:26:00,392.00,300.31
2024/11/08 07:26:00,393.00,293.12
2024/11/08 07:26:00,394.00,284.39
2024/11/08 07:26:00,395.00,288.95
2024/11/08 07:26:00,396.00,310.43
2024/11/08 07:26:00,397.00,336.27
2024/11/08 07:26:00,398.00,366.84
2024/11/08 07:26:00,399.00,404.16
2024/11/08 07:26:00,400.00,437.33
2024/11/08 07:26:00,401.00,458.95
2024/11/08 07:26:00,402.00,470.65
2024/11/08 07:26:00,403.00,473.52
2024/11/08 07:26:00,404.00,471.54
2024/11/08 07:26:00,405.00,469.32
2024/11/08 07:26:00,406.00,468.80
2024/11/08 07:26:00,407.00,469.31
2024/11/08 07:26:00,408.00,472.07
2024/11/08 07:26:00,409.00,477.76
2024/11/08 07:26:00,410.00,484.62
2024/11/08 07:26:00,411.00,490.49
2024/11/08 07:26:00,412.00,496.87
2024/11/08 07:26:00,413.00,503.97
2024/11/08 07:26:00,414.00,508.65
2024/11/08 07:26:00,415.00,510.47
2024/11/08 07:26:00,416.00,510.54
2024/11/08 07:26:00,417.00,510.40
2024/11/08 07:26:00,418.00,510.67
2024/11/08 07:26:00,419.00,511.09
2024/11/08 07:26:00,420.00,511.68
2024/11/08 07:26:00,421.00,513.01
2024/11/08 07:26:00,422.00,514.32
2024/11/08 07:26:00,423.00,514.20
2024/11/08 07:26:00,424.00,512.54
2024/11/08 07:26:00,425.00,510.59
2024/11/08 07:26:00,426.00,506.33
2024/11/08 07:26:00,427.00,496.21
2024/11/08 07:26:00,428.00,482.91
2024/11/08 07:26:00,429.00,475.27
2024/11/08 07:26:00,430.00,475.28
2024/11/08 07:26:00,431.00,480.67
2024/11/08 07:26:00,432.00,493.68
2024/11/08 07:26:00,433.00,514.18
2024/11/08 07:26:00,434.00,533.49
2024/11/08 07:26:00,435.00,543.28
2024/11/08 07:26:00,436.00,548.27
2024/11/08 07:26:00,437.00,552.26
2024/11/08 07:26:00,438.00,555.71
2024/11/08 07:26:00,439.00,560.37
2024/11/08 07:26:00,440.00,568.78
2024/11/08 07:26:00,441.00,581.31
2024/11/08 07:26:00,442.00,593.37
2024/11/08 07:26:00,443.00,601.26
2024/11/08 07:26:00,444.00,607.35
2024/11/08 07:26:00,445.00,612.62
2024/11/08 07:26:00,446.00,618.14
2024/11/08 07:26:00,447.00,627.02
2024/11/08 07:26:00,448.00,639.10
2024/11/08 07:26:00,449.00,648.47
2024/11/08 07:26:00,450.00,653.92
2024/11/08 07:26:00,451.00,655.35
2024/11/08 07:26:00,452.00,654.97
2024/11/08 07:26:00,453.00,653.52
2024/11/08 07:26:00,454.00,654.21
2024/11/08 07:26:00,455.00,657.78
2024/11/08 07:26:00,456.00,662.54
2024/11/08 07:26:00,457.00,665.56
2024/11/08 07:26:00,458.00,669.10
2024/11/08 07:26:00,459.00,671.98
2024/11/08 07:26:00,460.00,674.32
2024/11/08 07:26:00,461.00,677.52
2024/11/08 07:26:00,462.00,681.20
2024/11/08 07:26:00,463.00,680.90
2024/11/08 07:26:00,464.00,678.71
2024/11/08 07:26:00,465.00,675.50
2024/11/08 07:26:00,466.00,672.30
2024/11/08 07:26:00,467.00,668.93
2024/11/08 07:26:00,468.00,667.38
2024/11/08 07:26:00,469.00,667.50
2024/11/08 07:26:00,470.00,668.74
2024/11/08 07:26:00,471.00,670.97
2024/11/08 07:26:00,472.00,673.23
2024/11/08 07:26:00,473.00,675.72
2024/11/08 07:26:00,474.00,676.37
2024/11/08 07:26:00,475.00,677.20
2024/11/08 07:26:00,476.00,678.77
2024/11/08 07:26:00,477.00,681.65
2024/11/08 07:26:00,478.00,684.35
2024/11/08 07:26:00,479.00,688.67
2024/11/08 07:26:00,480.00,691.31
2024/11/08 07:26:00,481.00,690.65
2024/11/08 07:26:00,482.00,686.89
2024/11/08 07:26:00,483.00,676.31
2024/11/08 07:26:00,484.00,661.52
2024/11/08 07:26:00,485.00,649.07
2024/11/08 07:26:00,486.00,641.23
2024/11/08 07:26:00,487.00,638.40
2024/11/08 07:26:00,488.00,643.63
2024/11/08 07:26:00,489.00,651.52
2024/11/08 07:26:00,490.00,658.10
2024/11/08 07:26:00,491.00,662.77
2024/11/08 07:26:00,492.00,665.77
2024/11/08 07:26:00,493.00,668.63
2024/11/08 07:26:00,494.00,672.04
2024/11/08 07:26:00,495.00,674.27
2024/11/08 07:26:00,496.00,675.14
2024/11/08 07:26:00,497.00,672.71
2024/11/08 07:26:00,498.00,667.60
2024/11/08 07:26:00,499.00,661.77
2024/11/08 07:26:00,500.00,656.10
2024/11/08 07:26:00,501.00,651.33
2024/11/08 07:26:00,502.00,648.99
2024/11/08 07:26:00,503.00,649.51
2024/11/08 07:26:00,504.00,651.74
2024/11/08 07:26:00,505.00,655.00
2024/11/08 07:26:00,506.00,657.55
2024/11/08 07:26:00,507.00,659.79
2024/11/08 07:26:00,508.00,661.24
2024/11/08 07:26:00,509.00,660.83
2024/11/08 07:26:00,510.00,659.93
2024/11/08 07:26:00,511.00,658.29
2024/11/08 07:26:00,512.00,655.01
2024/11/08 07:26:00,513.00,648.89
2024/11/08 07:26:00,514.00,638.91
2024/11/08 07:26:00,515.00,626.73
2024/11/08 07:26:00,516.00,617.44
2024/11/08 07:26:00,517.00,611.90
2024/11/08 07:26:00,518.00,609.49
2024/11/08 07:26:00,519.00,612.89
2024/11/08 07:26:00,520.00,620.51
2024/11/08 07:26:00,521.00,627.24
2024/11/08 07:26:00,522.00,634.59
2024/11/08 07:26:00,523.00,639.25
2024/11/08 07:26:00,524.00,638.42
2024/11/08 07:26:00,525.00,637.58
2024/11/08 07:26:00,526.00,637.96
2024/11/08 07:26:00,527.00,637.15
2024/11/08 07:26:00,528.00,638.62
2024/11/08 07:26:00,529.00,643.84
2024/11/08 07:26:00,530.00,647.18
2024/11/08 07:26:00,531.00,648.83
2024/11/08 07:26:00,532.00,649.13
2024/11/08 07:26:00,533.00,649.05
2024/11/08 07:26:00,534.00,648.98
2024/11/08 07:26:00,535.00,649.40
2024/11/08 07:26:00,536.00,649.02
2024/11/08 07:26:00,537.00,646.42
2024/11/08 07:26:00,538.00,642.09
2024/11/08 07:26:00,539.00,638.13
2024/11/08 07:26:00,540.00,635.63
2024/11/08 07:26:00,541.00,634.65
2024/11/08 07:26:00,542.00,635.74
2024/11/08 07:26:00,543.00,637.58
2024/11/08 07:26:00,544.00,638.55
2024/11/08 07:26:00,545.00,640.01
2024/11/08 07:26:00,546.00,640.86
2024/11/08 07:26:00,547.00,640.22
2024/11/08 07:26:00,548.00,640.95
2024/11/08 07:26:00,549.00,641.25
2024/11/08 07:26:00,550.00,640.27
2024/11/08 07:26:00,551.00,639.63
2024/11/08 07:26:00,552.00,639.33
2024/11/08 07:26:00,553.00,637.11
2024/11/08 07:26:00,554.00,635.53
2024/11/08 07:26:00,555.00,632.78
2024/11/08 07:26:00,556.00,629.06
2024/11/08 07:26:00,557.00,625.90
2024/11/08 07:26:00,558.00,622.61
2024/11/08 07:26:00,559.00,621.68
2024/11/08 07:26:00,560.00,621.51
2024/11/08 07:26:00,561.00,620.30
2024/11/08 07:26:00,562.00,620.40
2024/11/08 07:26:00,563.00,620.98
2024/11/08 07:26:00,564.00,618.94
2024/11/08 07:26:00,565.00,619.24
2024/11/08 07:26:00,566.00,617.14
2024/11/08 07:26:00,567.00,613.51
2024/11/08 07:26:00,568.00,610.19
2024/11/08 07:26:00,569.00,608.52
2024/11/08 07:26:00,570.00,606.19
2024/11/08 07:26:00,571.00,608.28
2024/11/08 07:26:00,572.00,608.42
2024/11/08 07:26:00,573.00,609.66
2024/11/08 07:26:00,574.00,610.10
2024/11/08 07:26:00,575.00,607.71
2024/11/08 07:26:00,576.00,605.48
2024/11/08 07:26:00,577.00,604.91
2024/11/08 07:26:00,578.00,603.38
2024/11/08 07:26:00,579.00,603.48
2024/11/08 07:26:00,580.00,607.00
2024/11/08 07:26:00,581.00,608.63
2024/11/08 07:26:00,582.00,610.81
2024/11/08 07:26:00,583.00,612.65
2024/11/08 07:26:00,584.00,613.39
2024/11/08 07:26:00,585.00,611.51
2024/11/08 07:26:00,586.00,607.46
2024/11/08 07:26:00,587.00,602.71
2024/11/08 07:26:00,588.00,599.86
2024/11/08 07:26:00,589.00,596.50
2024/11/08 07:26:00,590.00,594.41
2024/11/08 07:26:00,591.00,595.14
2024/11/08 07:26:00,592.00,597.20
2024/11/08 07:26:00,593.00,596.54
2024/11/08 07:26:00,594.00,597.63
2024/11/08 07:26:00,595.00,599.13
2024/11/08 07:26:00,596.00,598.79
2024/11/08 07:26:00,597.00,597.96
2024/11/08 07:26:00,598.00,597.04
2024/11/08 07:26:00,599.00,594.68
2024/11/08 07:26:00,600.00,592.86
2024/11/08 07:26:00,601.00,591.75
2024/11/08 07:26:00,602.00,590.87
2024/11/08 07:26:00,603.00,591.81
2024/11/08 07:26:00,604.00,592.04
2024/11/08 07:26:00,605.00,592.09
2024/11/08 07:26:00,606.00,592.21
2024/11/08 07:26:00,607.00,590.68
2024/11/08 07:26:00,608.00,589.76
2024/11/08 07:26:00,609.00,588.93
2024/11/08 07:26:00,610.00,586.25
2024/11/08 07:26:00,611.00,585.37
2024/11/08 07:26:00,612.00,584.72
2024/11/08 07:26:00,613.00,581.35
2024/11/08 07:26:00,614.00,578.66
2024/11/08 07:26:00,615.00,577.30
2024/11/08 07:26:00,616.00,576.59
2024/11/08 07:26:00,617.00,577.81
2024/11/08 07:26:00,618.00,578.84
2024/11/08 07:26:00,619.00,580.98
2024/11/08 07:26:00,620.00,581.90
2024/11/08 07:26:00,621.00,579.90
2024/11/08 07:26:00,622.00,577.09
2024/11/08 07:26:00,623.00,575.26
2024/11/08 07:26:00,624.00,572.12
2024/11/08 07:26:00,625.00,568.62
2024/11/08 07:26:00,626.00,566.39
2024/11/08 07:26:00,627.00,564.44
2024/11/08 07:26:00,628.00,562.90
2024/11/08 07:26:00,629.00,560.98
2024/11/08 07:26:00,630.00,561.71
2024/11/08 07:26:00,631.00,563.03
2024/11/08 07:26:00,632.00,563.06
2024/11/08 07:26:00,633.00,564.56
2024/11/08 07:26:00,634.00,567.53
2024/11/08 07:26:00,635.00,568.35
2024/11/08 07:26:00,636.00,569.25
2024/11/08 07:26:00,637.00,571.19
2024/11/08 07:26:00,638.00,571.16
2024/11/08 07:26:00,639.00,569.91
2024/11/08 07:26:00,640.00,570.43
2024/11/08 07:26:00,641.00,570.75
2024/11/08 07:26:00,642.00,570.48
2024/11/08 07:26:00,643.00,570.98
2024/11/08 07:26:00,644.00,571.07
2024/11/08 07:26:00,645.00,570.61
2024/11/08 07:26:00,646.00,569.01
2024/11/08 07:26:00,647.00,567.24
2024/11/08 07:26:00,648.00,566.45
2024/11/08 07:26:00,649.00,566.70
2024/11/08 07:26:00,650.00,565.93
2024/11/08 07:26:00,651.00,565.94
2024/11/08 07:26:00,652.00,564.66
2024/11/08 07:26:00,653.00,557.38
2024/11/08 07:26:00,654.00,550.85
2024/11/08 07:26:00,655.00,546.29
2024/11/08 07:26:00,656.00,542.84
2024/11/08 07:26:00,657.00,543.59
2024/11/08 07:26:00,658.00,548.97
2024/11/08 07:26:00,659.00,553.68
2024/11/08 07:26:00,660.00,558.39
2024/11/08 07:26:00,661.00,560.06
2024/11/08 07:26:00,662.00,560.53
2024/11/08 07:26:00,663.00,562.60
2024/11/08 07:26:00,664.00,563.81
2024/11/08 07:26:00,665.00,564.98
2024/11/08 07:26:00,666.00,567.07
2024/11/08 07:26:00,667.00,567.56
2024/11/08 07:26:00,668.00,567.66
2024/11/08 07:26:00,669.00,568.03
2024/11/08 07:26:00,670.00,567.64
2024/11/08 07:26:00,671.00,568.35
2024/11/08 07:26:00,672.00,569.24
2024/11/08 07:26:00,673.00,568.99
2024/11/08 07:26:00,674.00,570.45
2024/11/08 07:26:00,675.00,569.68
2024/11/08 07:26:00,676.00,568.53
2024/11/08 07:26:00,677.00,567.38
2024/11/08 07:26:00,678.00,565.59
2024/11/08 07:26:00,679.00,563.43
2024/11/08 07:26:00,680.00,563.93
2024/11/08 07:26:00,681.00,563.26
2024/11/08 07:26:00,682.00,563.29
2024/11/08 07:26:00,683.00,557.92
2024/11/08 07:26:00,684.00,545.42
2024/11/08 07:26:00,685.00,529.95
2024/11/08 07:26:00,686.00,513.28
2024/11/08 07:26:00,687.00,495.94
2024/11/08 07:26:00,688.00,486.64
2024/11/08 07:26:00,689.00,484.34
2024/11/08 07:26:00,690.00,487.69
2024/11/08 07:26:00,691.00,495.85
2024/11/08 07:26:00,692.00,503.59
2024/11/08 07:26:00,693.00,511.02
2024/11/08 07:26:00,694.00,518.24
2024/11/08 07:26:00,695.00,522.28
2024/11/08 07:26:00,696.00,524.53
2024/11/08 07:26:00,697.00,527.38
2024/11/08 07:26:00,698.00,528.10
2024/11/08 07:26:00,699.00,529.34
2024/11/08 07:26:00,700.00,528.97
2024/11/08 07:26:00,701.00,529.07
2024/11/08 07:26:00,702.00,530.57
2024/11/08 07:26:00,703.00,531.16
2024/11/08 07:26:00,704.00,531.29
2024/11/08 07:26:00,705.00,533.31
2024/11/08 07:26:00,706.00,533.06
2024/11/08 07:26:00,707.00,532.78
2024/11/08 07:26:00,708.00,534.17
2024/11/08 07:26:00,709.00,533.92
2024/11/08 07:26:00,710.00,533.24
2024/11/08 07:26:00,711.00,534.07
2024/11/08 07:26:00,712.00,532.98
2024/11/08 07:26:00,713.00,531.44
2024/11/08 07:26:00,714.00,527.23
2024/11/08 07:26:00,715.00,519.94
2024/11/08 07:26:00,716.00,512.17
2024/11/08 07:26:00,717.00,502.78
2024/11/08 07:26:00,718.00,494.38
2024/11/08 07:26:00,719.00,490.67
2024/11/08 07:26:00,720.00,487.98
2024/11/08 07:26:00,721.00,485.74
2024/11/08 07:26:00,722.00,485.34
2024/11/08 07:26:00,723.00,483.79
2024/11/08 07:26:00,724.00,482.11
2024/11/08 07:26:00,725.00,481.49
2024/11/08 07:26:00,726.00,480.99
2024/11/08 07:26:00,727.00,482.00
2024/11/08 07:26:00,728.00,483.91
2024/11/08 07:26:00,729.00,485.26
2024/11/08 07:26:00,730.00,489.61
2024/11/08 07:26:00,731.00,493.40
2024/11/08 07:26:00,732.00,495.15
2024/11/08 07:26:00,733.00,499.38
2024/11/08 07:26:00,734.00,501.70
2024/11/08 07:26:00,735.00,501.29
2024/11/08 07:26:00,736.00,501.18
2024/11/08 07:26:00,737.00,500.18
2024/11/08 07:26:00,738.00,497.01
2024/11/08 07:26:00,739.00,495.63
2024/11/08 07:26:00,740.00,493.70
2024/11/08 07:26:00,741.00,493.44
2024/11/08 07:26:00,742.00,495.02
2024/11/08 07:26:00,743.00,494.49
2024/11/08 07:26:00,744.00,496.31
2024/11/08 07:26:00,745.00,497.81
2024/11/08 07:26:00,746.00,497.54
2024/11/08 07:26:00,747.00,498.13
2024/11/08 07:26:00,748.00,497.85
2024/11/08 07:26:00,749.00,497.38
2024/11/08 07:26:00,750.00,496.95
2024/11/08 07:26:00,751.00,495.22
2024/11/08 07:26:00,752.00,493.11
2024/11/08 07:26:00,753.00,493.35
2024/11/08 07:26:00,754.00,488.70
2024/11/08 07:26:00,755.00,484.77
2024/11/08 07:26:00,756.00,474.16
2024/11/08 07:26:00,757.00,446.92
2024/11/08 07:26:00,758.00,412.03
2024/11/08 07:26:00,759.00,375.82
2024/11/08 07:26:00,760.00,336.99
2024/11/08 07:26:00,761.00,306.80
2024/11/08 07:26:00,762.00,291.78
2024/11/08 07:26:00,763.00,289.40
2024/11/08 07:26:00,764.00,297.52
2024/11/08 07:26:00,765.00,311.13
2024/11/08 07:26:00,766.00,331.09
2024/11/08 07:26:00,767.00,355.58
2024/11/08 07:26:00,768.00,375.29
2024/11/08 07:26:00,769.00,394.20
2024/11/08 07:26:00,770.00,412.46
2024/11/08 07:26:00,771.00,425.90
2024/11/08 07:26:00,772.00,439.12
2024/11/08 07:26:00,773.00,450.54
2024/11/08 07:26:00,774.00,456.92
2024/11/08 07:26:00,775.00,461.32
2024/11/08 07:26:00,776.00,462.82
2024/11/08 07:26:00,777.00,462.67
2024/11/08 07:26:00,778.00,462.30
2024/11/08 07:26:00,779.00,460.20
2024/11/08 07:26:00,780.00,459.95
2024/11/08 07:26:00,781.00,460.70
2024/11/08 07:26:00,782.00,457.78
2024/11/08 07:26:00,783.00,457.20
2024/11/08 07:26:00,784.00,458.04
2024/11/08 07:26:00,785.00,455.97
2024/11/08 07:26:00,786.00,455.71
2024/11/08 07:26:00,787.00,457.64
2024/11/08 07:26:00,788.00,456.28
2024/11/08 07:26:00,789.00,456.82
2024/11/08 07:26:00,790.00,456.27
2024/11/08 07:26:00,791.00,452.51
2024/11/08 07:26:00,792.00,452.14
2024/11/08 07:26:00,793.00,450.12
2024/11/08 07:26:00,794.00,449.53
2024/11/08 07:26:00,795.00,451.41
2024/11/08 07:26:00,796.00,452.76
2024/11/08 07:26:00,797.00,451.65
2024/11/08 07:26:00,798.00,451.70
2024/11/08 07:26:00,799.00,447.71
2024/11/08 07:26:00,800.00,445.24
2024/11/08 07:26:00,801.00,444.71
2024/11/08 07:26:00,802.00,442.89
2024/11/08 07:26:00,803.00,442.21
2024/11/08 07:26:00,804.00,442.67
2024/11/08 07:26:00,805.00,441.83
2024/11/08 07:26:00,806.00,444.74
2024/11/08 07:26:00,807.00,446.71
2024/11/08 07:26:00,808.00,447.56
2024/11/08 07:26:00,809.00,449.26
2024/11/08 07:26:00,810.00,445.18
2024/11/08 07:26:00,811.00,442.11
2024/11/08 07:26:00,812.00,439.43
2024/11/08 07:26:00,813.00,432.17
2024/11/08 07:26:00,814.00,426.19
2024/11/08 07:26:00,815.00,421.41
2024/11/08 07:26:00,816.00,412.63
2024/11/08 07:26:00,817.00,409.36
2024/11/08 07:26:00,818.00,409.34
2024/11/08 07:26:00,819.00,409.24
2024/11/08 07:26:00,820.00,413.32
2024/11/08 07:26:00,821.00,415.43
2024/11/08 07:26:00,822.00,415.88
2024/11/08 07:26:00,823.00,419.83
2024/11/08 07:26:00,824.00,420.68
2024/11/08 07:26:00,825.00,421.67
2024/11/08 07:26:00,826.00,424.04
2024/11/08 07:26:00,827.00,418.63
2024/11/08 07:26:00,828.00,417.03
2024/11/08 07:26:00,829.00,417.76
2024/11/08 07:26:00,830.00,414.47
2024/11/08 07:26:00,831.00,414.98
2024/11/08 07:26:00,832.00,416.89
2024/11/08 07:26:00,833.00,413.75
2024/11/08 07:26:00,834.00,414.75
2024/11/08 07:26:00,835.00,414.52
2024/11/08 07:26:00,836.00,412.95
2024/11/08 07:26:00,837.00,413.76
2024/11/08 07:26:00,838.00,412.40
2024/11/08 07:26:00,839.00,410.97
2024/11/08 07:26:00,840.00,410.19
2024/11/08 07:26:00,841.00,408.62
2024/11/08 07:26:00,842.00,408.81
2024/11/08 07:26:00,843.00,408.56
2024/11/08 07:26:00,844.00,407.08
2024/11/08 07:26:00,845.00,407.01
2024/11/08 07:26:00,846.00,404.13
2024/11/08 07:26:00,847.00,399.45
2024/11/08 07:26:00,848.00,396.06
2024/11/08 07:26:00,849.00,393.62
2024/11/08 07:26:00,850.00,389.97
2024/11/08 07:26:00,851.00,385.29
2024/11/08 07:26:00,852.00,381.64
2024/11/08 07:26:00,853.00,380.91
2024/11/08 07:26:00,854.00,379.21
2024/11/08 07:26:00,855.00,379.44
2024/11/08 07:26:00,856.00,383.74
2024/11/08 07:26:00,857.00,385.94
2024/11/08 07:26:00,858.00,385.64
2024/11/08 07:26:00,859.00,387.17
2024/11/08 07:26:00,860.00,387.51
2024/11/08 07:26:00,861.00,387.63
2024/11/08 07:26:00,862.00,387.43
2024/11/08 07:26:00,863.00,384.81
2024/11/08 07:26:00,864.00,382.78
2024/11/08 07:26:00,865.00,379.29
2024/11/08 07:26:00,866.00,376.31
2024/11/08 07:26:00,867.00,376.25
2024/11/08 07:26:00,868.00,376.40
2024/11/08 07:26:00,869.00,377.23
2024/11/08 07:26:00,870.00,378.92
2024/11/08 07:26:00,871.00,378.75
2024/11/08 07:26:00,872.00,379.30
2024/11/08 07:26:00,873.00,380.09
2024/11/08 07:26:00,874.00,379.54
2024/11/08 07:26:00,875.00,379.71
2024/11/08 07:26:00,876.00,379.85
2024/11/08 07:26:00,877.00,378.08
2024/11/08 07:26:00,878.00,377.34
2024/11/08 07:26:00,879.00,376.53
2024/11/08 07:26:00,880.00,375.59
2024/11/08 07:26:00,881.00,376.52
2024/11/08 07:26:00,882.00,374.88
2024/11/08 07:26:00,883.00,374.15
2024/11/08 07:26:00,884.00,373.38
2024/11/08 07:26:00,885.00,371.37
2024/11/08 07:26:00,886.00,370.57
2024/11/08 07:26:00,887.00,370.84
2024/11/08 07:26:00,888.00,369.50
2024/11/08 07:26:00,889.00,368.58
2024/11/08 07:26:00,890.00,366.26
2024/11/08 07:26:00,891.00,363.97
2024/11/08 07:26:00,892.00,360.90
2024/11/08 07:26:00,893.00,357.27
2024/11/08 07:26:00,894.00,353.99
2024/11/08 07:26:00,895.00,347.70
2024/11/08 07:26:00,896.00,340.09
2024/11/08 07:26:00,897.00,333.55
2024/11/08 07:26:00,898.00,325.47
2024/11/08 07:26:00,899.00,318.64
2024/11/08 07:26:00,900.00,316.91
2024/11/08 07:26:00,901.00,316.35
2024/11/08 07:26:00,902.00,318.15
2024/11/08 07:26:00,903.00,321.57
2024/11/08 07:26:00,904.00,322.01
2024/11/08 07:26:00,905.00,321.60
2024/11/08 07:26:00,906.00,318.68
2024/11/08 07:26:00,907.00,315.11
2024/11/08 07:26:00,908.00,312.65
2024/11/08 07:26:00,909.00,310.75
2024/11/08 07:26:00,910.00,309.27
2024/11/08 07:26:00,911.00,308.87
2024/11/08 07:26:00,912.00,306.80
2024/11/08 07:26:00,913.00,305.93
2024/11/08 07:26:00,914.00,305.00
2024/11/08 07:26:00,915.00,303.48
2024/11/08 07:26:00,916.00,304.83
2024/11/08 07:26:00,917.00,306.27
2024/11/08 07:26:00,918.00,308.47
2024/11/08 07:26:00,919.00,310.39
2024/11/08 07:26:00,920.00,311.09
2024/11/08 07:26:00,921.00,311.27
2024/11/08 07:26:00,922.00,310.78
2024/11/08 07:26:00,923.00,309.40
2024/11/08 07:26:00,924.00,309.31
2024/11/08 07:26:00,925.00,307.37
2024/11/08 07:26:00,926.00,303.17
2024/11/08 07:26:00,927.00,297.21
2024/11/08 07:26:00,928.00,286.81
2024/11/08 07:26:00,929.00,273.90
2024/11/08 07:26:00,930.00,258.15
2024/11/08 07:26:00,931.00,240.80
2024/11/08 07:26:00,932.00,225.16
2024/11/08 07:26:00,933.00,211.31
2024/11/08 07:26:00,934.00,200.10
2024/11/08 07:26:00,935.00,194.95
2024/11/08 07:26:00,936.00,192.73
2024/11/08 07:26:00,937.00,194.51
2024/11/08 07:26:00,938.00,199.23
2024/11/08 07:26:00,939.00,202.92
2024/11/08 07:26:00,940.00,206.86
2024/11/08 07:26:00,941.00,207.90
2024/11/08 07:26:00,942.00,206.01
2024/11/08 07:26:00,943.00,204.65
2024/11/08 07:26:00,944.00,203.61
2024/11/08 07:26:00,945.00,203.76
2024/11/08 07:26:00,946.00,204.86
2024/11/08 07:26:00,947.00,205.94
2024/11/08 07:26:00,948.00,207.74
2024/11/08 07:26:00,949.00,208.83
2024/11/08 07:26:00,950.00,209.49
2024/11/08 07:26:00,951.00,211.11
2024/11/08 07:26:00,952.00,211.53
2024/11/08 07:26:00,953.00,212.37
2024/11/08 07:26:00,954.00,215.12
2024/11/08 07:26:00,955.00,216.41
2024/11/08 07:26:00,956.00,218.68
2024/11/08 07:26:00,957.00,222.19
2024/11/08 07:26:00,958.00,224.55
2024/11/08 07:26:00,959.00,228.03
2024/11/08 07:26:00,960.00,230.99
2024/11/08 07:26:00,961.00,233.85
2024/11/08 07:26:00,962.00,238.03
2024/11/08 07:26:00,963.00,241.37
2024/11/08 07:26:00,964.00,245.82
2024/11/08 07:26:00,965.00,251.68
2024/11/08 07:26:00,966.00,256.18
2024/11/08 07:26:00,967.00,262.06
2024/11/08 07:26:00,968.00,267.41
2024/11/08 07:26:00,969.00,270.55
2024/11/08 07:26:00,970.00,273.07
2024/11/08 07:26:00,971.00,274.45
2024/11/08 07:26:00,972.00,274.29
2024/11/08 07:26:00,973.00,274.42
2024/11/08 07:26:00,974.00,273.48
2024/11/08 07:26:00,975.00,273.52
2024/11/08 07:26:00,976.00,273.65
2024/11/08 07:26:00,977.00,275.05
2024/11/08 07:26:00,978.00,276.51
2024/11/08 07:26:00,979.00,278.50
2024/11/08 07:26:00,980.00,280.18
2024/11/08 07:26:00,981.00,282.98
2024/11/08 07:26:00,982.00,283.84
2024/11/08 07:26:00,983.00,286.86
2024/11/08 07:26:00,984.00,288.98
2024/11/08 07:26:00,985.00,290.00
2024/11/08 07:26:00,986.00,291.74
2024/11/08 07:26:00,987.00,292.55
2024/11/08 07:26:00,988.00,292.41
2024/11/08 07:26:00,989.00,293.48
2024/11/08 07:26:00,990.00,293.50
2024/11/08 07:26:00,991.00,293.35
2024/11/08 07:26:00,992.00,293.01
2024/11/08 07:26:00,993.00,292.02
2024/11/08 07:26:00,994.00,292.30
2024/11/08 07:26:00,995.00,291.92
2024/11/08 07:26:00,996.00,292.53
2024/11/08 07:26:00,997.00,293.28
2024/11/08 07:26:00,998.00,292.31
2024/11/08 07:26:00,999.00,292.22
2024/11/08 07:26:00,1000.00,291.79
2024/11/08 07:26:00,1001.00,289.98
2024/11/08 07:26:00,1002.00,289.19
2024/11/08 07:26:00,1003.00,286.48
2024/11/08 07:26:00,1004.00,283.49
2024/11/08 07:26:00,1005.00,282.13
2024/11/08 07:26:00,1006.00,280.22
2024/11/08 07:26:00,1007.00,280.34
2024/11/08 07:26:00,1008.00,281.66
2024/11/08 07:26:00,1009.00,281.30
2024/11/08 07:26:00,1010.00,282.33
2024/11/08 07:26:00,1011.00,282.95
2024/11/08 07:26:00,1012.00,282.41
2024/11/08 07:26:00,1013.00,282.13
2024/11/08 07:26:00,1014.00,281.35
2024/11/08 07:26:00,1015.00,280.68
2024/11/08 07:26:00,1016.00,279.45
2024/11/08 07:26:00,1017.00,278.52
2024/11/08 07:26:00,1018.00,278.09
2024/11/08 07:26:00,1019.00,276.98
2024/11/08 07:26:00,1020.00,276.28
2024/11/08 07:26:00,1021.00,276.38
2024/11/08 07:26:00,1022.00,275.10
2024/11/08 07:26:00,1023.00,276.01
2024/11/08 07:26:00,1024.00,277.02
2024/11/08 07:26:00,1025.00,275.24
2024/11/08 07:26:00,1026.00,275.78
2024/11/08 07:26:00,1027.00,274.59
2024/11/08 07:26:00,1028.00,272.25
2024/11/08 07:26:00,1029.00,271.79
2024/11/08 07:26:00,1030.00,270.16
2024/11/08 07:26:00,1031.00,270.17
2024/11/08 07:26:00,1032.00,268.98
2024/11/08 07:26:00,1033.00,268.22
2024/11/08 07:26:00,1034.00,269.06
2024/11/08 07:26:00,1035.00,267.97
2024/11/08 07:26:00,1036.00,265.87
2024/11/08 07:26:00,1037.00,266.01
2024/11/08 07:26:00,1038.00,263.81
2024/11/08 07:26:00,1039.00,265.47
2024/11/08 07:26:00,1040.00,266.95
2024/11/08 07:26:00,1041.00,266.67
2024/11/08 07:26:00,1042.00,268.07
2024/11/08 07:26:00,1043.00,266.37
2024/11/08 07:26:00,1044.00,264.57
2024/11/08 07:26:00,1045.00,264.34
2024/11/08 07:26:00,1046.00,261.24
2024/11/08 07:26:00,1047.00,260.25
2024/11/08 07:26:00,1048.00,258.86
2024/11/08 07:26:00,1049.00,256.29
2024/11/08 07:26:00,1050.00,258.22
2024/11/08 07:26:00,1051.00,259.65
2024/11/08 07:26:00,1052.00,258.84
2024/11/08 07:26:00,1053.00,259.44
2024/11/08 07:26:00,1054.00,257.22
2024/11/08 07:26:00,1055.00,257.34
2024/11/08 07:26:00,1056.00,255.32
2024/11/08 07:26:00,1057.00,254.39
2024/11/08 07:26:00,1058.00,255.90
2024/11/08 07:26:00,1059.00,251.12
2024/11/08 07:26:00,1060.00,251.37
2024/11/08 07:26:00,1061.00,253.85
2024/11/08 07:26:00,1062.00,250.20
2024/11/08 07:26:00,1063.00,253.15
2024/11/08 07:26:00,1064.00,256.15
2024/11/08 07:26:00,1065.00,253.77
2024/11/08 07:26:00,1066.00,254.96
2024/11/08 07:26:00,1067.00,254.62
2024/11/08 07:26:00,1068.00,252.11
2024/11/08 07:26:00,1069.00,250.40
2024/11/08 07:26:00,1070.00,247.81
2024/11/08 07:26:00,1071.00,247.76
2024/11/08 07:26:00,1072.00,244.39
2024/11/08 07:26:00,1073.00,245.04
2024/11/08 07:26:00,1074.00,250.85
2024/11/08 07:26:00,1075.00,247.66
2024/11/08 07:26:00,1076.00,249.80
2024/11/08 07:26:00,1077.00,253.34
2024/11/08 07:26:00,1078.00,249.80
2024/11/08 07:26:00,1079.00,247.39
2024/11/08 07:26:00,1080.00,249.01
2024/11/08 07:26:00,1081.00,245.10
2024/11/08 07:26:00,1082.00,242.36
2024/11/08 07:26:00,1083.00,244.25
2024/11/08 07:26:00,1084.00,242.26
2024/11/08 07:26:00,1085.00,239.08
2024/11/08 07:26:00,1086.00,239.61
2024/11/08 07:26:00,1087.00,243.72
2024/11/08 07:26:00,1088.00,238.07
2024/11/08 07:26:00,1089.00,238.88
2024/11/08 07:26:00,1090.00,244.05
2024/11/08 07:26:00,1091.00,238.97
2024/11/08 07:26:00,1092.00,235.29
2024/11/08 07:26:00,1093.00,242.03
2024/11/08 07:26:00,1094.00,240.21
2024/11/08 07:26:00,1095.00,238.02
2024/11/08 07:26:00,1096.00,236.61
2024/11/08 07:26:00,1097.00,237.13
2024/11/08 07:26:00,1098.00,235.80
2024/11/08 07:26:00,1099.00,236.18
2024/11/08 07:26:00,1100.00,241.79
2024/11/08 07:27:00,Wavelength(nm),Irradiance(W/m2/um)
2024/11/08 07:27:00,300.00,8.03
2024/11/08 07:27:00,301.00,9.05
2024/11/08 07:27:00,302.00,10.00
2024/11/08 07:27:00,303.00,10.96
2024/11/08 07:27:00,304.00,12.46
2024/11/08 07:27:00,305.00,14.06
2024/11/08 07:27:00,306.00,15.77
2024/11/08 07:27:00,307.00,18.41
2024/11/08 07:27:00,308.00,21.19
2024/11/08 07:27:00,309.00,24.96
2024/11/08 07:27:00,310.00,29.42
2024/11/08 07:27:00,311.00,34.03
2024/11/08 07:27:00,312.00,39.46
2024/11/08 07:27:00,313.00,45.54
2024/11/08 07:27:00,314.00,51.93
2024/11/08 07:27:00,315.00,58.75
2024/11/08 07:27:00,316.00,66.23
2024/11/08 07:27:00,317.00,73.61
2024/11/08 07:27:00,318.00,80.98
2024/11/08 07:27:00,319.00,87.74
2024/11/08 07:27:00,320.00,94.36
2024/11/08 07:27:00,321.00,101.59
2024/11/08 07:27:00,322.00,110.30
2024/11/08 07:27:00,323.00,120.16
2024/11/08 07:27:00,324.00,131.03
2024/11/08 07:27:00,325.00,142.28
2024/11/08 07:27:00,326.00,154.28
2024/11/08 07:27:00,327.00,165.35
2024/11/08 07:27:00,328.00,174.47
2024/11/08 07:27:00,329.00,182.10
2024/11/08 07:27:00,330.00,189.29
2024/11/08 07:27:00,331.00,193.87
2024/11/08 07:27:00,332.00,196.76
2024/11/08 07:27:00,333.00,198.35
2024/11/08 07:27:00,334.00,198.90
2024/11/08 07:27:00,335.00,199.24
2024/11/08 07:27:00,336.00,200.60
2024/11/08 07:27:00,337.00,202.67
2024/11/08 07:27:00,338.00,205.93
2024/11/08 07:27:00,339.00,210.27
2024/11/08 07:27:00,340.00,214.18
2024/11/08 07:27:00,341.00,216.56
2024/11/08 07:27:00,342.00,217.41
2024/11/08 07:27:00,343.00,218.24
2024/11/08 07:27:00,344.00,219.00
2024/11/08 07:27:00,345.00,218.89
2024/11/08 07:27:00,346.00,219.64
2024/11/08 07:27:00,347.00,222.42
2024/11/08 07:27:00,348.00,225.61
2024/11/08 07:27:00,349.00,228.56
2024/11/08 07:27:00,350.00,232.59
2024/11/08 07:27:00,351.00,238.26
2024/11/08 07:27:00,352.00,243.36
2024/11/08 07:27:00,353.00,246.26
2024/11/08 07:27:00,354.00,246.16
2024/11/08 07:27:00,355.00,243.15
2024/11/08 07:27:00,356.00,238.86
2024/11/08 07:27:00,357.00,235.18
2024/11/08 07:27:00,358.00,232.49
2024/11/08 07:27:00,359.00,233.39
2024/11/08 07:27:00,360.00,238.47
2024/11/08 07:27:00,361.00,244.60
2024/11/08 07:27:00,362.00,251.94
2024/11/08 07:27:00,363.00,262.86
2024/11/08 07:27:00,364.00,274.74
2024/11/08 07:27:00,365.00,284.69
2024/11/08 07:27:00,366.00,292.82
2024/11/08 07:27:00,367.00,299.16
2024/11/08 07:27:00,368.00,302.11
2024/11/08 07:27:00,369.00,301.51
2024/11/08 07:27:00,370.00,297.20
2024/11/08 07:27:00,371.00,290.00
2024/11/08 07:27:00,372.00,282.74
2024/11/08 07:27:00,373.00,277.87
2024/11/08 07:27:00,374.00,278.54
2024/11/08 07:27:00,375.00,286.24
2024/11/08 07:27:00,376.00,296.81
2024/11/08 07:27:00,377.00,306.66
2024/11/08 07:27:00,378.00,313.53
2024/11/08 07:27:00,379.00,311.80
2024/11/08 07:27:00,380.00,298.95
2024/11/08 07:27:00,381.00,284.34
2024/11/08 07:27:00,382.00,272.80
2024/11/08 07:27:00,383.00,263.86
2024/11/08 07:27:00,384.00,260.69
2024/11/08 07:27:00,385.00,265.85
2024/11/08 07:27:00,386.00,274.66
2024/11/08 07:27:00,387.00,285.78
2024/11/08 07:27:00,388.00,298.67
2024/11/08 07:27:00,389.00,309.33
2024/11/08 07:27:00,390.00,311.78
2024/11/08 07:27:00,391.00,306.90
2024/11/08 07:27:00,392.00,302.68
2024/11/08 07:27:00,393.00,295.75
2024/11/08 07:27:00,394.00,286.79
2024/11/08 07:27:00,395.00,290.88
2024/11/08 07:27:00,396.00,312.89
2024/11/08 07:27:00,397.00,338.96
2024/11/08 07:27:00,398.00,369.82
2024/11/08 07:27:00,399.00,407.14
2024/11/08 07:27:00,400.00,440.69
2024/11/08 07:27:00,401.00,462.47
2024/11/08 07:27:00,402.00,474.27
2024/11/08 07:27:00,403.00,476.79
2024/11/08 07:27:00,404.00,475.11
2024/11/08 07:27:00,405.00,472.97
2024/11/08 07:27:00,406.00,472.19
2024/11/08 07:27:00,407.00,472.83
2024/11/08 07:27:00,408.00,476.05
2024/11/08 07:27:00,409.00,482.17
2024/11/08 07:27:00,410.00,489.27
2024/11/08 07:27:00,411.00,495.70
2024/11/08 07:27:00,412.00,501.94
2024/11/08 07:27:00,413.00,508.98
2024/11/08 07:27:00,414.00,513.43
2024/11/08 07:27:00,415.00,515.17
2024/11/08 07:27:00,416.00,515.10
2024/11/08 07:27:00,417.00,515.02
2024/11/08 07:27:00,418.00,514.91
2024/11/08 07:27:00,419.00,515.81
2024/11/08 07:27:00,420.00,516.14
2024/11/08 07:27:00,421.00,517.34
2024/11/08 07:27:00,422.00,518.52
2024/11/08 07:27:00,423.00,518.26
2024/11/08 07:27:00,424.00,516.39
2024/11/08 07:27:00,425.00,514.33
2024/11/08 07:27:00,426.00,510.04
2024/11/08 07:27:00,427.00,500.02
2024/11/08 07:27:00,428.00,487.03
2024/11/08 07:27:00,429.00,478.77
2024/11/08 07:27:00,430.00,478.71
2024/11/08 07:27:00,431.00,483.63
2024/11/08 07:27:00,432.00,496.22
2024/11/08 07:27:00,433.00,517.20
2024/11/08 07:27:00,434.00,536.46
2024/11/08 07:27:00,435.00,546.91
2024/11/08 07:27:00,436.00,552.49
2024/11/08 07:27:00,437.00,556.86
2024/11/08 07:27:00,438.00,559.98
2024/11/08 07:27:00,439.00,564.17
2024/11/08 07:27:00,440.00,572.20
2024/11/08 07:27:00,441.00,584.90
2024/11/08 07:27:00,442.00,596.57
2024/11/08 07:27:00,443.00,604.51
2024/11/08 07:27:00,444.00,611.32
2024/11/08 07:27:00,445.00,616.66
2024/11/08 07:27:00,446.00,621.71
2024/11/08 07:27:00,447.00,631.25
2024/11/08 07:27:00,448.00,643.37
2024/11/08 07:27:00,449.00,653.29
2024/11/08 07:27:00,450.00,658.64
2024/11/08 07:27:00,451.00,660.20
2024/11/08 07:27:00,452.00,659.33
2024/11/08 07:27:00,453.00,657.67
2024/11/08 07:27:00,454.00,658.24
2024/11/08 07:27:00,455.00,661.33
2024/11/08 07:27:00,456.00,666.09
2024/11/08 07:27:00,457.00,669.80
2024/11/08 07:27:00,458.00,672.49
2024/11/08 07:27:00,459.00,676.00
2024/11/08 07:27:00,460.00,678.59
2024/11/08 07:27:00,461.00,681.26
2024/11/08 07:27:00,462.00,684.54
2024/11/08 07:27:00,463.00,684.99
2024/11/08 07:27:00,464.00,682.30
2024/11/08 07:27:00,465.00,679.57
2024/11/08 07:27:00,466.00,676.35
2024/11/08 07:27:00,467.00,673.87
2024/11/08 07:27:00,468.00,672.91
2024/11/08 07:27:00,469.00,672.52
2024/11/08 07:27:00,470.00,673.67
2024/11/08 07:27:00,471.00,675.73
2024/11/08 07:27:00,472.00,676.75
2024/11/08 07:27:00,473.00,678.45
2024/11/08 07:27:00,474.00,679.90
2024/11/08 07:27:00,475.00,680.89
2024/11/08 07:27:00,476.00,683.01
2024/11/08 07:27:00,477.00,685.80
2024/11/08 07:27:00,478.00,689.91
2024/11/08 07:27:00,479.00,693.95
2024/11/08 07:27:00,480.00,696.40
2024/11/08 07:27:00,481.00,695.93
2024/11/08 07:27:00,482.00,691.74
2024/11/08 07:27:00,483.00,680.14
2024/11/08 07:27:00,484.00,664.43
2024/11/08 07:27:00,485.00,651.53
2024/11/08 07:27:00,486.00,643.68
2024/11/08 07:27:00,487.00,641.90
2024/11/08 07:27:00,488.00,647.63
2024/11/08 07:27:00,489.00,656.35
2024/11/08 07:27:00,490.00,662.79
2024/11/08 07:27:00,491.00,667.97
2024/11/08 07:27:00,492.00,670.60
2024/11/08 07:27:00,493.00,672.46
2024/11/08 07:27:00,494.00,674.81
2024/11/08 07:27:00,495.00,678.35
2024/11/08 07:27:00,496.00,678.54
2024/11/08 07:27:00,497.00,675.68
2024/11/08 07:27:00,498.00,669.87
2024/11/08 07:27:00,499.00,663.99
2024/11/08 07:27:00,500.00,658.56
2024/11/08 07:27:00,501.00,654.84
2024/11/08 07:27:00,502.00,654.50
2024/11/08 07:27:00,503.00,656.49
2024/11/08 07:27:00,504.00,660.62
2024/11/08 07:27:00,505.00,663.79
2024/11/08 07:27:00,506.00,665.18
2024/11/08 07:27:00,507.00,666.24
2024/11/08 07:27:00,508.00,667.27
2024/11/08 07:27:00,509.00,666.10
2024/11/08 07:27:00,510.00,665.61
2024/11/08 07:27:00,511.00,664.02
2024/11/08 07:27:00,512.00,660.49
2024/11/08 07:27:00,513.00,654.39
2024/11/08 07:27:00,514.00,644.40
2024/11/08 07:27:00,515.00,631.61
2024/11/08 07:27:00,516.00,623.21
2024/11/08 07:27:00,517.00,616.38
2024/11/08 07:27:00,518.00,614.18
2024/11/08 07:27:00,519.00,618.33
2024/11/08 07:27:00,520.00,625.61
2024/11/08 07:27:00,521.00,633.00
2024/11/08 07:27:00,522.00,641.38
2024/11/08 07:27:00,523.00,643.56
2024/11/08 07:27:00,524.00,641.49
2024/11/08 07:27:00,525.00,641.32
2024/11/08 07:27:00,526.00,641.03
2024/11/08 07:27:00,527.00,640.88
2024/11/08 07:27:00,528.00,644.48
2024/11/08 07:27:00,529.00,649.77
2024/11/08 07:27:00,530.00,651.74
2024/11/08 07:27:00,531.00,652.90
2024/11/08 07:27:00,532.00,653.04
2024/11/08 07:27:00,533.00,651.64
2024/11/08 07:27:00,534.00,651.27
2024/11/08 07:27:00,535.00,652.64
2024/11/08 07:27:00,536.00,652.76
2024/11/08 07:27:00,537.00,651.14
2024/11/08 07:27:00,538.00,647.69
2024/11/08 07:27:00,539.00,644.56
2024/11/08 07:27:00,540.00,642.88
2024/11/08 07:27:00,541.00,640.72
2024/11/08 07:27:00,542.00,641.00
2024/11/08 07:27:00,543.00,643.12
2024/11/08 07:27:00,544.00,644.49
2024/11/08 07:27:00,545.00,645.36
2024/11/08 07:27:00,546.00,646.42
2024/11/08 07:27:00,547.00,646.20
2024/11/08 07:27:00,548.00,646.95
2024/11/08 07:27:00,549.00,646.36
2024/11/08 07:27:00,550.00,646.40
2024/11/08 07:27:00,551.00,645.85
2024/11/08 07:27:00,552.00,644.71
2024/11/08 07:27:00,553.00,643.88
2024/11/08 07:27:00,554.00,642.85
2024/11/08 07:27:00,555.00,639.65
2024/11/08 07:27:00,556.00,636.52
2024/11/08 07:27:00,557.00,633.06
2024/11/08 07:27:00,558.00,629.63
2024/11/08 07:27:00,559.00,627.72
2024/11/08 07:27:00,560.00,626.13
2024/11/08 07:27:00,561.00,625.69
2024/11/08 07:27:00,562.00,625.66
2024/11/08 07:27:00,563.00,623.76
2024/11/08 07:27:00,564.00,622.18
2024/11/08 07:27:00,565.00,623.12
2024/11/08 07:27:00,566.00,620.31
2024/11/08 07:27:00,567.00,618.04
2024/11/08 07:27:00,568.00,616.69
2024/11/08 07:27:00,569.00,614.30
2024/11/08 07:27:00,570.00,612.42
2024/11/08 07:27:00,571.00,613.19
2024/11/08 07:27:00,572.00,613.23
2024/11/08 07:27:00,573.00,613.61
2024/11/08 07:27:00,574.00,614.12
2024/11/08 07:27:00,575.00,612.43
2024/11/08 07:27:00,576.00,610.28
2024/11/08 07:27:00,577.00,610.07
2024/11/08 07:27:00,578.00,609.65
2024/11/08 07:27:00,579.00,609.89
2024/11/08 07:27:00,580.00,612.66
2024/11/08 07:27:00,581.00,614.99
2024/11/08 07:27:00,582.00,616.43
2024/11/08 07:27:00,583.00,617.50
2024/11/08 07:27:00,584.00,617.96
2024/11/08 07:27:00,585.00,617.68
2024/11/08 07:27:00,586.00,613.06
2024/11/08 07:27:00,587.00,608.02
2024/11/08 07:27:00,588.00,604.64
2024/11/08 07:27:00,589.00,602.67
2024/11/08 07:27:00,590.00,598.68
2024/11/08 07:27:00,591.00,599.95
2024/11/08 07:27:00,592.00,601.74
2024/11/08 07:27:00,593.00,603.15
2024/11/08 07:27:00,594.00,603.58
2024/11/08 07:27:00,595.00,603.50
2024/11/08 07:27:00,596.00,603.08
2024/11/08 07:27:00,597.00,602.99
2024/11/08 07:27:00,598.00,600.20
2024/11/08 07:27:00,599.00,598.23
2024/11/08 07:27:00,600.00,598.31
2024/11/08 07:27:00,601.00,597.32
2024/11/08 07:27:00,602.00,596.66
2024/11/08 07:27:00,603.00,598.08
2024/11/08 07:27:00,604.00,598.05
2024/11/08 07:27:00,605.00,597.37
2024/11/08 07:27:00,606.00,596.61
2024/11/08 07:27:00,607.00,595.42
2024/11/08 07:27:00,608.00,594.37
2024/11/08 07:27:00,609.00,592.47
2024/11/08 07:27:00,610.00,590.87
2024/11/08 07:27:00,611.00,590.05
2024/11/08 07:27:00,612.00,587.94
2024/11/08 07:27:00,613.00,584.93
2024/11/08 07:27:00,614.00,583.29
2024/11/08 07:27:00,615.00,581.09
2024/11/08 07:27:00,616.00,579.66
2024/11/08 07:27:00,617.00,580.92
2024/11/08 07:27:00,618.00,582.21
2024/11/08 07:27:00,619.00,583.37
2024/11/08 07:27:00,620.00,584.32
2024/11/08 07:27:00,621.00,584.28
2024/11/08 07:27:00,622.00,583.07
2024/11/08 07:27:00,623.00,580.89
2024/11/08 07:27:00,624.00,578.09
2024/11/08 07:27:00,625.00,576.00
2024/11/08 07:27:00,626.00,572.00
2024/11/08 07:27:00,627.00,568.70
2024/11/08 07:27:00,628.00,566.94
2024/11/08 07:27:00,629.00,566.36
2024/11/08 07:27:00,630.00,564.32
2024/11/08 07:27:00,631.00,566.48
2024/11/08 07:27:00,632.00,568.59
2024/11/08 07:27:00,633.00,569.13
2024/11/08 07:27:00,634.00,570.38
2024/11/08 07:27:00,635.00,573.78
2024/11/08 07:27:00,636.00,574.90
2024/11/08 07:27:00,637.00,576.06
2024/11/08 07:27:00,638.00,577.65
2024/11/08 07:27:00,639.00,577.90
2024/11/08 07:27:00,640.00,578.62
2024/11/08 07:27:00,641.00,578.04
2024/11/08 07:27:00,642.00,578.63
2024/11/08 07:27:00,643.00,579.54
2024/11/08 07:27:00,644.00,578.46
2024/11/08 07:27:00,645.00,577.09
2024/11/08 07:27:00,646.00,576.27
2024/11/08 07:27:00,647.00,572.80
2024/11/08 07:27:00,648.00,570.01
2024/11/08 07:27:00,649.00,570.27
2024/11/08 07:27:00,650.00,569.47
2024/11/08 07:27:00,651.00,569.02
2024/11/08 07:27:00,652.00,567.37
2024/11/08 07:27:00,653.00,563.20
2024/11/08 07:27:00,654.00,556.49
2024/11/08 07:27:00,655.00,551.61
2024/11/08 07:27:00,656.00,548.93
2024/11/08 07:27:00,657.00,549.46
2024/11/08 07:27:00,658.00,552.69
2024/11/08 07:27:00,659.00,557.62
2024/11/08 07:27:00,660.00,561.69
2024/11/08 07:27:00,661.00,564.72
2024/11/08 07:27:00,662.00,566.38
2024/11/08 07:27:00,663.00,568.44
2024/11/08 07:27:00,664.00,569.72
2024/11/08 07:27:00,665.00,569.93
2024/11/08 07:27:00,666.00,570.53
2024/11/08 07:27:00,667.00,572.83
2024/11/08 07:27:00,668.00,572.49
2024/11/08 07:27:00,669.00,572.53
2024/11/08 07:27:00,670.00,573.23
2024/11/08 07:27:00,671.00,572.53
2024/11/08 07:27:00,672.00,571.18
2024/11/08 07:27:00,673.00,570.61
2024/11/08 07:27:00,674.00,570.61
2024/11/08 07:27:00,675.00,571.15
2024/11/08 07:27:00,676.00,570.65
2024/11/08 07:27:00,677.00,569.91
2024/11/08 07:27:00,678.00,571.25
2024/11/08 07:27:00,679.00,570.35
2024/11/08 07:27:00,680.00,568.60
2024/11/08 07:27:00,681.00,568.42
2024/11/08 07:27:00,682.00,567.63
2024/11/08 07:27:00,683.00,559.68
2024/11/08 07:27:00,684.00,547.63
2024/11/08 07:27:00,685.00,532.82
2024/11/08 07:27:00,686.00,516.53
2024/11/08 07:27:00,687.00,500.51
2024/11/08 07:27:00,688.00,490.49
2024/11/08 07:27:00,689.00,488.68
2024/11/08 07:27:00,690.00,491.91
2024/11/08 07:27:00,691.00,498.34
2024/11/08 07:27:00,692.00,506.71
2024/11/08 07:27:00,693.00,515.12
2024/11/08 07:27:00,694.00,520.83
2024/11/08 07:27:00,695.00,526.32
2024/11/08 07:27:00,696.00,529.34
2024/11/08 07:27:00,697.00,531.34
2024/11/08 07:27:00,698.00,532.83
2024/11/08 07:27:00,699.00,534.54
2024/11/08 07:27:00,700.00,534.69
2024/11/08 07:27:00,701.00,534.18
2024/11/08 07:27:00,702.00,534.47
2024/11/08 07:27:00,703.00,535.58
2024/11/08 07:27:00,704.00,535.13
2024/11/08 07:27:00,705.00,536.08
2024/11/08 07:27:00,706.00,538.17
2024/11/08 07:27:00,707.00,538.10
2024/11/08 07:27:00,708.00,536.98
2024/11/08 07:27:00,709.00,539.40
2024/11/08 07:27:00,710.00,539.38
2024/11/08 07:27:00,711.00,537.85
2024/11/08 07:27:00,712.00,537.88
2024/11/08 07:27:00,713.00,535.76
2024/11/08 07:27:00,714.00,529.36
2024/11/08 07:27:00,715.00,520.69
2024/11/08 07:27:00,716.00,511.64
2024/11/08 07:27:00,717.00,502.46
2024/11/08 07:27:00,718.00,493.59
2024/11/08 07:27:00,719.00,489.19
2024/11/08 07:27:00,720.00,487.61
2024/11/08 07:27:00,721.00,487.32
2024/11/08 07:27:00,722.00,486.27
2024/11/08 07:27:00,723.00,487.13
2024/11/08 07:27:00,724.00,485.76
2024/11/08 07:27:00,725.00,484.04
2024/11/08 07:27:00,726.00,485.41
2024/11/08 07:27:00,727.00,486.04
2024/11/08 07:27:00,728.00,486.30
2024/11/08 07:27:00,729.00,488.79
2024/11/08 07:27:00,730.00,491.65
2024/11/08 07:27:00,731.00,495.88
2024/11/08 07:27:00,732.00,498.69
2024/11/08 07:27:00,733.00,501.98
2024/11/08 07:27:00,734.00,504.53
2024/11/08 07:27:00,735.00,505.36
2024/11/08 07:27:00,736.00,502.24
2024/11/08 07:27:00,737.00,503.01
2024/11/08 07:27:00,738.00,501.69
2024/11/08 07:27:00,739.00,500.59
2024/11/08 07:27:00,740.00,501.98
2024/11/08 07:27:00,741.00,504.12
2024/11/08 07:27:00,742.00,503.29
2024/11/08 07:27:00,743.00,503.48
2024/11/08 07:27:00,744.00,503.15
2024/11/08 07:27:00,745.00,501.14
2024/11/08 07:27:00,746.00,499.58
2024/11/08 07:27:00,747.00,499.24
2024/11/08 07:27:00,748.00,497.88
2024/11/08 07:27:00,749.00,496.64
2024/11/08 07:27:00,750.00,495.67
2024/11/08 07:27:00,751.00,495.31
2024/11/08 07:27:00,752.00,493.58
2024/11/08 07:27:00,753.00,491.27
2024/11/08 07:27:00,754.00,492.20
2024/11/08 07:27:00,755.00,489.40
2024/11/08 07:27:00,756.00,478.09
2024/11/08 07:27:00,757.00,453.40
2024/11/08 07:27:00,758.00,418.81
2024/11/08 07:27:00,759.00,378.64
2024/11/08 07:27:00,760.00,337.93
2024/11/08 07:27:00,761.00,306.38
2024/11/08 07:27:00,762.00,291.51
2024/11/08 07:27:00,763.00,289.77
2024/11/08 07:27:00,764.00,295.69
2024/11/08 07:27:00,765.00,312.34
2024/11/08 07:27:00,766.00,332.70
2024/11/08 07:27:00,767.00,353.61
2024/11/08 07:27:00,768.00,377.99
2024/11/08 07:27:00,769.00,398.55
2024/11/08 07:27:00,770.00,412.75
2024/11/08 07:27:00,771.00,428.42
2024/11/08 07:27:00,772.00,438.98
2024/11/08 07:27:00,773.00,446.18
2024/11/08 07:27:00,774.00,453.03
2024/11/08 07:27:00,775.00,459.52
2024/11/08 07:27:00,776.00,463.31
2024/11/08 07:27:00,777.00,466.26
2024/11/08 07:27:00,778.00,466.87
2024/11/08 07:27:00,779.00,469.21
2024/11/08 07:27:00,780.00,467.13
2024/11/08 07:27:00,781.00,462.84
2024/11/08 07:27:00,782.00,463.62
2024/11/08 07:27:00,783.00,462.50
2024/11/08 07:27:00,784.00,458.55
2024/11/08 07:27:00,785.00,462.01
2024/11/08 07:27:00,786.00,462.19
2024/11/08 07:27:00,787.00,458.77
2024/11/08 07:27:00,788.00,459.34
2024/11/08 07:27:00,789.00,458.14
2024/11/08 07:27:00,790.00,455.20
2024/11/08 07:27:00,791.00,452.85
2024/11/08 07:27:00,792.00,451.60
2024/11/08 07:27:00,793.00,452.13
2024/11/08 07:27:00,794.00,450.65
2024/11/08 07:27:00,795.00,449.69
2024/11/08 07:27:00,796.00,452.39
2024/11/08 07:27:00,797.00,452.65
2024/11/08 07:27:00,798.00,448.43
2024/11/08 07:27:00,799.00,450.04
2024/11/08 07:27:00,800.00,449.01
2024/11/08 07:27:00,801.00,447.30
2024/11/08 07:27:00,802.00,449.55
2024/11/08 07:27:00,803.00,451.91
2024/11/08 07:27:00,804.00,451.50
2024/11/08 07:27:00,805.00,450.99
2024/11/08 07:27:00,806.00,452.78
2024/11/08 07:27:00,807.00,452.86
2024/11/08 07:27:00,808.00,450.68
2024/11/08 07:27:00,809.00,448.87
2024/11/08 07:27:00,810.00,450.00
2024/11/08 07:27:00,811.00,443.84
2024/11/08 07:27:00,812.00,435.77
2024/11/08 07:27:00,813.00,433.33
2024/11/08 07:27:00,814.00,428.60
2024/11/08 07:27:00,815.00,421.05
2024/11/08 07:27:00,816.00,419.08
2024/11/08 07:27:00,817.00,418.80
2024/11/08 07:27:00,818.00,415.96
2024/11/08 07:27:00,819.00,418.10
2024/11/08 07:27:00,820.00,419.19
2024/11/08 07:27:00,821.00,422.13
2024/11/08 07:27:00,822.00,418.72
2024/11/08 07:27:00,823.00,418.81
2024/11/08 07:27:00,824.00,419.76
2024/11/08 07:27:00,825.00,417.84
2024/11/08 07:27:00,826.00,416.60
2024/11/08 07:27:00,827.00,421.02
2024/11/08 07:27:00,828.00,418.17
2024/11/08 07:27:00,829.00,417.40
2024/11/08 07:27:00,830.00,420.28
2024/11/08 07:27:00,831.00,419.47
2024/11/08 07:27:00,832.00,417.48
2024/11/08 07:27:00,833.00,418.20
2024/11/08 07:27:00,834.00,416.87
2024/11/08 07:27:00,835.00,415.39
2024/11/08 07:27:00,836.00,414.17
2024/11/08 07:27:00,837.00,414.39
2024/11/08 07:27:00,838.00,412.96
2024/11/08 07:27:00,839.00,410.29
2024/11/08 07:27:00,840.00,410.23
2024/11/08 07:27:00,841.00,410.82
2024/11/08 07:27:00,842.00,408.52
2024/11/08 07:27:00,843.00,408.27
2024/11/08 07:27:00,844.00,408.94
2024/11/08 07:27:00,845.00,406.81
2024/11/08 07:27:00,846.00,405.16
2024/11/08 07:27:00,847.00,403.19
2024/11/08 07:27:00,848.00,400.80
2024/11/08 07:27:00,849.00,397.22
2024/11/08 07:27:00,850.00,393.63
2024/11/08 07:27:00,851.00,389.32
2024/11/08 07:27:00,852.00,384.51
2024/11/08 07:27:00,853.00,380.90
2024/11/08 07:27:00,854.00,381.98
2024/11/08 07:27:00,855.00,382.81
2024/11/08 07:27:00,856.00,383.71
2024/11/08 07:27:00,857.00,387.77
2024/11/08 07:27:00,858.00,389.58
2024/11/08 07:27:00,859.00,388.60
2024/11/08 07:27:00,860.00,389.92
2024/11/08 07:27:00,861.00,390.75
2024/11/08 07:27:00,862.00,389.38
2024/11/08 07:27:00,863.00,386.68
2024/11/08 07:27:00,864.00,383.49
2024/11/08 07:27:00,865.00,380.91
2024/11/08 07:27:00,866.00,378.45
2024/11/08 07:27:00,867.00,377.70
2024/11/08 07:27:00,868.00,380.21
2024/11/08 07:27:00,869.00,381.53
2024/11/08 07:27:00,870.00,381.70
2024/11/08 07:27:00,871.00,383.30
2024/11/08 07:27:00,872.00,382.76
2024/11/08 07:27:00,873.00,380.57
2024/11/08 07:27:00,874.00,381.33
2024/11/08 07:27:00,875.00,381.61
2024/11/08 07:27:00,876.00,380.44
2024/11/08 07:27:00,877.00,380.49
2024/11/08 07:27:00,878.00,379.48
2024/11/08 07:27:00,879.00,378.39
2024/11/08 07:27:00,880.00,376.63
2024/11/08 07:27:00,881.00,376.34
2024/11/08 07:27:00,882.00,376.24
2024/11/08 07:27:00,883.00,375.08
2024/11/08 07:27:00,884.00,375.22
2024/11/08 07:27:00,885.00,375.63
2024/11/08 07:27:00,886.00,373.82
2024/11/08 07:27:00,887.00,374.54
2024/11/08 07:27:00,888.00,375.39
2024/11/08 07:27:00,889.00,373.00
2024/11/08 07:27:00,890.00,370.42
2024/11/08 07:27:00,891.00,368.76
2024/11/08 07:27:00,892.00,364.82
2024/11/08 07:27:00,893.00,359.87
2024/11/08 07:27:00,894.00,354.57
2024/11/08 07:27:00,895.00,348.16
2024/11/08 07:27:00,896.00,340.61
2024/11/08 07:27:00,897.00,333.16
2024/11/08 07:27:00,898.00,327.37
2024/11/08 07:27:00,899.00,322.15
2024/11/08 07:27:00,900.00,318.35
2024/11/08 07:27:00,901.00,319.45
2024/11/08 07:27:00,902.00,320.98
2024/11/08 07:27:00,903.00,322.93
2024/11/08 07:27:00,904.00,325.08
2024/11/08 07:27:00,905.00,325.05
2024/11/08 07:27:00,906.00,322.81
2024/11/08 07:27:00,907.00,319.51
2024/11/08 07:27:00,908.00,316.57
2024/11/08 07:27:00,909.00,315.22
2024/11/08 07:27:00,910.00,313.88
2024/11/08 07:27:00,911.00,312.77
2024/11/08 07:27:00,912.00,311.87
2024/11/08 07:27:00,913.00,309.25
2024/11/08 07:27:00,914.00,306.13
2024/11/08 07:27:00,915.00,306.01
2024/11/08 07:27:00,916.00,305.82
2024/11/08 07:27:00,917.00,307.06
2024/11/08 07:27:00,918.00,309.84
2024/11/08 07:27:00,919.00,311.93
2024/11/08 07:27:00,920.00,313.04
2024/11/08 07:27:00,921.00,314.53
2024/11/08 07:27:00,922.00,314.26
2024/11/08 07:27:00,923.00,313.16
2024/11/08 07:27:00,924.00,312.09
2024/11/08 07:27:00,925.00,309.56
2024/11/08 07:27:00,926.00,304.90
2024/11/08 07:27:00,927.00,297.45
2024/11/08 07:27:00,928.00,288.52
2024/11/08 07:27:00,929.00,275.29
2024/11/08 07:27:00,930.00,258.56
2024/11/08 07:27:00,931.00,242.36
2024/11/08 07:27:00,932.00,225.54
2024/11/08 07:27:00,933.00,210.18
2024/11/08 07:27:00,934.00,199.84
2024/11/08 07:27:00,935.00,193.62
2024/11/08 07:27:00,936.00,192.28
2024/11/08 07:27:00,937.00,196.07
2024/11/08 07:27:00,938.00,201.46
2024/11/08 07:27:00,939.00,206.54
2024/11/08 07:27:00,940.00,209.70
2024/11/08 07:27:00,941.00,210.48
2024/11/08 07:27:00,942.00,209.14
2024/11/08 07:27:00,943.00,206.72
2024/11/08 07:27:00,944.00,204.67
2024/11/08 07:27:00,945.00,205.52
2024/11/08 07:27:00,946.00,205.40
2024/11/08 07:27:00,947.00,206.34
2024/11/08 07:27:00,948.00,208.91
2024/11/08 07:27:00,949.00,210.28
2024/11/08 07:27:00,950.00,211.21
2024/11/08 07:27:00,951.00,212.64
2024/11/08 07:27:00,952.00,213.74
2024/11/08 07:27:00,953.00,214.24
2024/11/08 07:27:00,954.00,215.87
2024/11/08 07:27:00,955.00,218.47
2024/11/08 07:27:00,956.00,220.21
2024/11/08 07:27:00,957.00,221.68
2024/11/08 07:27:00,958.00,225.58
2024/11/08 07:27:00,959.00,228.21
2024/11/08 07:27:00,960.00,230.49
2024/11/08 07:27:00,961.00,234.93
2024/11/08 07:27:00,962.00,238.87
2024/11/08 07:27:00,963.00,242.60
2024/11/08 07:27:00,964.00,246.88
2024/11/08 07:27:00,965.00,252.34
2024/11/08 07:27:00,966.00,258.46
2024/11/08 07:27:00,967.00,264.39
2024/11/08 07:27:00,968.00,269.93
2024/11/08 07:27:00,969.00,274.87
2024/11/08 07:27:00,970.00,276.32
2024/11/08 07:27:00,971.00,277.27
2024/11/08 07:27:00,972.00,278.04
2024/11/08 07:27:00,973.00,275.80
2024/11/08 07:27:00,974.00,275.26
2024/11/08 07:27:00,975.00,275.90
2024/11/08 07:27:00,976.00,275.31
2024/11/08 07:27:00,977.00,276.04
2024/11/08 07:27:00,978.00,278.59
2024/11/08 07:27:00,979.00,280.16
2024/11/08 07:27:00,980.00,281.85
2024/11/08 07:27:00,981.00,284.72
2024/11/08 07:27:00,982.00,287.41
2024/11/08 07:27:00,983.00,289.01
2024/11/08 07:27:00,984.00,290.55
2024/11/08 07:27:00,985.00,293.02
2024/11/08 07:27:00,986.00,294.09
2024/11/08 07:27:00,987.00,293.23
2024/11/08 07:27:00,988.00,294.31
2024/11/08 07:27:00,989.00,294.08
2024/11/08 07:27:00,990.00,293.00
2024/11/08 07:27:00,991.00,293.74
2024/11/08 07:27:00,992.00,294.89
2024/11/08 07:27:00,993.00,294.77
2024/11/08 07:27:00,994.00,294.81
2024/11/08 07:27:00,995.00,295.59
2024/11/08 07:27:00,996.00,295.35
2024/11/08 07:27:00,997.00,293.49
2024/11/08 07:27:00,998.00,294.00
2024/11/08 07:27:00,999.00,293.74
2024/11/08 07:27:00,1000.00,291.07
2024/11/08 07:27:00,1001.00,290.39
2024/11/08 07:27:00,1002.00,289.11
2024/11/08 07:27:00,1003.00,286.88
2024/11/08 07:27:00,1004.00,286.08
2024/11/08 07:27:00,1005.00,285.93
2024/11/08 07:27:00,1006.00,284.34
2024/11/08 07:27:00,1007.00,284.19
2024/11/08 07:27:00,1008.00,284.67
2024/11/08 07:27:00,1009.00,285.27
2024/11/08 07:27:00,1010.00,285.49
2024/11/08 07:27:00,1011.00,285.90
2024/11/08 07:27:00,1012.00,286.47
2024/11/08 07:27:00,1013.00,285.09
2024/11/08 07:27:00,1014.00,283.61
2024/11/08 07:27:00,1015.00,284.39
2024/11/08 07:27:00,1016.00,282.81
2024/11/08 07:27:00,1017.00,281.62
2024/11/08 07:27:00,1018.00,282.98
2024/11/08 07:27:00,1019.00,281.26
2024/11/08 07:27:00,1020.00,280.23
2024/11/08 07:27:00,1021.00,279.92
2024/11/08 07:27:00,1022.00,278.17
2024/11/08 07:27:00,1023.00,276.85
2024/11/08 07:27:00,1024.00,278.33
2024/11/08 07:27:00,1025.00,278.29
2024/11/08 07:27:00,1026.00,277.45
2024/11/08 07:27:00,1027.00,276.40
2024/11/08 07:27:00,1028.00,275.65
2024/11/08 07:27:00,1029.00,273.71
2024/11/08 07:27:00,1030.00,270.40
2024/11/08 07:27:00,1031.00,272.60
2024/11/08 07:27:00,1032.00,271.88
2024/11/08 07:27:00,1033.00,270.59
2024/11/08 07:27:00,1034.00,271.84
2024/11/08 07:27:00,1035.00,272.37
2024/11/08 07:27:00,1036.00,270.04
2024/11/08 07:27:00,1037.00,270.34
2024/11/08 07:27:00,1038.00,269.92
2024/11/08 07:27:00,1039.00,268.65
2024/11/08 07:27:00,1040.00,266.52
2024/11/08 07:27:00,1041.00,267.48
2024/11/08 07:27:00,1042.00,266.41
2024/11/08 07:27:00,1043.00,264.30
2024/11/08 07:27:00,1044.00,266.35
2024/11/08 07:27:00,1045.00,266.54
2024/11/08 07:27:00,1046.00,264.17
2024/11/08 07:27:00,1047.00,266.12
2024/11/08 07:27:00,1048.00,264.21
2024/11/08 07:27:00,1049.00,260.82
2024/11/08 07:27:00,1050.00,259.51
2024/11/08 07:27:00,1051.00,261.21
2024/11/08 07:27:00,1052.00,261.47
2024/11/08 07:27:00,1053.00,260.83
2024/11/08 07:27:00,1054.00,260.84
2024/11/08 07:27:00,1055.00,260.75
2024/11/08 07:27:00,1056.00,256.98
2024/11/08 07:27:00,1057.00,257.97
2024/11/08 07:27:00,1058.00,259.07
2024/11/08 07:27:00,1059.00,254.76
2024/11/08 07:27:00,1060.00,255.24
2024/11/08 07:27:00,1061.00,254.61
2024/11/08 07:27:00,1062.00,250.67
2024/11/08 07:27:00,1063.00,252.55
2024/11/08 07:27:00,1064.00,254.21
2024/11/08 07:27:00,1065.00,252.13
2024/11/08 07:27:00,1066.00,252.66
2024/11/08 07:27:00,1067.00,251.63
2024/11/08 07:27:00,1068.00,252.78
2024/11/08 07:27:00,1069.00,249.13
2024/11/08 07:27:00,1070.00,248.57
2024/11/08 07:27:00,1071.00,252.96
2024/11/08 07:27:00,1072.00,246.16
2024/11/08 07:27:00,1073.00,246.08
2024/11/08 07:27:00,1074.00,251.54
2024/11/08 07:27:00,1075.00,243.12
2024/11/08 07:27:00,1076.00,242.30
2024/11/08 07:27:00,1077.00,246.53
2024/11/08 07:27:00,1078.00,243.24
2024/11/08 07:27:00,1079.00,243.98
2024/11/08 07:27:00,1080.00,245.95
2024/11/08 07:27:00,1081.00,245.44
2024/11/08 07:27:00,1082.00,244.17
2024/11/08 07:27:00,1083.00,241.45
2024/11/08 07:27:00,1084.00,248.06
2024/11/08 07:27:00,1085.00,245.26
2024/11/08 07:27:00,1086.00,242.92
2024/11/08 07:27:00,1087.00,249.28
2024/11/08 07:27:00,1088.00,241.62
2024/11/08 07:27:00,1089.00,237.99
2024/11/08 07:27:00,1090.00,245.13
2024/11/08 07:27:00,1091.00,238.62
2024/11/08 07:27:00,1092.00,237.55
2024/11/08 07:27:00,1093.00,241.42
2024/11/08 07:27:00,1094.00,236.42
2024/11/08 07:27:00,1095.00,233.13
2024/11/08 07:27:00,1096.00,231.26
2024/11/08 07:27:00,1097.00,232.97
2024/11/08 07:27:00,1098.00,230.59
2024/11/08 07:27:00,1099.00,224.53
2024/11/08 07:27:00,1100.00,234.06
2024/11/08 07:28:00,Wavelength(nm),Irradiance(W/m2/um)
2024/11/08 07:28:00,300.00,8.21
2024/11/08 07:28:00,301.00,9.01
2024/11/08 07:28:00,302.00,9.98
2024/11/08 07:28:00,303.00,11.31
2024/11/08 07:28:00,304.00,12.71
2024/11/08 07:28:00,305.00,13.97
2024/11/08 07:28:00,306.00,16.07
2024/11/08 07:28:00,307.00,18.67
2024/11/08 07:28:00,308.00,21.25
2024/11/08 07:28:00,309.00,25.20
2024/11/08 07:28:00,310.00,30.10
2024/11/08 07:28:00,311.00,34.78
2024/11/08 07:28:00,312.00,40.08
2024/11/08 07:28:00,313.00,46.35
2024/11/08 07:28:00,314.00,52.83
2024/11/08 07:28:00,315.00,59.34
2024/11/08 07:28:00,316.00,66.49
2024/11/08 07:28:00,317.00,74.50
2024/11/08 07:28:00,318.00,81.96
2024/11/08 07:28:00,319.00,88.38
2024/11/08 07:28:00,320.00,95.52
2024/11/08 07:28:00,321.00,103.39
2024/11/08 07:28:00,322.00,111.42
2024/11/08 07:28:00,323.00,121.26
2024/11/08 07:28:00,324.00,132.76
2024/11/08 07:28:00,325.00,144.05
2024/11/08 07:28:00,326.00,156.09
2024/11/08 07:28:00,327.00,167.51
2024/11/08 07:28:00,328.00,176.40
2024/11/08 07:28:00,329.00,183.68
2024/11/08 07:28:00,330.00,190.25
2024/11/08 07:28:00,331.00,194.67
2024/11/08 07:28:00,332.00,197.53
2024/11/08 07:28:00,333.00,198.74
2024/11/08 07:28:00,334.00,199.46
2024/11/08 07:28:00,335.00,200.65
2024/11/08 07:28:00,336.00,201.84
2024/11/08 07:28:00,337.00,203.91
2024/11/08 07:28:00,338.00,207.94
2024/11/08 07:28:00,339.00,212.43
2024/11/08 07:28:00,340.00,215.76
2024/11/08 07:28:00,341.00,217.86
2024/11/08 07:28:00,342.00,218.79
2024/11/08 07:28:00,343.00,219.30
2024/11/08 07:28:00,344.00,219.66
2024/11/08 07:28:00,345.00,219.71
2024/11/08 07:28:00,346.00,220.77
2024/11/08 07:28:00,347.00,223.37
2024/11/08 07:28:00,348.00,226.48
2024/11/08 07:28:00,349.00,229.81
2024/11/08 07:28:00,350.00,233.79
2024/11/08 07:28:00,351.00,239.28
2024/11/08 07:28:00,352.00,244.73
2024/11/08 07:28:00,353.00,248.29
2024/11/08 07:28:00,354.00,248.75
2024/11/08 07:28:00,355.00,245.91
2024/11/08 07:28:00,356.00,242.08
2024/11/08 07:28:00,357.00,238.24
2024/11/08 07:28:00,358.00,235.05
2024/11/08 07:28:00,359.00,235.41
2024/11/08 07:28:00,360.00,240.62
2024/11/08 07:28:00,361.00,246.56
2024/11/08 07:28:00,362.00,254.04
2024/11/08 07:28:00,363.00,264.89
2024/11/08 07:28:00,364.00,276.87
2024/11/08 07:28:00,365.00,286.43
2024/11/08 07:28:00,366.00,294.63
2024/11/08 07:28:00,367.00,301.25
2024/11/08 07:28:00,368.00,304.32
2024/11/08 07:28:00,369.00,303.60
2024/11/08 07:28:00,370.00,299.88
2024/11/08 07:28:00,371.00,292.80
2024/11/08 07:28:00,372.00,285.36
2024/11/08 07:28:00,373.00,280.29
2024/11/08 07:28:00,374.00,280.69
2024/11/08 07:28:00,375.00,288.21
2024/11/08 07:28:00,376.00,298.66
2024/11/08 07:28:00,377.00,308.62
2024/11/08 07:28:00,378.00,316.02
2024/11/08 07:28:00,379.00,314.65
2024/11/08 07:28:00,380.00,301.91
2024/11/08 07:28:00,381.00,287.43
2024/11/08 07:28:00,382.00,275.43
2024/11/08 07:28:00,383.00,266.03
2024/11/08 07:28:00,384.00,262.53
2024/11/08 07:28:00,385.00,267.37
2024/11/08 07:28:00,386.00,276.12
2024/11/08 07:28:00,387.00,287.44
2024/11/08 07:28:00,388.00,300.65
2024/11/08 07:28:00,389.00,311.57
2024/11/08 07:28:00,390.00,313.88
2024/11/08 07:28:00,391.00,309.11
2024/11/08 07:28:00,392.00,304.64
2024/11/08 07:28:00,393.00,297.24
2024/11/08 07:28:00,394.00,288.16
2024/11/08 07:28:00,395.00,292.39
2024/11/08 07:28:00,396.00,314.15
2024/11/08 07:28:00,397.00,340.24
2024/11/08 07:28:00,398.00,371.22
2024/11/08 07:28:00,399.00,409.08
2024/11/08 07:28:00,400.00,442.70
2024/11/08 07:28:00,401.00,464.68
2024/11/08 07:28:00,402.00,476.89
2024/11/08 07:28:00,403.00,480.07
2024/11/08 07:28:00,404.00,477.57
2024/11/08 07:28:00,405.00,475.50
2024/11/08 07:28:00,406.00,475.19
2024/11/08 07:28:00,407.00,475.58
2024/11/08 07:28:00,408.00,478.26
2024/11/08 07:28:00,409.00,484.97
2024/11/08 07:28:00,410.00,492.19
2024/11/08 07:28:00,411.00,498.16
2024/11/08 07:28:00,412.00,504.56
2024/11/08 07:28:00,413.00,511.76
2024/11/08 07:28:00,414.00,516.31
2024/11/08 07:28:00,415.00,517.86
2024/11/08 07:28:00,416.00,517.63
2024/11/08 07:28:00,417.00,517.46
2024/11/08 07:28:00,418.00,517.95
2024/11/08 07:28:00,419.00,518.55
2024/11/08 07:28:00,420.00,519.21
2024/11/08 07:28:00,421.00,520.08
2024/11/08 07:28:00,422.00,521.46
2024/11/08 07:28:00,423.00,520.95
2024/11/08 07:28:00,424.00,518.99
2024/11/08 07:28:00,425.00,516.89
2024/11/08 07:28:00,426.00,513.24
2024/11/08 07:28:00,427.00,503.20
2024/11/08 07:28:00,428.00,489.84
2024/11/08 07:28:00,429.00,481.67
2024/11/08 07:28:00,430.00,481.85
2024/11/08 07:28:00,431.00,487.13
2024/11/08 07:28:00,432.00,499.95
2024/11/08 07:28:00,433.00,521.00
2024/11/08 07:28:00,434.00,540.66
2024/11/08 07:28:00,435.00,550.59
2024/11/08 07:28:00,436.00,555.52
2024/11/08 07:28:00,437.00,559.93
2024/11/08 07:28:00,438.00,563.46
2024/11/08 07:28:00,439.00,567.80
2024/11/08 07:28:00,440.00,576.23
2024/11/08 07:28:00,441.00,589.31
2024/11/08 07:28:00,442.00,601.44
2024/11/08 07:28:00,443.00,609.91
2024/11/08 07:28:00,444.00,616.11
2024/11/08 07:28:00,445.00,621.20
2024/11/08 07:28:00,446.00,626.10
2024/11/08 07:28:00,447.00,634.59
2024/11/08 07:28:00,448.00,646.24
2024/11/08 07:28:00,449.00,656.20
2024/11/08 07:28:00,450.00,662.32
2024/11/08 07:28:00,451.00,663.93
2024/11/08 07:28:00,452.00,663.59
2024/11/08 07:28:00,453.00,661.86
2024/11/08 07:28:00,454.00,662.01
2024/11/08 07:28:00,455.00,665.74
2024/11/08 07:28:00,456.00,671.22
2024/11/08 07:28:00,457.00,674.84
2024/11/08 07:28:00,458.00,678.03
2024/11/08 07:28:00,459.00,682.20
2024/11/08 07:28:00,460.00,684.81
2024/11/08 07:28:00,461.00,687.58
2024/11/08 07:28:00,462.00,690.33
2024/11/08 07:28:00,463.00,690.05
2024/11/08 07:28:00,464.00,686.69
2024/11/08 07:28:00,465.00,682.37
2024/11/08 07:28:00,466.00,679.59
2024/11/08 07:28:00,467.00,677.33
2024/11/08 07:28:00,468.00,676.08
2024/11/08 07:28:00,469.00,676.97
2024/11/08 07:28:00,470.00,678.65
2024/11/08 07:28:00,471.00,681.03
2024/11/08 07:28:00,472.00,682.19
2024/11/08 07:28:00,473.00,684.88
2024/11/08 07:28:00,474.00,685.64
2024/11/08 07:28:00,475.00,685.99
2024/11/08 07:28:00,476.00,686.45
2024/11/08 07:28:00,477.00,688.97
2024/11/08 07:28:00,478.00,691.92
2024/11/08 07:28:00,479.00,695.42
2024/11/08 07:28:00,480.00,698.40
2024/11/08 07:28:00,481.00,698.15
2024/11/08 07:28:00,482.00,694.06
2024/11/08 07:28:00,483.00,684.06
2024/11/08 07:28:00,484.00,669.19
2024/11/08 07:28:00,485.00,655.96
2024/11/08 07:28:00,486.00,648.69
2024/11/08 07:28:00,487.00,645.79
2024/11/08 07:28:00,488.00,649.61
2024/11/08 07:28:00,489.00,658.12
2024/11/08 07:28:00,490.00,665.02
2024/11/08 07:28:00,491.00,670.31
2024/11/08 07:28:00,492.00,673.33
2024/11/08 07:28:00,493.00,676.78
2024/11/08 07:28:00,494.00,679.77
2024/11/08 07:28:00,495.00,682.45
2024/11/08 07:28:00,496.00,682.75
2024/11/08 07:28:00,497.00,680.07
2024/11/08 07:28:00,498.00,675.11
2024/11/08 07:28:00,499.00,668.99
2024/11/08 07:28:00,500.00,663.39
2024/11/08 07:28:00,501.00,658.24
2024/11/08 07:28:00,502.00,656.85
2024/11/08 07:28:00,503.00,657.32
2024/11/08 07:28:00,504.00,661.07
2024/11/08 07:28:00,505.00,664.95
2024/11/08 07:28:00,506.00,667.63
2024/11/08 07:28:00,507.00,670.34
2024/11/08 07:28:00,508.00,671.21
2024/11/08 07:28:00,509.00,670.55
2024/11/08 07:28:00,510.00,669.29
2024/11/08 07:28:00,511.00,667.07
2024/11/08 07:28:00,512.00,662.15
2024/11/08 07:28:00,513.00,656.56
2024/11/08 07:28:00,514.00,647.50
2024/11/08 07:28:00,515.00,635.19
2024/11/08 07:28:00,516.00,626.65
2024/11/08 07:28:00,517.00,620.87
2024/11/08 07:28:00,518.00,618.60
2024/11/08 07:28:00,519.00,621.45
2024/11/08 07:28:00,520.00,628.89
2024/11/08 07:28:00,521.00,637.38
2024/11/08 07:28:00,522.00,644.42
2024/11/08 07:28:00,523.00,647.04
2024/11/08 07:28:00,524.00,646.19
2024/11/08 07:28:00,525.00,645.80
2024/11/08 07:28:00,526.00,645.26
2024/11/08 07:28:00,527.00,645.85
2024/11/08 07:28:00,528.00,649.55
2024/11/08 07:28:00,529.00,653.50
2024/11/08 07:28:00,530.00,656.00
2024/11/08 07:28:00,531.00,656.94
2024/11/08 07:28:00,532.00,656.48
2024/11/08 07:28:00,533.00,656.10
2024/11/08 07:28:00,534.00,656.44
2024/11/08 07:28:00,535.00,657.51
2024/11/08 07:28:00,536.00,657.51
2024/11/08 07:28:00,537.00,655.65
2024/11/08 07:28:00,538.00,651.52
2024/11/08 07:28:00,539.00,648.86
2024/11/08 07:28:00,540.00,645.64
2024/11/08 07:28:00,541.00,644.33
2024/11/08 07:28:00,542.00,644.87
2024/11/08 07:28:00,543.00,646.31
2024/11/08 07:28:00,544.00,647.38
2024/11/08 07:28:00,545.00,648.56
2024/11/08 07:28:00,546.00,648.91
2024/11/08 07:28:00,547.00,649.37
2024/11/08 07:28:00,548.00,648.62
2024/11/08 07:28:00,549.00,648.76
2024/11/08 07:28:00,550.00,648.81
2024/11/08 07:28:00,551.00,648.74
2024/11/08 07:28:00,552.00,648.82
2024/11/08 07:28:00,553.00,649.62
2024/11/08 07:28:00,554.00,647.77
2024/11/08 07:28:00,555.00,644.81
2024/11/08 07:28:00,556.00,641.39
2024/11/08 07:28:00,557.00,636.82
2024/11/08 07:28:00,558.00,632.10
2024/11/08 07:28:00,559.00,629.79
2024/11/08 07:28:00,560.00,628.21
2024/11/08 07:28:00,561.00,628.24
2024/11/08 07:28:00,562.00,627.23
2024/11/08 07:28:00,563.00,626.59
2024/11/08 07:28:00,564.00,625.80
2024/11/08 07:28:00,565.00,624.93
2024/11/08 07:28:00,566.00,621.75
2024/11/08 07:28:00,567.00,620.21
2024/11/08 07:28:00,568.00,617.98
2024/11/08 07:28:00,569.00,615.62
2024/11/08 07:28:00,570.00,614.82
2024/11/08 07:28:00,571.00,615.89
2024/11/08 07:28:00,572.00,615.10
2024/11/08 07:28:00,573.00,615.59
2024/11/08 07:28:00,574.00,615.03
2024/11/08 07:28:00,575.00,612.58
2024/11/08 07:28:00,576.00,609.95
2024/11/08 07:28:00,577.00,609.34
2024/11/08 07:28:00,578.00,609.02
2024/11/08 07:28:00,579.00,610.34
2024/11/08 07:28:00,580.00,613.88
2024/11/08 07:28:00,581.00,617.05
2024/11/08 07:28:00,582.00,619.72
2024/11/08 07:28:00,583.00,622.17
2024/11/08 07:28:00,584.00,622.01
2024/11/08 07:28:00,585.00,620.43
2024/11/08 07:28:00,586.00,616.82
2024/11/08 07:28:00,587.00,610.89
2024/11/08 07:28:00,588.00,606.73
2024/11/08 07:28:00,589.00,603.64
2024/11/08 07:28:00,590.00,600.95
2024/11/08 07:28:00,591.00,600.59
2024/11/08 07:28:00,592.00,603.50
2024/11/08 07:28:00,593.00,604.93
2024/11/08 07:28:00,594.00,605.64
2024/11/08 07:28:00,595.00,606.61
2024/11/08 07:28:00,596.00,606.39
2024/11/08 07:28:00,597.00,605.66
2024/11/08 07:28:00,598.00,604.09
2024/11/08 07:28:00,599.00,601.43
2024/11/08 07:28:00,600.00,600.08
2024/11/08 07:28:00,601.00,599.22
2024/11/08 07:28:00,602.00,599.19
2024/11/08 07:28:00,603.00,599.90
2024/11/08 07:28:00,604.00,600.75
2024/11/08 07:28:00,605.00,600.21
2024/11/08 07:28:00,606.00,599.13
2024/11/08 07:28:00,607.00,598.34
2024/11/08 07:28:00,608.00,596.50
2024/11/08 07:28:00,609.00,596.06
2024/11/08 07:28:00,610.00,595.13
2024/11/08 07:28:00,611.00,593.43
2024/11/08 07:28:00,612.00,590.47
2024/11/08 07:28:00,613.00,589.55
2024/11/08 07:28:00,614.00,587.07
2024/11/08 07:28:00,615.00,585.40
2024/11/08 07:28:00,616.00,585.54
2024/11/08 07:28:00,617.00,586.35
2024/11/08 07:28:00,618.00,586.38
2024/11/08 07:28:00,619.00,586.82
2024/11/08 07:28:00,620.00,587.39
2024/11/08 07:28:00,621.00,586.01
2024/11/08 07:28:00,622.00,585.18
2024/11/08 07:28:00,623.00,583.01
2024/11/08 07:28:00,624.00,581.14
2024/11/08 07:28:00,625.00,578.93
2024/11/08 07:28:00,626.00,576.30
2024/11/08 07:28:00,627.00,573.17
2024/11/08 07:28:00,628.00,571.64
2024/11/08 07:28:00,629.00,570.21
2024/11/08 07:28:00,630.00,569.19
2024/11/08 07:28:00,631.00,569.55
2024/11/08 07:28:00,632.00,570.39
2024/11/08 07:28:00,633.00,571.30
2024/11/08 07:28:00,634.00,572.53
2024/11/08 07:28:00,635.00,574.56
2024/11/08 07:28:00,636.00,577.22
2024/11/08 07:28:00,637.00,578.54
2024/11/08 07:28:00,638.00,580.17
2024/11/08 07:28:00,639.00,580.58
2024/11/08 07:28:00,640.00,580.23
2024/11/08 07:28:00,641.00,579.89
2024/11/08 07:28:00,642.00,579.52
2024/11/08 07:28:00,643.00,579.25
2024/11/08 07:28:00,644.00,579.17
2024/11/08 07:28:00,645.00,578.53
2024/11/08 07:28:00,646.00,576.73
2024/11/08 07:28:00,647.00,575.57
2024/11/08 07:28:00,648.00,574.51
2024/11/08 07:28:00,649.00,574.10
2024/11/08 07:28:00,650.00,574.12
2024/11/08 07:28:00,651.00,573.22
2024/11/08 07:28:00,652.00,570.38
2024/11/08 07:28:00,653.00,564.72
2024/11/08 07:28:00,654.00,557.61
2024/11/08 07:28:00,655.00,552.06
2024/11/08 07:28:00,656.00,550.39
2024/11/08 07:28:00,657.00,551.66
2024/11/08 07:28:00,658.00,554.84
2024/11/08 07:28:00,659.00,559.74
2024/11/08 07:28:00,660.00,563.28
2024/11/08 07:28:00,661.00,565.09
2024/11/08 07:28:00,662.00,566.50
2024/11/08 07:28:00,663.00,567.94
2024/11/08 07:28:00,664.00,569.08
2024/11/08 07:28:00,665.00,571.11
2024/11/08 07:28:00,666.00,572.92
2024/11/08 07:28:00,667.00,573.78
2024/11/08 07:28:00,668.00,574.53
2024/11/08 07:28:00,669.00,574.83
2024/11/08 07:28:00,670.00,574.45
2024/11/08 07:28:00,671.00,573.18
2024/11/08 07:28:00,672.00,573.19
2024/11/08 07:28:00,673.00,573.62
2024/11/08 07:28:00,674.00,575.16
2024/11/08 07:28:00,675.00,574.80
2024/11/08 07:28:00,676.00,574.96
2024/11/08 07:28:00,677.00,574.40
2024/11/08 07:28:00,678.00,573.78
2024/11/08 07:28:00,679.00,572.72
2024/11/08 07:28:00,680.00,571.90
2024/11/08 07:28:00,681.00,570.70
2024/11/08 07:28:00,682.00,569.32
2024/11/08 07:28:00,683.00,563.30
2024/11/08 07:28:00,684.00,551.08
2024/11/08 07:28:00,685.00,535.65
2024/11/08 07:28:00,686.00,520.26
2024/11/08 07:28:00,687.00,504.71
2024/11/08 07:28:00,688.00,494.43
2024/11/08 07:28:00,689.00,490.63
2024/11/08 07:28:00,690.00,495.94
2024/11/08 07:28:00,691.00,503.11
2024/11/08 07:28:00,692.00,510.01
2024/11/08 07:28:00,693.00,518.47
2024/11/08 07:28:00,694.00,526.93
2024/11/08 07:28:00,695.00,530.82
2024/11/08 07:28:00,696.00,533.74
2024/11/08 07:28:00,697.00,536.78
2024/11/08 07:28:00,698.00,536.82
2024/11/08 07:28:00,699.00,536.91
2024/11/08 07:28:00,700.00,536.93
2024/11/08 07:28:00,701.00,535.79
2024/11/08 07:28:00,702.00,536.75
2024/11/08 07:28:00,703.00,537.08
2024/11/08 07:28:00,704.00,537.64
2024/11/08 07:28:00,705.00,538.66
2024/11/08 07:28:00,706.00,540.00
2024/11/08 07:28:00,707.00,539.93
2024/11/08 07:28:00,708.00,540.91
2024/11/08 07:28:00,709.00,540.47
2024/11/08 07:28:00,710.00,539.58
2024/11/08 07:28:00,711.00,537.85
2024/11/08 07:28:00,712.00,536.39
2024/11/08 07:28:00,713.00,534.15
2024/11/08 07:28:00,714.00,531.59
2024/11/08 07:28:00,715.00,526.47
2024/11/08 07:28:00,716.00,518.52
2024/11/08 07:28:00,717.00,511.12
2024/11/08 07:28:00,718.00,503.29
2024/11/08 07:28:00,719.00,496.63
2024/11/08 07:28:00,720.00,491.46
2024/11/08 07:28:00,721.00,489.21
2024/11/08 07:28:00,722.00,486.62
2024/11/08 07:28:00,723.00,485.91
2024/11/08 07:28:00,724.00,484.82
2024/11/08 07:28:00,725.00,486.46
2024/11/08 07:28:00,726.00,488.10
2024/11/08 07:28:00,727.00,489.43
2024/11/08 07:28:00,728.00,490.15
2024/11/08 07:28:00,729.00,491.55
2024/11/08 07:28:00,730.00,493.19
2024/11/08 07:28:00,731.00,496.76
2024/11/08 07:28:00,732.00,499.73
2024/11/08 07:28:00,733.00,502.55
2024/11/08 07:28:00,734.00,505.76
2024/11/08 07:28:00,735.00,506.89
2024/11/08 07:28:00,736.00,506.40
2024/11/08 07:28:00,737.00,506.45
2024/11/08 07:28:00,738.00,506.90
2024/11/08 07:28:00,739.00,505.95
2024/11/08 07:28:00,740.00,505.66
2024/11/08 07:28:00,741.00,505.35
2024/11/08 07:28:00,742.00,505.20
2024/11/08 07:28:00,743.00,505.79
2024/11/08 07:28:00,744.00,504.92
2024/11/08 07:28:00,745.00,504.50
2024/11/08 07:28:00,746.00,504.98
2024/11/08 07:28:00,747.00,503.59
2024/11/08 07:28:00,748.00,501.10
2024/11/08 07:28:00,749.00,500.45
2024/11/08 07:28:00,750.00,500.10
2024/11/08 07:28:00,751.00,498.02
2024/11/08 07:28:00,752.00,496.52
2024/11/08 07:28:00,753.00,496.47
2024/11/08 07:28:00,754.00,494.49
2024/11/08 07:28:00,755.00,490.54
2024/11/08 07:28:00,756.00,480.45
2024/11/08 07:28:00,757.00,454.80
2024/11/08 07:28:00,758.00,418.79
2024/11/08 07:28:00,759.00,380.68
2024/11/08 07:28:00,760.00,341.09
2024/11/08 07:28:00,761.00,308.44
2024/11/08 07:28:00,762.00,292.51
2024/11/08 07:28:00,763.00,291.12
2024/11/08 07:28:00,764.00,298.95
2024/11/08 07:28:00,765.00,313.96
2024/11/08 07:28:00,766.00,335.23
2024/11/08 07:28:00,767.00,359.33
2024/11/08 07:28:00,768.00,381.26
2024/11/08 07:28:00,769.00,400.91
2024/11/08 07:28:00,770.00,417.86
2024/11/08 07:28:00,771.00,430.75
2024/11/08 07:28:00,772.00,440.61
2024/11/08 07:28:00,773.00,448.70
2024/11/08 07:28:00,774.00,456.00
2024/11/08 07:28:00,775.00,459.78
2024/11/08 07:28:00,776.00,464.17
2024/11/08 07:28:00,777.00,467.35
2024/11/08 07:28:00,778.00,468.39
2024/11/08 07:28:00,779.00,467.97
2024/11/08 07:28:00,780.00,468.84
2024/11/08 07:28:00,781.00,468.77
2024/11/08 07:28:00,782.00,469.01
2024/11/08 07:28:00,783.00,468.70
2024/11/08 07:28:00,784.00,467.79
2024/11/08 07:28:00,785.00,466.16
2024/11/08 07:28:00,786.00,465.25
2024/11/08 07:28:00,787.00,464.60
2024/11/08 07:28:00,788.00,463.94
2024/11/08 07:28:00,789.00,462.46
2024/11/08 07:28:00,790.00,460.44
2024/11/08 07:28:00,791.00,457.75
2024/11/08 07:28:00,792.00,455.06
2024/11/08 07:28:00,793.00,453.12
2024/11/08 07:28:00,794.00,453.15
2024/11/08 07:28:00,795.00,454.20
2024/11/08 07:28:00,796.00,454.28
2024/11/08 07:28:00,797.00,454.66
2024/11/08 07:28:00,798.00,454.25
2024/11/08 07:28:00,799.00,453.12
2024/11/08 07:28:00,800.00,452.23
2024/11/08 07:28:00,801.00,450.52
2024/11/08 07:28:00,802.00,450.08
2024/11/08 07:28:00,803.00,449.92
2024/11/08 07:28:00,804.00,450.83
2024/11/08 07:28:00,805.00,451.05
2024/11/08 07:28:00,806.00,451.45
2024/11/08 07:28:00,807.00,451.80
2024/11/08 07:28:00,808.00,452.40
2024/11/08 07:28:00,809.00,450.01
2024/11/08 07:28:00,810.00,448.09
2024/11/08 07:28:00,811.00,444.83
2024/11/08 07:28:00,812.00,440.72
2024/11/08 07:28:00,813.00,434.87
2024/11/08 07:28:00,814.00,431.15
2024/11/08 07:28:00,815.00,426.48
2024/11/08 07:28:00,816.00,424.56
2024/11/08 07:28:00,817.00,421.77
2024/11/08 07:28:00,818.00,422.09
2024/11/08 07:28:00,819.00,420.42
2024/11/08 07:28:00,820.00,420.52
2024/11/08 07:28:00,821.00,420.17
2024/11/08 07:28:00,822.00,423.43
2024/11/08 07:28:00,823.00,422.98
2024/11/08 07:28:00,824.00,424.61
2024/11/08 07:28:00,825.00,423.97
2024/11/08 07:28:00,826.00,421.96
2024/11/08 07:28:00,827.00,420.65
2024/11/08 07:28:00,828.00,421.46
2024/11/08 07:28:00,829.00,421.47
2024/11/08 07:28:00,830.00,423.80
2024/11/08 07:28:00,831.00,423.33
2024/11/08 07:28:00,832.00,422.54
2024/11/08 07:28:00,833.00,421.01
2024/11/08 07:28:00,834.00,419.27
2024/11/08 07:28:00,835.00,417.83
2024/11/08 07:28:00,836.00,416.76
2024/11/08 07:28:00,837.00,414.78
2024/11/08 07:28:00,838.00,413.95
2024/11/08 07:28:00,839.00,413.66
2024/11/08 07:28:00,840.00,413.53
2024/11/08 07:28:00,841.00,413.70
2024/11/08 07:28:00,842.00,413.12
2024/11/08 07:28:00,843.00,413.17
2024/11/08 07:28:00,844.00,412.53
2024/11/08 07:28:00,845.00,410.43
2024/11/08 07:28:00,846.00,408.63
2024/11/08 07:28:00,847.00,406.07
2024/11/08 07:28:00,848.00,402.16
2024/11/08 07:28:00,849.00,399.85
2024/11/08 07:28:00,850.00,396.35
2024/11/08 07:28:00,851.00,390.43
2024/11/08 07:28:00,852.00,385.66
2024/11/08 07:28:00,853.00,382.99
2024/11/08 07:28:00,854.00,381.07
2024/11/08 07:28:00,855.00,382.43
2024/11/08 07:28:00,856.00,386.75
2024/11/08 07:28:00,857.00,390.48
2024/11/08 07:28:00,858.00,392.16
2024/11/08 07:28:00,859.00,393.42
2024/11/08 07:28:00,860.00,393.71
2024/11/08 07:28:00,861.00,393.87
2024/11/08 07:28:00,862.00,392.46
2024/11/08 07:28:00,863.00,389.60
2024/11/08 07:28:00,864.00,385.54
2024/11/08 07:28:00,865.00,383.06
2024/11/08 07:28:00,866.00,381.93
2024/11/08 07:28:00,867.00,381.41
2024/11/08 07:28:00,868.00,381.99
2024/11/08 07:28:00,869.00,384.35
2024/11/08 07:28:00,870.00,384.41
2024/11/08 07:28:00,871.00,384.00
2024/11/08 07:28:00,872.00,384.27
2024/11/08 07:28:00,873.00,383.89
2024/11/08 07:28:00,874.00,383.55
2024/11/08 07:28:00,875.00,383.33
2024/11/08 07:28:00,876.00,382.65
2024/11/08 07:28:00,877.00,382.08
2024/11/08 07:28:00,878.00,381.78
2024/11/08 07:28:00,879.00,381.11
2024/11/08 07:28:00,880.00,379.92
2024/11/08 07:28:00,881.00,379.65
2024/11/08 07:28:00,882.00,380.18
2024/11/08 07:28:00,883.00,379.81
2024/11/08 07:28:00,884.00,378.32
2024/11/08 07:28:00,885.00,377.37
2024/11/08 07:28:00,886.00,375.52
2024/11/08 07:28:00,887.00,373.83
2024/11/08 07:28:00,888.00,373.62
2024/11/08 07:28:00,889.00,372.63
2024/11/08 07:28:00,890.00,371.99
2024/11/08 07:28:00,891.00,370.89
2024/11/08 07:28:00,892.00,367.47
2024/11/08 07:28:00,893.00,363.03
2024/11/08 07:28:00,894.00,357.71
2024/11/08 07:28:00,895.00,350.36
2024/11/08 07:28:00,896.00,342.77
2024/11/08 07:28:00,897.00,334.29
2024/11/08 07:28:00,898.00,327.30
2024/11/08 07:28:00,899.00,323.07
2024/11/08 07:28:00,900.00,321.14
2024/11/08 07:28:00,901.00,321.37
2024/11/08 07:28:00,902.00,324.75
2024/11/08 07:28:00,903.00,326.57
2024/11/08 07:28:00,904.00,327.41
2024/11/08 07:28:00,905.00,325.78
2024/11/08 07:28:00,906.00,322.65
2024/11/08 07:28:00,907.00,319.31
2024/11/08 07:28:00,908.00,316.84
2024/11/08 07:28:00,909.00,314.62
2024/11/08 07:28:00,910.00,314.23
2024/11/08 07:28:00,911.00,312.92
2024/11/08 07:28:00,912.00,311.99
2024/11/08 07:28:00,913.00,310.54
2024/11/08 07:28:00,914.00,309.17
2024/11/08 07:28:00,915.00,308.33
2024/11/08 07:28:00,916.00,309.25
2024/11/08 07:28:00,917.00,311.47
2024/11/08 07:28:00,918.00,313.64
2024/11/08 07:28:00,919.00,315.21
2024/11/08 07:28:00,920.00,316.42
2024/11/08 07:28:00,921.00,316.82
2024/11/08 07:28:00,922.00,316.27
2024/11/08 07:28:00,923.00,315.31
2024/11/08 07:28:00,924.00,314.80
2024/11/08 07:28:00,925.00,312.78
2024/11/08 07:28:00,926.00,308.05
2024/11/08 07:28:00,927.00,301.15
2024/11/08 07:28:00,928.00,290.76
2024/11/08 07:28:00,929.00,277.23
2024/11/08 07:28:00,930.00,260.87
2024/11/08 07:28:00,931.00,244.49
2024/11/08 07:28:00,932.00,227.90
2024/11/08 07:28:00,933.00,213.84
2024/11/08 07:28:00,934.00,203.19
2024/11/08 07:28:00,935.00,196.54
2024/11/08 07:28:00,936.00,194.31
2024/11/08 07:28:00,937.00,196.66
2024/11/08 07:28:00,938.00,200.53
2024/11/08 07:28:00,939.00,205.78
2024/11/08 07:28:00,940.00,209.16
2024/11/08 07:28:00,941.00,209.67
2024/11/08 07:28:00,942.00,208.43
2024/11/08 07:28:00,943.00,207.01
2024/11/08 07:28:00,944.00,205.86
2024/11/08 07:28:00,945.00,207.03
2024/11/08 07:28:00,946.00,208.35
2024/11/08 07:28:00,947.00,210.04
2024/11/08 07:28:00,948.00,211.28
2024/11/08 07:28:00,949.00,212.35
2024/11/08 07:28:00,950.00,212.76
2024/11/08 07:28:00,951.00,214.03
2024/11/08 07:28:00,952.00,214.91
2024/11/08 07:28:00,953.00,216.41
2024/11/08 07:28:00,954.00,218.56
2024/11/08 07:28:00,955.00,221.04
2024/11/08 07:28:00,956.00,222.72
2024/11/08 07:28:00,957.00,226.27
2024/11/08 07:28:00,958.00,228.67
2024/11/08 07:28:00,959.00,230.99
2024/11/08 07:28:00,960.00,234.41
2024/11/08 07:28:00,961.00,238.73
2024/11/08 07:28:00,962.00,241.46
2024/11/08 07:28:00,963.00,245.07
2024/11/08 07:28:00,964.00,248.58
2024/11/08 07:28:00,965.00,253.00
2024/11/08 07:28:00,966.00,258.46
2024/11/08 07:28:00,967.00,264.31
2024/11/08 07:28:00,968.00,270.40
2024/11/08 07:28:00,969.00,274.78
2024/11/08 07:28:00,970.00,277.12
2024/11/08 07:28:00,971.00,278.43
2024/11/08 07:28:00,972.00,277.51
2024/11/08 07:28:00,973.00,276.96
2024/11/08 07:28:00,974.00,277.54
2024/11/08 07:28:00,975.00,277.22
2024/11/08 07:28:00,976.00,277.34
2024/11/08 07:28:00,977.00,279.12
2024/11/08 07:28:00,978.00,279.57
2024/11/08 07:28:00,979.00,280.90
2024/11/08 07:28:00,980.00,283.15
2024/11/08 07:28:00,981.00,285.26
2024/11/08 07:28:00,982.00,287.74
2024/11/08 07:28:00,983.00,289.36
2024/11/08 07:28:00,984.00,291.40
2024/11/08 07:28:00,985.00,293.25
2024/11/08 07:28:00,986.00,293.95
2024/11/08 07:28:00,987.00,295.04
2024/11/08 07:28:00,988.00,296.05
2024/11/08 07:28:00,989.00,296.53
2024/11/08 07:28:00,990.00,296.42
2024/11/08 07:28:00,991.00,296.96
2024/11/08 07:28:00,992.00,296.46
2024/11/08 07:28:00,993.00,296.23
2024/11/08 07:28:00,994.00,296.22
2024/11/08 07:28:00,995.00,295.79
2024/11/08 07:28:00,996.00,294.52
2024/11/08 07:28:00,997.00,294.61
2024/11/08 07:28:00,998.00,295.30
2024/11/08 07:28:00,999.00,294.07
2024/11/08 07:28:00,1000.00,293.82
2024/11/08 07:28:00,1001.00,293.61
2024/11/08 07:28:00,1002.00,290.76
2024/11/08 07:28:00,1003.00,289.57
2024/11/08 07:28:00,1004.00,287.65
2024/11/08 07:28:00,1005.00,286.56
2024/11/08 07:28:00,1006.00,286.16
2024/11/08 07:28:00,1007.00,286.00
2024/11/08 07:28:00,1008.00,286.49
2024/11/08 07:28:00,1009.00,287.14
2024/11/08 07:28:00,1010.00,286.70
2024/11/08 07:28:00,1011.00,288.35
2024/11/08 07:28:00,1012.00,287.93
2024/11/08 07:28:00,1013.00,287.07
2024/11/08 07:28:00,1014.00,287.09
2024/11/08 07:28:00,1015.00,285.62
2024/11/08 07:28:00,1016.00,283.93
2024/11/08 07:28:00,1017.00,282.76
2024/11/08 07:28:00,1018.00,281.65
2024/11/08 07:28:00,1019.00,279.94
2024/11/08 07:28:00,1020.00,279.95
2024/11/08 07:28:00,1021.00,281.17
2024/11/08 07:28:00,1022.00,282.13
2024/11/08 07:28:00,1023.00,281.37
2024/11/08 07:28:00,1024.00,281.70
2024/11/08 07:28:00,1025.00,280.29
2024/11/08 07:28:00,1026.00,278.60
2024/11/08 07:28:00,1027.00,279.27
2024/11/08 07:28:00,1028.00,278.57
2024/11/08 07:28:00,1029.00,276.71
2024/11/08 07:28:00,1030.00,275.63
2024/11/08 07:28:00,1031.00,273.82
2024/11/08 07:28:00,1032.00,271.68
2024/11/08 07:28:00,1033.00,271.80
2024/11/08 07:28:00,1034.00,271.93
2024/11/08 07:28:00,1035.00,271.30
2024/11/08 07:28:00,1036.00,270.55
2024/11/08 07:28:00,1037.00,270.13
2024/11/08 07:28:00,1038.00,269.70
2024/11/08 07:28:00,1039.00,268.60
2024/11/08 07:28:00,1040.00,268.77
2024/11/08 07:28:00,1041.00,269.22
2024/11/08 07:28:00,1042.00,268.61
2024/11/08 07:28:00,1043.00,269.36
2024/11/08 07:28:00,1044.00,268.51
2024/11/08 07:28:00,1045.00,267.12
2024/11/08 07:28:00,1046.00,266.63
2024/11/08 07:28:00,1047.00,264.66
2024/11/08 07:28:00,1048.00,263.76
2024/11/08 07:28:00,1049.00,263.41
2024/11/08 07:28:00,1050.00,262.42
2024/11/08 07:28:00,1051.00,265.86
2024/11/08 07:28:00,1052.00,263.94
2024/11/08 07:28:00,1053.00,262.48
2024/11/08 07:28:00,1054.00,263.57
2024/11/08 07:28:00,1055.00,259.87
2024/11/08 07:28:00,1056.00,259.11
2024/11/08 07:28:00,1057.00,260.55
2024/11/08 07:28:00,1058.00,257.50
2024/11/08 07:28:00,1059.00,257.32
2024/11/08 07:28:00,1060.00,256.08
2024/11/08 07:28:00,1061.00,253.98
2024/11/08 07:28:00,1062.00,253.34
2024/11/08 07:28:00,1063.00,251.34
2024/11/08 07:28:00,1064.00,251.76
2024/11/08 07:28:00,1065.00,254.45
2024/11/08 07:28:00,1066.00,252.66
2024/11/08 07:28:00,1067.00,256.22
2024/11/08 07:28:00,1068.00,252.09
2024/11/08 07:28:00,1069.00,250.49
2024/11/08 07:28:00,1070.00,253.66
2024/11/08 07:28:00,1071.00,250.74
2024/11/08 07:28:00,1072.00,250.82
2024/11/08 07:28:00,1073.00,251.91
2024/11/08 07:28:00,1074.00,246.59
2024/11/08 07:28:00,1075.00,246.05
2024/11/08 07:28:00,1076.00,246.09
2024/11/08 07:28:00,1077.00,245.42
2024/11/08 07:28:00,1078.00,246.51
2024/11/08 07:28:00,1079.00,245.54
2024/11/08 07:28:00,1080.00,248.34
2024/11/08 07:28:00,1081.00,249.28
2024/11/08 07:28:00,1082.00,246.80
2024/11/08 07:28:00,1083.00,251.62
2024/11/08 07:28:00,1084.00,249.17
2024/11/08 07:28:00,1085.00,248.68
2024/11/08 07:28:00,1086.00,253.24
2024/11/08 07:28:00,1087.00,250.52
2024/11/08 07:28:00,1088.00,248.37
2024/11/08 07:28:00,1089.00,247.56
2024/11/08 07:28:00,1090.00,243.05
2024/11/08 07:28:00,1091.00,238.97
2024/11/08 07:28:00,1092.00,236.31
2024/11/08 07:28:00,1093.00,235.58
2024/11/08 07:28:00,1094.00,234.28
2024/11/08 07:28:00,1095.00,226.03
2024/11/08 07:28:00,1096.00,230.37
2024/11/08 07:28:00,1097.00,229.15
2024/11/08 07:28:00,1098.00,227.14
2024/11/08 07:28:00,1099.00,234.13
2024/11/08 07:28:00,1100.00,231.90
2024/11/08 07:29:00,Wavelength(nm),Irradiance(W/m2/um)
2024/11/08 07:29:00,300.00,8.26
2024/11/08 07:29:00,301.00,9.02
2024/11/08 07:29:00,302.00,10.04
2024/11/08 07:29:00,303.00,11.36
2024/11/08 07:29:00,304.00,12.75
2024/11/08 07:29:00,305.00,14.31
2024/11/08 07:29:00,306.00,16.14
2024/11/08 07:29:00,307.00,18.75
2024/11/08 07:29:00,308.00,21.72
2024/11/08 07:29:00,309.00,25.55
2024/11/08 07:29:00,310.00,30.19
2024/11/08 07:29:00,311.00,35.29
2024/11/08 07:29:00,312.00,40.58
2024/11/08 07:29:00,313.00,46.65
2024/11/08 07:29:00,314.00,53.31
2024/11/08 07:29:00,315.00,59.90
2024/11/08 07:29:00,316.00,67.29
2024/11/08 07:29:00,317.00,75.42
2024/11/08 07:29:00,318.00,82.67
2024/11/08 07:29:00,319.00,89.39
2024/11/08 07:29:00,320.00,96.47
2024/11/08 07:29:00,321.00,103.94
2024/11/08 07:29:00,322.00,112.25
2024/11/08 07:29:00,323.00,122.27
2024/11/08 07:29:00,324.00,133.16
2024/11/08 07:29:00,325.00,144.91
2024/11/08 07:29:00,326.00,157.05
2024/11/08 07:29:00,327.00,168.19
2024/11/08 07:29:00,328.00,177.77
2024/11/08 07:29:00,329.00,185.65
2024/11/08 07:29:00,330.00,191.79
2024/11/08 07:29:00,331.00,196.32
2024/11/08 07:29:00,332.00,199.33
2024/11/08 07:29:00,333.00,200.36
2024/11/08 07:29:00,334.00,200.88
2024/11/08 07:29:00,335.00,202.08
2024/11/08 07:29:00,336.00,203.66
2024/11/08 07:29:00,337.00,205.89
2024/11/08 07:29:00,338.00,209.48
2024/11/08 07:29:00,339.00,214.19
2024/11/08 07:29:00,340.00,217.87
2024/11/08 07:29:00,341.00,219.66
2024/11/08 07:29:00,342.00,220.47
2024/11/08 07:29:00,343.00,221.33
2024/11/08 07:29:00,344.00,221.45
2024/11/08 07:29:00,345.00,221.59
2024/11/08 07:29:00,346.00,222.80
2024/11/08 07:29:00,347.00,225.70
2024/11/08 07:29:00,348.00,228.90
2024/11/08 07:29:00,349.00,232.18
2024/11/08 07:29:00,350.00,236.07
2024/11/08 07:29:00,351.00,241.70
2024/11/08 07:29:00,352.00,246.74
2024/11/08 07:29:00,353.00,250.07
2024/11/08 07:29:00,354.00,250.49
2024/11/08 07:29:00,355.00,247.60
2024/11/08 07:29:00,356.00,243.35
2024/11/08 07:29:00,357.00,239.94
2024/11/08 07:29:00,358.00,236.61
2024/11/08 07:29:00,359.00,237.05
2024/11/08 07:29:00,360.00,242.27
2024/11/08 07:29:00,361.00,248.42
2024/11/08 07:29:00,362.00,255.89
2024/11/08 07:29:00,363.00,267.16
2024/11/08 07:29:00,364.00,279.04
2024/11/08 07:29:00,365.00,288.66
2024/11/08 07:29:00,366.00,297.22
2024/11/08 07:29:00,367.00,303.43
2024/11/08 07:29:00,368.00,306.39
2024/11/08 07:29:00,369.00,305.67
2024/11/08 07:29:00,370.00,301.57
2024/11/08 07:29:00,371.00,294.17
2024/11/08 07:29:00,372.00,286.74
2024/11/08 07:29:00,373.00,281.94
2024/11/08 07:29:00,374.00,282.82
2024/11/08 07:29:00,375.00,290.71
2024/11/08 07:29:00,376.00,301.40
2024/11/08 07:29:00,377.00,311.45
2024/11/08 07:29:00,378.00,318.32
2024/11/08 07:29:00,379.00,316.50
2024/11/08 07:29:00,380.00,303.44
2024/11/08 07:29:00,381.00,288.74
2024/11/08 07:29:00,382.00,276.67
2024/11/08 07:29:00,383.00,267.69
2024/11/08 07:29:00,384.00,264.34
2024/11/08 07:29:00,385.00,269.28
2024/11/08 07:29:00,386.00,278.20
2024/11/08 07:29:00,387.00,289.67
2024/11/08 07:29:00,388.00,302.77
2024/11/08 07:29:00,389.00,313.93
2024/11/08 07:29:00,390.00,316.31
2024/11/08 07:29:00,391.00,311.34
2024/11/08 07:29:00,392.00,306.76
2024/11/08 07:29:00,393.00,299.61
2024/11/08 07:29:00,394.00,290.35
2024/11/08 07:29:00,395.00,294.88
2024/11/08 07:29:00,396.00,316.88
2024/11/08 07:29:00,397.00,343.62
2024/11/08 07:29:00,398.00,374.57
2024/11/08 07:29:00,399.00,412.00
2024/11/08 07:29:00,400.00,445.69
2024/11/08 07:29:00,401.00,467.39
2024/11/08 07:29:00,402.00,479.04
2024/11/08 07:29:00,403.00,481.90
2024/11/08 07:29:00,404.00,480.06
2024/11/08 07:29:00,405.00,478.07
2024/11/08 07:29:00,406.00,478.03
2024/11/08 07:29:00,407.00,478.68
2024/11/08 07:29:00,408.00,481.47
2024/11/08 07:29:00,409.00,488.08
2024/11/08 07:29:00,410.00,495.01
2024/11/08 07:29:00,411.00,501.07
2024/11/08 07:29:00,412.00,507.58
2024/11/08 07:29:00,413.00,514.80
2024/11/08 07:29:00,414.00,519.31
2024/11/08 07:29:00,415.00,521.02
2024/11/08 07:29:00,416.00,520.71
2024/11/08 07:29:00,417.00,520.10
2024/11/08 07:29:00,418.00,520.29
2024/11/08 07:29:00,419.00,521.11
2024/11/08 07:29:00,420.00,521.81
2024/11/08 07:29:00,421.00,523.15
2024/11/08 07:29:00,422.00,524.51
2024/11/08 07:29:00,423.00,524.33
2024/11/08 07:29:00,424.00,522.23
2024/11/08 07:29:00,425.00,520.36
2024/11/08 07:29:00,426.00,516.92
2024/11/08 07:29:00,427.00,507.07
2024/11/08 07:29:00,428.00,493.49
2024/11/08 07:29:00,429.00,485.63
2024/11/08 07:29:00,430.00,485.14
2024/11/08 07:29:00,431.00,489.77
2024/11/08 07:29:00,432.00,502.70
2024/11/08 07:29:00,433.00,523.88
2024/11/08 07:29:00,434.00,543.83
2024/11/08 07:29:00,435.00,554.09
2024/11/08 07:29:00,436.00,558.94
2024/11/08 07:29:00,437.00,563.20
2024/11/08 07:29:00,438.00,566.11
2024/11/08 07:29:00,439.00,569.93
2024/11/08 07:29:00,440.00,578.32
2024/11/08 07:29:00,441.00,591.84
2024/11/08 07:29:00,442.00,603.59
2024/11/08 07:29:00,443.00,612.04
2024/11/08 07:29:00,444.00,618.49
2024/11/08 07:29:00,445.00,624.11
2024/11/08 07:29:00,446.00,628.14
2024/11/08 07:29:00,447.00,637.30
2024/11/08 07:29:00,448.00,650.06
2024/11/08 07:29:00,449.00,660.17
2024/11/08 07:29:00,450.00,665.68
2024/11/08 07:29:00,451.00,667.88
2024/11/08 07:29:00,452.00,667.24
2024/11/08 07:29:00,453.00,665.05
2024/11/08 07:29:00,454.00,665.48
2024/11/08 07:29:00,455.00,668.79
2024/11/08 07:29:00,456.00,674.23
2024/11/08 07:29:00,457.00,677.84
2024/11/08 07:29:00,458.00,681.56
2024/11/08 07:29:00,459.00,685.62
2024/11/08 07:29:00,460.00,688.20
2024/11/08 07:29:00,461.00,691.60
2024/11/08 07:29:00,462.00,695.45
2024/11/08 07:29:00,463.00,694.87
2024/11/08 07:29:00,464.00,691.37
2024/11/08 07:29:00,465.00,688.24
2024/11/08 07:29:00,466.00,684.52
2024/11/08 07:29:00,467.00,680.95
2024/11/08 07:29:00,468.00,680.52
2024/11/08 07:29:00,469.00,681.24
2024/11/08 07:29:00,470.00,681.66
2024/11/08 07:29:00,471.00,682.69
2024/11/08 07:29:00,472.00,685.13
2024/11/08 07:29:00,473.00,687.85
2024/11/08 07:29:00,474.00,688.87
2024/11/08 07:29:00,475.00,690.27
2024/11/08 07:29:00,476.00,693.25
2024/11/08 07:29:00,477.00,696.15
2024/11/08 07:29:00,478.00,698.34
2024/11/08 07:29:00,479.00,702.02
2024/11/08 07:29:00,480.00,705.22
2024/11/08 07:29:00,481.00,703.59
2024/11/08 07:29:00,482.00,698.17
2024/11/08 07:29:00,483.00,687.00
2024/11/08 07:29:00,484.00,672.33
2024/11/08 07:29:00,485.00,658.62
2024/11/08 07:29:00,486.00,650.97
2024/11/08 07:29:00,487.00,649.28
2024/11/08 07:29:00,488.00,654.64
2024/11/08 07:29:00,489.00,663.23
2024/11/08 07:29:00,490.00,670.22
2024/11/08 07:29:00,491.00,675.96
2024/11/08 07:29:00,492.00,678.42
2024/11/08 07:29:00,493.00,680.51
2024/11/08 07:29:00,494.00,682.91
2024/11/08 07:29:00,495.00,686.17
2024/11/08 07:29:00,496.00,685.89
2024/11/08 07:29:00,497.00,683.72
2024/11/08 07:29:00,498.00,678.41
2024/11/08 07:29:00,499.00,670.72
2024/11/08 07:29:00,500.00,664.16
2024/11/08 07:29:00,501.00,660.35
2024/11/08 07:29:00,502.00,659.64
2024/11/08 07:29:00,503.00,660.88
2024/11/08 07:29:00,504.00,665.53
2024/11/08 07:29:00,505.00,668.89
2024/11/08 07:29:00,506.00,671.27
2024/11/08 07:29:00,507.00,672.58
2024/11/08 07:29:00,508.00,673.83
2024/11/08 07:29:00,509.00,674.70
2024/11/08 07:29:00,510.00,673.60
2024/11/08 07:29:00,511.00,671.41
2024/11/08 07:29:00,512.00,667.07
2024/11/08 07:29:00,513.00,659.80
2024/11/08 07:29:00,514.00,649.68
2024/11/08 07:29:00,515.00,637.47
2024/11/08 07:29:00,516.00,628.83
2024/11/08 07:29:00,517.00,622.91
2024/11/08 07:29:00,518.00,621.41
2024/11/08 07:29:00,519.00,624.44
2024/11/08 07:29:00,520.00,632.10
2024/11/08 07:29:00,521.00,639.75
2024/11/08 07:29:00,522.00,647.59
2024/11/08 07:29:00,523.00,651.25
2024/11/08 07:29:00,524.00,650.28
2024/11/08 07:29:00,525.00,649.77
2024/11/08 07:29:00,526.00,649.93
2024/11/08 07:29:00,527.00,649.70
2024/11/08 07:29:00,528.00,652.12
2024/11/08 07:29:00,529.00,656.78
2024/11/08 07:29:00,530.00,659.84
2024/11/08 07:29:00,531.00,659.81
2024/11/08 07:29:00,532.00,659.86
2024/11/08 07:29:00,533.00,659.98
2024/11/08 07:29:00,534.00,659.80
2024/11/08 07:29:00,535.00,659.96
2024/11/08 07:29:00,536.00,660.33
2024/11/08 07:29:00,537.00,659.23
2024/11/08 07:29:00,538.00,656.14
2024/11/08 07:29:00,539.00,652.47
2024/11/08 07:29:00,540.00,650.03
2024/11/08 07:29:00,541.00,649.41
2024/11/08 07:29:00,542.00,648.29
2024/11/08 07:29:00,543.00,648.79
2024/11/08 07:29:00,544.00,650.85
2024/11/08 07:29:00,545.00,652.09
2024/11/08 07:29:00,546.00,652.14
2024/11/08 07:29:00,547.00,653.36
2024/11/08 07:29:00,548.00,654.14
2024/11/08 07:29:00,549.00,654.18
2024/11/08 07:29:00,550.00,653.43
2024/11/08 07:29:00,551.00,652.16
2024/11/08 07:29:00,552.00,652.66
2024/11/08 07:29:00,553.00,651.34
2024/11/08 07:29:00,554.00,649.11
2024/11/08 07:29:00,555.00,646.84
2024/11/08 07:29:00,556.00,644.21
2024/11/08 07:29:00,557.00,638.72
2024/11/08 07:29:00,558.00,634.79
2024/11/08 07:29:00,559.00,632.74
2024/11/08 07:29:00,560.00,631.23
2024/11/08 07:29:00,561.00,630.63
2024/11/08 07:29:00,562.00,631.97
2024/11/08 07:29:00,563.00,631.44
2024/11/08 07:29:00,564.00,630.42
2024/11/08 07:29:00,565.00,629.54
2024/11/08 07:29:00,566.00,629.37
2024/11/08 07:29:00,567.00,626.31
2024/11/08 07:29:00,568.00,624.31
2024/11/08 07:29:00,569.00,623.39
2024/11/08 07:29:00,570.00,622.16
2024/11/08 07:29:00,571.00,620.06
2024/11/08 07:29:00,572.00,618.84
2024/11/08 07:29:00,573.00,619.13
2024/11/08 07:29:00,574.00,618.47
2024/11/08 07:29:00,575.00,615.87
2024/11/08 07:29:00,576.00,614.28
2024/11/08 07:29:00,577.00,615.23
2024/11/08 07:29:00,578.00,614.43
2024/11/08 07:29:00,579.00,615.91
2024/11/08 07:29:00,580.00,619.90
2024/11/08 07:29:00,581.00,622.57
2024/11/08 07:29:00,582.00,623.85
2024/11/08 07:29:00,583.00,625.89
2024/11/08 07:29:00,584.00,626.21
2024/11/08 07:29:00,585.00,622.73
2024/11/08 07:29:00,586.00,617.94
2024/11/08 07:29:00,587.00,613.97
2024/11/08 07:29:00,588.00,610.06
2024/11/08 07:29:00,589.00,605.53
2024/11/08 07:29:00,590.00,605.25
2024/11/08 07:29:00,591.00,606.92
2024/11/08 07:29:00,592.00,607.29
2024/11/08 07:29:00,593.00,607.68
2024/11/08 07:29:00,594.00,608.72
2024/11/08 07:29:00,595.00,609.21
2024/11/08 07:29:00,596.00,607.65
2024/11/08 07:29:00,597.00,608.08
2024/11/08 07:29:00,598.00,607.01
2024/11/08 07:29:00,599.00,604.54
2024/11/08 07:29:00,600.00,602.39
2024/11/08 07:29:00,601.00,602.81
2024/11/08 07:29:00,602.00,602.62
2024/11/08 07:29:00,603.00,602.33
2024/11/08 07:29:00,604.00,603.28
2024/11/08 07:29:00,605.00,603.99
2024/11/08 07:29:00,606.00,603.13
2024/11/08 07:29:00,607.00,601.32
2024/11/08 07:29:00,608.00,600.96
2024/11/08 07:29:00,609.00,600.67
2024/11/08 07:29:00,610.00,598.02
2024/11/08 07:29:00,611.00,595.61
2024/11/08 07:29:00,612.00,594.76
2024/11/08 07:29:00,613.00,591.59
2024/11/08 07:29:00,614.00,588.65
2024/11/08 07:29:00,615.00,587.78
2024/11/08 07:29:00,616.00,586.88
2024/11/08 07:29:00,617.00,587.08
2024/11/08 07:29:00,618.00,588.39
2024/11/08 07:29:00,619.00,590.36
2024/11/08 07:29:00,620.00,591.58
2024/11/08 07:29:00,621.00,591.16
2024/11/08 07:29:00,622.00,590.18
2024/11/08 07:29:00,623.00,588.31
2024/11/08 07:29:00,624.00,584.90
2024/11/08 07:29:00,625.00,581.34
2024/11/08 07:29:00,626.00,579.20
2024/11/08 07:29:00,627.00,575.19
2024/11/08 07:29:00,628.00,573.42
2024/11/08 07:29:00,629.00,572.34
2024/11/08 07:29:00,630.00,572.57
2024/11/08 07:29:00,631.00,572.85
2024/11/08 07:29:00,632.00,574.92
2024/11/08 07:29:00,633.00,576.24
2024/11/08 07:29:00,634.00,577.48
2024/11/08 07:29:00,635.00,578.25
2024/11/08 07:29:00,636.00,580.58
2024/11/08 07:29:00,637.00,582.79
2024/11/08 07:29:00,638.00,583.16
2024/11/08 07:29:00,639.00,584.19
2024/11/08 07:29:00,640.00,586.07
2024/11/08 07:29:00,641.00,585.43
2024/11/08 07:29:00,642.00,584.71
2024/11/08 07:29:00,643.00,584.31
2024/11/08 07:29:00,644.00,583.51
2024/11/08 07:29:00,645.00,581.61
2024/11/08 07:29:00,646.00,579.93
2024/11/08 07:29:00,647.00,577.90
2024/11/08 07:29:00,648.00,576.37
2024/11/08 07:29:00,649.00,575.33
2024/11/08 07:29:00,650.00,575.93
2024/11/08 07:29:00,651.00,576.61
2024/11/08 07:29:00,652.00,574.11
2024/11/08 07:29:00,653.00,568.50
2024/11/08 07:29:00,654.00,561.91
2024/11/08 07:29:00,655.00,557.78
2024/11/08 07:29:00,656.00,553.42
2024/11/08 07:29:00,657.00,553.07
2024/11/08 07:29:00,658.00,557.93
2024/11/08 07:29:00,659.00,563.01
2024/11/08 07:29:00,660.00,566.23
2024/11/08 07:29:00,661.00,569.74
2024/11/08 07:29:00,662.00,572.56
2024/11/08 07:29:00,663.00,573.99
2024/11/08 07:29:00,664.00,575.68
2024/11/08 07:29:00,665.00,577.82
2024/11/08 07:29:00,666.00,579.57
2024/11/08 07:29:00,667.00,580.10
2024/11/08 07:29:00,668.00,581.66
2024/11/08 07:29:00,669.00,582.73
2024/11/08 07:29:00,670.00,581.08
2024/11/08 07:29:00,671.00,579.78
2024/11/08 07:29:00,672.00,579.59
2024/11/08 07:29:00,673.00,577.83
2024/11/08 07:29:00,674.00,576.60
2024/11/08 07:29:00,675.00,576.34
2024/11/08 07:29:00,676.00,575.44
2024/11/08 07:29:00,677.00,574.75
2024/11/08 07:29:00,678.00,574.84
2024/11/08 07:29:00,679.00,575.30
2024/11/08 07:29:00,680.00,575.07
2024/11/08 07:29:00,681.00,574.48
2024/11/08 07:29:00,682.00,573.00
2024/11/08 07:29:00,683.00,568.21
2024/11/08 07:29:00,684.00,555.57
2024/11/08 07:29:00,685.00,539.08
2024/11/08 07:29:00,686.00,522.91
2024/11/08 07:29:00,687.00,506.17
2024/11/08 07:29:00,688.00,494.61
2024/11/08 07:29:00,689.00,491.83
2024/11/08 07:29:00,690.00,497.41
2024/11/08 07:29:00,691.00,504.85
2024/11/08 07:29:00,692.00,513.12
2024/11/08 07:29:00,693.00,521.07
2024/11/08 07:29:00,694.00,527.81
2024/11/08 07:29:00,695.00,532.03
2024/11/08 07:29:00,696.00,535.01
2024/11/08 07:29:00,697.00,537.83
2024/11/08 07:29:00,698.00,538.74
2024/11/08 07:29:00,699.00,539.80
2024/11/08 07:29:00,700.00,540.23
2024/11/08 07:29:00,701.00,540.40
2024/11/08 07:29:00,702.00,541.05
2024/11/08 07:29:00,703.00,541.63
2024/11/08 07:29:00,704.00,542.70
2024/11/08 07:29:00,705.00,542.68
2024/11/08 07:29:00,706.00,542.98
2024/11/08 07:29:00,707.00,544.56
2024/11/08 07:29:00,708.00,545.35
2024/11/08 07:29:00,709.00,544.61
2024/11/08 07:29:00,710.00,544.16
2024/11/08 07:29:00,711.00,543.89
2024/11/08 07:29:00,712.00,540.75
2024/11/08 07:29:00,713.00,539.74
2024/11/08 07:29:00,714.00,536.78
2024/11/08 07:29:00,715.00,530.47
2024/11/08 07:29:00,716.00,522.00
2024/11/08 07:29:00,717.00,513.98
2024/11/08 07:29:00,718.00,505.68
2024/11/08 07:29:00,719.00,499.72
2024/11/08 07:29:00,720.00,495.97
2024/11/08 07:29:00,721.00,495.19
2024/11/08 07:29:00,722.00,494.03
2024/11/08 07:29:00,723.00,492.14
2024/11/08 07:29:00,724.00,491.15
2024/11/08 07:29:00,725.00,491.71
2024/11/08 07:29:00,726.00,490.80
2024/11/08 07:29:00,727.00,492.81
2024/11/08 07:29:00,728.00,494.78
2024/11/08 07:29:00,729.00,495.72
2024/11/08 07:29:00,730.00,497.96
2024/11/08 07:29:00,731.00,502.42
2024/11/08 07:29:00,732.00,505.12
2024/11/08 07:29:00,733.00,506.00
2024/11/08 07:29:00,734.00,508.22
2024/11/08 07:29:00,735.00,511.08
2024/11/08 07:29:00,736.00,508.91
2024/11/08 07:29:00,737.00,507.40
2024/11/08 07:29:00,738.00,507.19
2024/11/08 07:29:00,739.00,506.33
2024/11/08 07:29:00,740.00,503.39
2024/11/08 07:29:00,741.00,504.87
2024/11/08 07:29:00,742.00,506.60
2024/11/08 07:29:00,743.00,506.19
2024/11/08 07:29:00,744.00,506.16
2024/11/08 07:29:00,745.00,508.15
2024/11/08 07:29:00,746.00,508.09
2024/11/08 07:29:00,747.00,506.81
2024/11/08 07:29:00,748.00,505.63
2024/11/08 07:29:00,749.00,505.79
2024/11/08 07:29:00,750.00,501.51
2024/11/08 07:29:00,751.00,497.46
2024/11/08 07:29:00,752.00,497.23
2024/11/08 07:29:00,753.00,496.93
2024/11/08 07:29:00,754.00,494.61
2024/11/08 07:29:00,755.00,494.07
2024/11/08 07:29:00,756.00,485.16
2024/11/08 07:29:00,757.00,457.82
2024/11/08 07:29:00,758.00,423.02
2024/11/08 07:29:00,759.00,384.81
2024/11/08 07:29:00,760.00,344.33
2024/11/08 07:29:00,761.00,311.45
2024/11/08 07:29:00,762.00,296.61
2024/11/08 07:29:00,763.00,295.49
2024/11/08 07:29:00,764.00,301.58
2024/11/08 07:29:00,765.00,315.38
2024/11/08 07:29:00,766.00,336.45
2024/11/08 07:29:00,767.00,357.34
2024/11/08 07:29:00,768.00,377.50
2024/11/08 07:29:00,769.00,398.85
2024/11/08 07:29:00,770.00,419.64
2024/11/08 07:29:00,771.00,433.35
2024/11/08 07:29:00,772.00,447.23
2024/11/08 07:29:00,773.00,457.00
2024/11/08 07:29:00,774.00,461.95
2024/11/08 07:29:00,775.00,465.25
2024/11/08 07:29:00,776.00,468.40
2024/11/08 07:29:00,777.00,469.29
2024/11/08 07:29:00,778.00,469.04
2024/11/08 07:29:00,779.00,469.12
2024/11/08 07:29:00,780.00,468.42
2024/11/08 07:29:00,781.00,467.96
2024/11/08 07:29:00,782.00,468.68
2024/11/08 07:29:00,783.00,470.50
2024/11/08 07:29:00,784.00,470.58
2024/11/08 07:29:00,785.00,469.90
2024/11/08 07:29:00,786.00,470.07
2024/11/08 07:29:00,787.00,470.61
2024/11/08 07:29:00,788.00,465.62
2024/11/08 07:29:00,789.00,463.75
2024/11/08 07:29:00,790.00,463.06
2024/11/08 07:29:00,791.00,459.64
2024/11/08 07:29:00,792.00,458.07
2024/11/08 07:29:00,793.00,459.57
2024/11/08 07:29:00,794.00,460.66
2024/11/08 07:29:00,795.00,457.96
2024/11/08 07:29:00,796.00,457.04
2024/11/08 07:29:00,797.00,457.21
2024/11/08 07:29:00,798.00,456.61
2024/11/08 07:29:00,799.00,454.54
2024/11/08 07:29:00,800.00,455.00
2024/11/08 07:29:00,801.00,457.20
2024/11/08 07:29:00,802.00,452.33
2024/11/08 07:29:00,803.00,453.03
2024/11/08 07:29:00,804.00,456.06
2024/11/08 07:29:00,805.00,454.37
2024/11/08 07:29:00,806.00,453.41
2024/11/08 07:29:00,807.00,454.58
2024/11/08 07:29:00,808.00,454.40
2024/11/08 07:29:00,809.00,452.00
2024/11/08 07:29:00,810.00,452.19
2024/11/08 07:29:00,811.00,450.53
2024/11/08 07:29:00,812.00,448.13
2024/11/08 07:29:00,813.00,441.53
2024/11/08 07:29:00,814.00,437.73
2024/11/08 07:29:00,815.00,434.27
2024/11/08 07:29:00,816.00,429.04
2024/11/08 07:29:00,817.00,426.59
2024/11/08 07:29:00,818.00,428.89
2024/11/08 07:29:00,819.00,424.85
2024/11/08 07:29:00,820.00,423.03
2024/11/08 07:29:00,821.00,424.04
2024/11/08 07:29:00,822.00,422.70
2024/11/08 07:29:00,823.00,422.00
2024/11/08 07:29:00,824.00,424.19
2024/11/08 07:29:00,825.00,426.55
2024/11/08 07:29:00,826.00,425.17
2024/11/08 07:29:00,827.00,425.09
2024/11/08 07:29:00,828.00,425.58
2024/11/08 07:29:00,829.00,424.56
2024/11/08 07:29:00,830.00,421.45
2024/11/08 07:29:00,831.00,423.34
2024/11/08 07:29:00,832.00,424.69
2024/11/08 07:29:00,833.00,422.54
2024/11/08 07:29:00,834.00,422.38
2024/11/08 07:29:00,835.00,423.19
2024/11/08 07:29:00,836.00,420.53
2024/11/08 07:29:00,837.00,418.72
2024/11/08 07:29:00,838.00,419.43
2024/11/08 07:29:00,839.00,419.64
2024/11/08 07:29:00,840.00,418.25
2024/11/08 07:29:00,841.00,417.65
2024/11/08 07:29:00,842.00,418.37
2024/11/08 07:29:00,843.00,415.57
2024/11/08 07:29:00,844.00,412.99
2024/11/08 07:29:00,845.00,413.37
2024/11/08 07:29:00,846.00,409.89
2024/11/08 07:29:00,847.00,405.41
2024/11/08 07:29:00,848.00,405.18
2024/11/08 07:29:00,849.00,402.84
2024/11/08 07:29:00,850.00,398.27
2024/11/08 07:29:00,851.00,394.30
2024/11/08 07:29:00,852.00,390.71
2024/11/08 07:29:00,853.00,386.13
2024/11/08 07:29:00,854.00,383.85
2024/11/08 07:29:00,855.00,385.83
2024/11/08 07:29:00,856.00,388.91
2024/11/08 07:29:00,857.00,390.74
2024/11/08 07:29:00,858.00,392.41
2024/11/08 07:29:00,859.00,394.95
2024/11/08 07:29:00,860.00,394.15
2024/11/08 07:29:00,861.00,395.22
2024/11/08 07:29:00,862.00,396.52
2024/11/08 07:29:00,863.00,393.29
2024/11/08 07:29:00,864.00,388.56
2024/11/08 07:29:00,865.00,386.03
2024/11/08 07:29:00,866.00,382.75
2024/11/08 07:29:00,867.00,380.84
2024/11/08 07:29:00,868.00,382.42
2024/11/08 07:29:00,869.00,384.13
2024/11/08 07:29:00,870.00,384.42
2024/11/08 07:29:00,871.00,385.42
2024/11/08 07:29:00,872.00,386.27
2024/11/08 07:29:00,873.00,385.91
2024/11/08 07:29:00,874.00,384.77
2024/11/08 07:29:00,875.00,384.83
2024/11/08 07:29:00,876.00,385.61
2024/11/08 07:29:00,877.00,384.30
2024/11/08 07:29:00,878.00,384.29
2024/11/08 07:29:00,879.00,385.48
2024/11/08 07:29:00,880.00,383.34
2024/11/08 07:29:00,881.00,382.17
2024/11/08 07:29:00,882.00,382.31
2024/11/08 07:29:00,883.00,380.89
2024/11/08 07:29:00,884.00,379.97
2024/11/08 07:29:00,885.00,379.96
2024/11/08 07:29:00,886.00,379.49
2024/11/08 07:29:00,887.00,378.19
2024/11/08 07:29:00,888.00,377.54
2024/11/08 07:29:00,889.00,377.38
2024/11/08 07:29:00,890.00,375.69
2024/11/08 07:29:00,891.00,371.66
2024/11/08 07:29:00,892.00,368.91
2024/11/08 07:29:00,893.00,364.78
2024/11/08 07:29:00,894.00,357.93
2024/11/08 07:29:00,895.00,351.96
2024/11/08 07:29:00,896.00,345.68
2024/11/08 07:29:00,897.00,337.85
2024/11/08 07:29:00,898.00,331.38
2024/11/08 07:29:00,899.00,327.06
2024/11/08 07:29:00,900.00,324.39
2024/11/08 07:29:00,901.00,324.84
2024/11/08 07:29:00,902.00,327.61
2024/11/08 07:29:00,903.00,329.60
2024/11/08 07:29:00,904.00,329.58
2024/11/08 07:29:00,905.00,328.83
2024/11/08 07:29:00,906.00,326.07
2024/11/08 07:29:00,907.00,320.81
2024/11/08 07:29:00,908.00,317.96
2024/11/08 07:29:00,909.00,316.91
2024/11/08 07:29:00,910.00,314.76
2024/11/08 07:29:00,911.00,313.77
2024/11/08 07:29:00,912.00,313.09
2024/11/08 07:29:00,913.00,311.86
2024/11/08 07:29:00,914.00,310.04
2024/11/08 07:29:00,915.00,309.62
2024/11/08 07:29:00,916.00,310.38
2024/11/08 07:29:00,917.00,311.54
2024/11/08 07:29:00,918.00,312.72
2024/11/08 07:29:00,919.00,314.25
2024/11/08 07:29:00,920.00,315.09
2024/11/08 07:29:00,921.00,315.21
2024/11/08 07:29:00,922.00,315.14
2024/11/08 07:29:00,923.00,315.76
2024/11/08 07:29:00,924.00,314.91
2024/11/08 07:29:00,925.00,312.42
2024/11/08 07:29:00,926.00,308.41
2024/11/08 07:29:00,927.00,301.37
2024/11/08 07:29:00,928.00,290.42
2024/11/08 07:29:00,929.00,278.01
2024/11/08 07:29:00,930.00,262.87
2024/11/08 07:29:00,931.00,245.54
2024/11/08 07:29:00,932.00,229.94
2024/11/08 07:29:00,933.00,216.54
2024/11/08 07:29:00,934.00,204.57
2024/11/08 07:29:00,935.00,198.50
2024/11/08 07:29:00,936.00,196.63
2024/11/08 07:29:00,937.00,198.24
2024/11/08 07:29:00,938.00,203.32
2024/11/08 07:29:00,939.00,208.64
2024/11/08 07:29:00,940.00,212.61
2024/11/08 07:29:00,941.00,213.50
2024/11/08 07:29:00,942.00,212.50
2024/11/08 07:29:00,943.00,211.44
2024/11/08 07:29:00,944.00,209.50
2024/11/08 07:29:00,945.00,209.57
2024/11/08 07:29:00,946.00,209.97
2024/11/08 07:29:00,947.00,210.15
2024/11/08 07:29:00,948.00,210.89
2024/11/08 07:29:00,949.00,212.47
2024/11/08 07:29:00,950.00,213.75
2024/11/08 07:29:00,951.00,216.26
2024/11/08 07:29:00,952.00,216.72
2024/11/08 07:29:00,953.00,218.83
2024/11/08 07:29:00,954.00,220.65
2024/11/08 07:29:00,955.00,221.84
2024/11/08 07:29:00,956.00,224.28
2024/11/08 07:29:00,957.00,227.84
2024/11/08 07:29:00,958.00,229.48
2024/11/08 07:29:00,959.00,233.51
2024/11/08 07:29:00,960.00,237.66
2024/11/08 07:29:00,961.00,240.92
2024/11/08 07:29:00,962.00,245.32
2024/11/08 07:29:00,963.00,248.42
2024/11/08 07:29:00,964.00,250.95
2024/11/08 07:29:00,965.00,255.58
2024/11/08 07:29:00,966.00,259.60
2024/11/08 07:29:00,967.00,265.07
2024/11/08 07:29:00,968.00,270.69
2024/11/08 07:29:00,969.00,274.24
2024/11/08 07:29:00,970.00,277.15
2024/11/08 07:29:00,971.00,279.15
2024/11/08 07:29:00,972.00,279.09
2024/11/08 07:29:00,973.00,279.50
2024/11/08 07:29:00,974.00,279.49
2024/11/08 07:29:00,975.00,279.02
2024/11/08 07:29:00,976.00,280.07
2024/11/08 07:29:00,977.00,280.76
2024/11/08 07:29:00,978.00,282.47
2024/11/08 07:29:00,979.00,283.67
2024/11/08 07:29:00,980.00,285.36
2024/11/08 07:29:00,981.00,286.99
2024/11/08 07:29:00,982.00,288.21
2024/11/08 07:29:00,983.00,289.69
2024/11/08 07:29:00,984.00,291.78
2024/11/08 07:29:00,985.00,292.63
2024/11/08 07:29:00,986.00,294.11
2024/11/08 07:29:00,987.00,295.57
2024/11/08 07:29:00,988.00,296.13
2024/11/08 07:29:00,989.00,297.69
2024/11/08 07:29:00,990.00,297.35
2024/11/08 07:29:00,991.00,298.14
2024/11/08 07:29:00,992.00,297.44
2024/11/08 07:29:00,993.00,296.62
2024/11/08 07:29:00,994.00,297.62
2024/11/08 07:29:00,995.00,297.27
2024/11/08 07:29:00,996.00,297.61
2024/11/08 07:29:00,997.00,298.23
2024/11/08 07:29:00,998.00,297.59
2024/11/08 07:29:00,999.00,297.15
2024/11/08 07:29:00,1000.00,296.10
2024/11/08 07:29:00,1001.00,293.71
2024/11/08 07:29:00,1002.00,292.15
2024/11/08 07:29:00,1003.00,289.72
2024/11/08 07:29:00,1004.00,287.11
2024/11/08 07:29:00,1005.00,287.00
2024/11/08 07:29:00,1006.00,286.42
2024/11/08 07:29:00,1007.00,286.71
2024/11/08 07:29:00,1008.00,287.97
2024/11/08 07:29:00,1009.00,287.37
2024/11/08 07:29:00,1010.00,288.15
2024/11/08 07:29:00,1011.00,288.55
2024/11/08 07:29:00,1012.00,288.43
2024/11/08 07:29:00,1013.00,288.99
2024/11/08 07:29:00,1014.00,288.48
2024/11/08 07:29:00,1015.00,288.16
2024/11/08 07:29:00,1016.00,287.53
2024/11/08 07:29:00,1017.00,286.71
2024/11/08 07:29:00,1018.00,285.47
2024/11/08 07:29:00,1019.00,283.38
2024/11/08 07:29:00,1020.00,281.71
2024/11/08 07:29:00,1021.00,281.01
2024/11/08 07:29:00,1022.00,279.66
2024/11/08 07:29:00,1023.00,280.55
2024/11/08 07:29:00,1024.00,280.89
2024/11/08 07:29:00,1025.00,279.84
2024/11/08 07:29:00,1026.00,280.22
2024/11/08 07:29:00,1027.00,280.17
2024/11/08 07:29:00,1028.00,279.55
2024/11/08 07:29:00,1029.00,278.46
2024/11/08 07:29:00,1030.00,276.10
2024/11/08 07:29:00,1031.00,274.57
2024/11/08 07:29:00,1032.00,272.53
2024/11/08 07:29:00,1033.00,270.73
2024/11/08 07:29:00,1034.00,270.98
2024/11/08 07:29:00,1035.00,269.69
2024/11/08 07:29:00,1036.00,269.78
2024/11/08 07:29:00,1037.00,271.27
2024/11/08 07:29:00,1038.00,269.53
2024/11/08 07:29:00,1039.00,269.45
2024/11/08 07:29:00,1040.00,270.66
2024/11/08 07:29:00,1041.00,269.43
2024/11/08 07:29:00,1042.00,270.99
2024/11/08 07:29:00,1043.00,271.93
2024/11/08 07:29:00,1044.00,271.85
2024/11/08 07:29:00,1045.00,272.79
2024/11/08 07:29:00,1046.00,269.65
2024/11/08 07:29:00,1047.00,268.91
2024/11/08 07:29:00,1048.00,267.65
2024/11/08 07:29:00,1049.00,263.93
2024/11/08 07:29:00,1050.00,263.51
2024/11/08 07:29:00,1051.00,265.44
2024/11/08 07:29:00,1052.00,262.12
2024/11/08 07:29:00,1053.00,263.88
2024/11/08 07:29:00,1054.00,262.74
2024/11/08 07:29:00,1055.00,262.73
2024/11/08 07:29:00,1056.00,262.16
2024/11/08 07:29:00,1057.00,259.18
2024/11/08 07:29:00,1058.00,259.08
2024/11/08 07:29:00,1059.00,256.69
2024/11/08 07:29:00,1060.00,255.36
2024/11/08 07:29:00,1061.00,258.51
2024/11/08 07:29:00,1062.00,255.57
2024/11/08 07:29:00,1063.00,256.58
2024/11/08 07:29:00,1064.00,257.98
2024/11/08 07:29:00,1065.00,253.20
2024/11/08 07:29:00,1066.00,253.94
2024/11/08 07:29:00,1067.00,253.77
2024/11/08 07:29:00,1068.00,249.45
2024/11/08 07:29:00,1069.00,250.78
2024/11/08 07:29:00,1070.00,251.40
2024/11/08 07:29:00,1071.00,252.12
2024/11/08 07:29:00,1072.00,253.73
2024/11/08 07:29:00,1073.00,252.66
2024/11/08 07:29:00,1074.00,254.78
2024/11/08 07:29:00,1075.00,252.39
2024/11/08 07:29:00,1076.00,250.35
2024/11/08 07:29:00,1077.00,251.71
2024/11/08 07:29:00,1078.00,243.94
2024/11/08 07:29:00,1079.00,242.13
2024/11/08 07:29:00,1080.00,243.99
2024/11/08 07:29:00,1081.00,238.98
2024/11/08 07:29:00,1082.00,242.60
2024/11/08 07:29:00,1083.00,248.86
2024/11/08 07:29:00,1084.00,247.75
2024/11/08 07:29:00,1085.00,249.26
2024/11/08 07:29:00,1086.00,252.62
2024/11/08 07:29:00,1087.00,251.76
2024/11/08 07:29:00,1088.00,250.01
2024/11/08 07:29:00,1089.00,248.45
2024/11/08 07:29:00,1090.00,247.63
2024/11/08 07:29:00,1091.00,241.21
2024/11/08 07:29:00,1092.00,240.90
2024/11/08 07:29:00,1093.00,246.99
2024/11/08 07:29:00,1094.00,239.07
2024/11/08 07:29:00,1095.00,238.49
2024/11/08 07:29:00,1096.00,246.03
2024/11/08 07:29:00,1097.00,239.92
2024/11/08 07:29:00,1098.00,236.94
2024/11/08 07:29:00,1099.00,239.15
2024/11/08 07:29:00,1100.00,233.91
2024/11/08 07:30:00,Wavelength(nm),Irradiance(W/m2/um)
2024/11/08 07:30:00,300.00,8.31
2024/11/08 07:30:00,301.00,9.22
2024/11/08 07:30:00,302.00,10.21
2024/11/08 07:30:00,303.00,11.34
2024/11/08 07:30:00,304.00,12.86
2024/11/08 07:30:00,305.00,14.34
2024/11/08 07:30:00,306.00,16.31
2024/11/08 07:30:00,307.00,18.73
2024/11/08 07:30:00,308.00,21.82
2024/11/08 07:30:00,309.00,25.71
2024/11/08 07:30:00,310.00,30.54
2024/11/08 07:30:00,311.00,35.66
2024/11/08 07:30:00,312.00,41.39
2024/11/08 07:30:00,313.00,47.67
2024/11/08 07:30:00,314.00,54.32
2024/11/08 07:30:00,315.00,61.15
2024/11/08 07:30:00,316.00,68.43
2024/11/08 07:30:00,317.00,76.22
2024/11/08 07:30:00,318.00,83.52
2024/11/08 07:30:00,319.00,90.27
2024/11/08 07:30:00,320.00,97.29
2024/11/08 07:30:00,321.00,104.86
2024/11/08 07:30:00,322.00,113.48
2024/11/08 07:30:00,323.00,123.48
2024/11/08 07:30:00,324.00,134.57
2024/11/08 07:30:00,325.00,146.02
2024/11/08 07:30:00,326.00,157.86
2024/11/08 07:30:00,327.00,169.08
2024/11/08 07:30:00,328.00,178.51
2024/11/08 07:30:00,329.00,186.36
2024/11/08 07:30:00,330.00,192.93
2024/11/08 07:30:00,331.00,197.84
2024/11/08 07:30:00,332.00,201.11
2024/11/08 07:30:00,333.00,202.38
2024/11/08 07:30:00,334.00,203.10
2024/11/08 07:30:00,335.00,204.20
2024/11/08 07:30:00,336.00,205.48
2024/11/08 07:30:00,337.00,207.35
2024/11/08 07:30:00,338.00,211.25
2024/11/08 07:30:00,339.00,215.99
2024/11/08 07:30:00,340.00,219.65
2024/11/08 07:30:00,341.00,221.83
2024/11/08 07:30:00,342.00,223.02
2024/11/08 07:30:00,343.00,224.00
2024/11/08 07:30:00,344.00,224.02
2024/11/08 07:30:00,345.00,223.89
2024/11/08 07:30:00,346.00,224.75
2024/11/08 07:30:00,347.00,227.35
2024/11/08 07:30:00,348.00,230.43
2024/11/08 07:30:00,349.00,233.52
2024/11/08 07:30:00,350.00,237.64
2024/11/08 07:30:00,351.00,243.35
2024/11/08 07:30:00,352.00,248.47
2024/11/08 07:30:00,353.00,251.35
2024/11/08 07:30:00,354.00,251.70
2024/11/08 07:30:00,355.00,248.53
2024/11/08 07:30:00,356.00,244.63
2024/11/08 07:30:00,357.00,241.23
2024/11/08 07:30:00,358.00,238.40
2024/11/08 07:30:00,359.00,239.21
2024/11/08 07:30:00,360.00,244.79
2024/11/08 07:30:00,361.00,250.85
2024/11/08 07:30:00,362.00,257.97
2024/11/08 07:30:00,363.00,269.27
2024/11/08 07:30:00,364.00,281.26
2024/11/08 07:30:00,365.00,290.86
2024/11/08 07:30:00,366.00,299.43
2024/11/08 07:30:00,367.00,306.05
2024/11/08 07:30:00,368.00,308.80
2024/11/08 07:30:00,369.00,308.23
2024/11/08 07:30:00,370.00,304.21
2024/11/08 07:30:00,371.00,296.74
2024/11/08 07:30:00,372.00,289.45
2024/11/08 07:30:00,373.00,284.42
2024/11/08 07:30:00,374.00,284.94
2024/11/08 07:30:00,375.00,292.77
2024/11/08 07:30:00,376.00,303.49
2024/11/08 07:30:00,377.00,313.72
2024/11/08 07:30:00,378.00,320.98
2024/11/08 07:30:00,379.00,319.15
2024/11/08 07:30:00,380.00,306.15
2024/11/08 07:30:00,381.00,291.24
2024/11/08 07:30:00,382.00,279.01
2024/11/08 07:30:00,383.00,269.60
2024/11/08 07:30:00,384.00,266.39
2024/11/08 07:30:00,385.00,271.34
2024/11/08 07:30:00,386.00,280.64
2024/11/08 07:30:00,387.00,291.97
2024/11/08 07:30:00,388.00,305.51
2024/11/08 07:30:00,389.00,317.01
2024/11/08 07:30:00,390.00,319.14
2024/11/08 07:30:00,391.00,314.00
2024/11/08 07:30:00,392.00,309.66
2024/11/08 07:30:00,393.00,301.97
2024/11/08 07:30:00,394.00,292.23
2024/11/08 07:30:00,395.00,296.56
2024/11/08 07:30:00,396.00,318.83
2024/11/08 07:30:00,397.00,345.16
2024/11/08 07:30:00,398.00,376.93
2024/11/08 07:30:00,399.00,415.00
2024/11/08 07:30:00,400.00,449.33
2024/11/08 07:30:00,401.00,471.50
2024/11/08 07:30:00,402.00,483.63
2024/11/08 07:30:00,403.00,486.56
2024/11/08 07:30:00,404.00,484.64
2024/11/08 07:30:00,405.00,482.41
2024/11/08 07:30:00,406.00,481.85
2024/11/08 07:30:00,407.00,482.38
2024/11/08 07:30:00,408.00,485.10
2024/11/08 07:30:00,409.00,491.66
2024/11/08 07:30:00,410.00,498.78
2024/11/08 07:30:00,411.00,504.84
2024/11/08 07:30:00,412.00,511.21
2024/11/08 07:30:00,413.00,518.32
2024/11/08 07:30:00,414.00,523.15
2024/11/08 07:30:00,415.00,524.74
2024/11/08 07:30:00,416.00,524.83
2024/11/08 07:30:00,417.00,525.00
2024/11/08 07:30:00,418.00,525.16
2024/11/08 07:30:00,419.00,525.22
2024/11/08 07:30:00,420.00,526.15
2024/11/08 07:30:00,421.00,527.15
2024/11/08 07:30:00,422.00,527.97
2024/11/08 07:30:00,423.00,527.83
2024/11/08 07:30:00,424.00,526.31
2024/11/08 07:30:00,425.00,524.36
2024/11/08 07:30:00,426.00,520.32
2024/11/08 07:30:00,427.00,510.36
2024/11/08 07:30:00,428.00,496.91
2024/11/08 07:30:00,429.00,488.53
2024/11/08 07:30:00,430.00,488.42
2024/11/08 07:30:00,431.00,493.67
2024/11/08 07:30:00,432.00,507.37
2024/11/08 07:30:00,433.00,528.83
2024/11/08 07:30:00,434.00,548.92
2024/11/08 07:30:00,435.00,558.97
2024/11/08 07:30:00,436.00,564.69
2024/11/08 07:30:00,437.00,567.74
2024/11/08 07:30:00,438.00,571.40
2024/11/08 07:30:00,439.00,575.81
2024/11/08 07:30:00,440.00,584.27
2024/11/08 07:30:00,441.00,596.99
2024/11/08 07:30:00,442.00,609.83
2024/11/08 07:30:00,443.00,617.97
2024/11/08 07:30:00,444.00,623.94
2024/11/08 07:30:00,445.00,629.43
2024/11/08 07:30:00,446.00,634.31
2024/11/08 07:30:00,447.00,644.09
2024/11/08 07:30:00,448.00,655.94
2024/11/08 07:30:00,449.00,666.20
2024/11/08 07:30:00,450.00,672.14
2024/11/08 07:30:00,451.00,673.55
2024/11/08 07:30:00,452.00,672.44
2024/11/08 07:30:00,453.00,670.83
2024/11/08 07:30:00,454.00,671.30
2024/11/08 07:30:00,455.00,673.94
2024/11/08 07:30:00,456.00,678.29
2024/11/08 07:30:00,457.00,681.32
2024/11/08 07:30:00,458.00,684.69
2024/11/08 07:30:00,459.00,688.52
2024/11/08 07:30:00,460.00,692.48
2024/11/08 07:30:00,461.00,696.80
2024/11/08 07:30:00,462.00,700.05
2024/11/08 07:30:00,463.00,699.42
2024/11/08 07:30:00,464.00,696.94
2024/11/08 07:30:00,465.00,692.32
2024/11/08 07:30:00,466.00,687.55
2024/11/08 07:30:00,467.00,685.69
2024/11/08 07:30:00,468.00,685.69
2024/11/08 07:30:00,469.00,685.24
2024/11/08 07:30:00,470.00,687.28
2024/11/08 07:30:00,471.00,690.68
2024/11/08 07:30:00,472.00,692.47
2024/11/08 07:30:00,473.00,695.31
2024/11/08 07:30:00,474.00,697.07
2024/11/08 07:30:00,475.00,698.99
2024/11/08 07:30:00,476.00,700.06
2024/11/08 07:30:00,477.00,701.79
2024/11/08 07:30:00,478.00,704.74
2024/11/08 07:30:00,479.00,708.41
2024/11/08 07:30:00,480.00,709.81
2024/11/08 07:30:00,481.00,709.15
2024/11/08 07:30:00,482.00,705.37
2024/11/08 07:30:00,483.00,694.08
2024/11/08 07:30:00,484.00,678.88
2024/11/08 07:30:00,485.00,666.35
2024/11/08 07:30:00,486.00,658.78
2024/11/08 07:30:00,487.00,656.50
2024/11/08 07:30:00,488.00,660.36
2024/11/08 07:30:00,489.00,668.43
2024/11/08 07:30:00,490.00,675.10
2024/11/08 07:30:00,491.00,679.28
2024/11/08 07:30:00,492.00,681.98
2024/11/08 07:30:00,493.00,685.90
2024/11/08 07:30:00,494.00,688.39
2024/11/08 07:30:00,495.00,690.36
2024/11/08 07:30:00,496.00,691.42
2024/11/08 07:30:00,497.00,688.90
2024/11/08 07:30:00,498.00,682.53
2024/11/08 07:30:00,499.00,675.97
2024/11/08 07:30:00,500.00,669.79
2024/11/08 07:30:00,501.00,665.54
2024/11/08 07:30:00,502.00,663.90
2024/11/08 07:30:00,503.00,666.55
2024/11/08 07:30:00,504.00,670.23
2024/11/08 07:30:00,505.00,674.29
2024/11/08 07:30:00,506.00,676.42
2024/11/08 07:30:00,507.00,678.61
2024/11/08 07:30:00,508.00,679.58
2024/11/08 07:30:00,509.00,678.62
2024/11/08 07:30:00,510.00,678.39
2024/11/08 07:30:00,511.00,676.95
2024/11/08 07:30:00,512.00,672.73
2024/11/08 07:30:00,513.00,666.23
2024/11/08 07:30:00,514.00,657.14
2024/11/08 07:30:00,515.00,643.73
2024/11/08 07:30:00,516.00,634.61
2024/11/08 07:30:00,517.00,629.10
2024/11/08 07:30:00,518.00,626.67
2024/11/08 07:30:00,519.00,629.56
2024/11/08 07:30:00,520.00,637.09
2024/11/08 07:30:00,521.00,645.22
2024/11/08 07:30:00,522.00,653.00
2024/11/08 07:30:00,523.00,654.63
2024/11/08 07:30:00,524.00,653.86
2024/11/08 07:30:00,525.00,653.44
2024/11/08 07:30:00,526.00,652.53
2024/11/08 07:30:00,527.00,651.94
2024/11/08 07:30:00,528.00,656.23
2024/11/08 07:30:00,529.00,661.04
2024/11/08 07:30:00,530.00,662.84
2024/11/08 07:30:00,531.00,664.65
2024/11/08 07:30:00,532.00,665.86
2024/11/08 07:30:00,533.00,664.33
2024/11/08 07:30:00,534.00,663.87
2024/11/08 07:30:00,535.00,665.66
2024/11/08 07:30:00,536.00,666.22
2024/11/08 07:30:00,537.00,664.33
2024/11/08 07:30:00,538.00,660.98
2024/11/08 07:30:00,539.00,658.64
2024/11/08 07:30:00,540.00,657.28
2024/11/08 07:30:00,541.00,654.97
2024/11/08 07:30:00,542.00,653.70
2024/11/08 07:30:00,543.00,656.37
2024/11/08 07:30:00,544.00,657.37
2024/11/08 07:30:00,545.00,657.38
2024/11/08 07:30:00,546.00,659.22
2024/11/08 07:30:00,547.00,660.01
2024/11/08 07:30:00,548.00,659.26
2024/11/08 07:30:00,549.00,659.08
2024/11/08 07:30:00,550.00,659.05
2024/11/08 07:30:00,551.00,658.78
2024/11/08 07:30:00,552.00,658.17
2024/11/08 07:30:00,553.00,657.42
2024/11/08 07:30:00,554.00,656.55
2024/11/08 07:30:00,555.00,652.63
2024/11/08 07:30:00,556.00,648.83
2024/11/08 07:30:00,557.00,644.45
2024/11/08 07:30:00,558.00,640.53
2024/11/08 07:30:00,559.00,638.07
2024/11/08 07:30:00,560.00,637.29
2024/11/08 07:30:00,561.00,637.01
2024/11/08 07:30:00,562.00,636.97
2024/11/08 07:30:00,563.00,636.06
2024/11/08 07:30:00,564.00,635.14
2024/11/08 07:30:00,565.00,635.54
2024/11/08 07:30:00,566.00,631.50
2024/11/08 07:30:00,567.00,628.65
2024/11/08 07:30:00,568.00,627.26
2024/11/08 07:30:00,569.00,624.67
2024/11/08 07:30:00,570.00,622.16
2024/11/08 07:30:00,571.00,625.04
2024/11/08 07:30:00,572.00,625.19
2024/11/08 07:30:00,573.00,624.92
2024/11/08 07:30:00,574.00,625.77
2024/11/08 07:30:00,575.00,624.60
2024/11/08 07:30:00,576.00,620.65
2024/11/08 07:30:00,577.00,619.84
2024/11/08 07:30:00,578.00,620.30
2024/11/08 07:30:00,579.00,621.27
2024/11/08 07:30:00,580.00,623.62
2024/11/08 07:30:00,581.00,626.28
2024/11/08 07:30:00,582.00,629.34
2024/11/08 07:30:00,583.00,632.05
2024/11/08 07:30:00,584.00,630.98
2024/11/08 07:30:00,585.00,630.77
2024/11/08 07:30:00,586.00,627.59
2024/11/08 07:30:00,587.00,621.08
2024/11/08 07:30:00,588.00,616.28
2024/11/08 07:30:00,589.00,613.96
2024/11/08 07:30:00,590.00,611.34
2024/11/08 07:30:00,591.00,611.60
2024/11/08 07:30:00,592.00,614.09
2024/11/08 07:30:00,593.00,614.90
2024/11/08 07:30:00,594.00,615.21
2024/11/08 07:30:00,595.00,614.67
2024/11/08 07:30:00,596.00,614.20
2024/11/08 07:30:00,597.00,613.81
2024/11/08 07:30:00,598.00,611.35
2024/11/08 07:30:00,599.00,609.76
2024/11/08 07:30:00,600.00,608.81
2024/11/08 07:30:00,601.00,607.81
2024/11/08 07:30:00,602.00,607.73
2024/11/08 07:30:00,603.00,609.78
2024/11/08 07:30:00,604.00,609.41
2024/11/08 07:30:00,605.00,608.78
2024/11/08 07:30:00,606.00,609.26
2024/11/08 07:30:00,607.00,607.52
2024/11/08 07:30:00,608.00,605.25
2024/11/08 07:30:00,609.00,604.80
2024/11/08 07:30:00,610.00,604.02
2024/11/08 07:30:00,611.00,601.15
2024/11/08 07:30:00,612.00,599.61
2024/11/08 07:30:00,613.00,597.42
2024/11/08 07:30:00,614.00,594.95
2024/11/08 07:30:00,615.00,593.43
2024/11/08 07:30:00,616.00,593.13
2024/11/08 07:30:00,617.00,594.78
2024/11/08 07:30:00,618.00,596.65
2024/11/08 07:30:00,619.00,597.74
2024/11/08 07:30:00,620.00,599.10
2024/11/08 07:30:00,621.00,599.22
2024/11/08 07:30:00,622.00,595.83
2024/11/08 07:30:00,623.00,592.18
2024/11/08 07:30:00,624.00,589.19
2024/11/08 07:30:00,625.00,585.56
2024/11/08 07:30:00,626.00,581.57
2024/11/08 07:30:00,627.00,579.73
2024/11/08 07:30:00,628.00,579.69
2024/11/08 07:30:00,629.00,578.46
2024/11/08 07:30:00,630.00,577.30
2024/11/08 07:30:00,631.00,579.34
2024/11/08 07:30:00,632.00,580.29
2024/11/08 07:30:00,633.00,580.75
2024/11/08 07:30:00,634.00,583.12
2024/11/08 07:30:00,635.00,586.46
2024/11/08 07:30:00,636.00,586.72
2024/11/08 07:30:00,637.00,587.40
2024/11/08 07:30:00,638.00,587.72
2024/11/08 07:30:00,639.00,587.84
2024/11/08 07:30:00,640.00,586.97
2024/11/08 07:30:00,641.00,586.84
2024/11/08 07:30:00,642.00,588.18
2024/11/08 07:30:00,643.00,588.43
2024/11/08 07:30:00,644.00,587.16
2024/11/08 07:30:00,645.00,586.79
2024/11/08 07:30:00,646.00,585.71
2024/11/08 07:30:00,647.00,583.24
2024/11/08 07:30:00,648.00,582.67
2024/11/08 07:30:00,649.00,583.04
2024/11/08 07:30:00,650.00,582.28
2024/11/08 07:30:00,651.00,581.99
2024/11/08 07:30:00,652.00,579.61
2024/11/08 07:30:00,653.00,572.02
2024/11/08 07:30:00,654.00,564.55
2024/11/08 07:30:00,655.00,559.70
2024/11/08 07:30:00,656.00,556.83
2024/11/08 07:30:00,657.00,556.10
2024/11/08 07:30:00,658.00,560.63
2024/11/08 07:30:00,659.00,566.16
2024/11/08 07:30:00,660.00,570.21
2024/11/08 07:30:00,661.00,571.93
2024/11/08 07:30:00,662.00,575.52
2024/11/08 07:30:00,663.00,578.57
2024/11/08 07:30:00,664.00,580.72
2024/11/08 07:30:00,665.00,582.43
2024/11/08 07:30:00,666.00,586.00
2024/11/08 07:30:00,667.00,586.94
2024/11/08 07:30:00,668.00,587.17
2024/11/08 07:30:00,669.00,585.95
2024/11/08 07:30:00,670.00,584.83
2024/11/08 07:30:00,671.00,582.66
2024/11/08 07:30:00,672.00,580.84
2024/11/08 07:30:00,673.00,580.20
2024/11/08 07:30:00,674.00,582.01
2024/11/08 07:30:00,675.00,581.89
2024/11/08 07:30:00,676.00,581.79
2024/11/08 07:30:00,677.00,582.94
2024/11/08 07:30:00,678.00,583.23
2024/11/08 07:30:00,679.00,580.88
2024/11/08 07:30:00,680.00,579.98
2024/11/08 07:30:00,681.00,579.15
2024/11/08 07:30:00,682.00,576.04
2024/11/08 07:30:00,683.00,567.52
2024/11/08 07:30:00,684.00,555.84
2024/11/08 07:30:00,685.00,540.57
2024/11/08 07:30:00,686.00,524.14
2024/11/08 07:30:00,687.00,509.29
2024/11/08 07:30:00,688.00,500.65
2024/11/08 07:30:00,689.00,498.07
2024/11/08 07:30:00,690.00,501.93
2024/11/08 07:30:00,691.00,509.23
2024/11/08 07:30:00,692.00,517.40
2024/11/08 07:30:00,693.00,524.02
2024/11/08 07:30:00,694.00,530.49
2024/11/08 07:30:00,695.00,536.24
2024/11/08 07:30:00,696.00,538.58
2024/11/08 07:30:00,697.00,540.55
2024/11/08 07:30:00,698.00,542.61
2024/11/08 07:30:00,699.00,543.79
2024/11/08 07:30:00,700.00,543.48
2024/11/08 07:30:00,701.00,543.59
2024/11/08 07:30:00,702.00,545.63
2024/11/08 07:30:00,703.00,546.45
2024/11/08 07:30:00,704.00,546.16
2024/11/08 07:30:00,705.00,547.48
2024/11/08 07:30:00,706.00,548.88
2024/11/08 07:30:00,707.00,547.59
2024/11/08 07:30:00,708.00,548.54
2024/11/08 07:30:00,709.00,550.18
2024/11/08 07:30:00,710.00,548.27
2024/11/08 07:30:00,711.00,546.22
2024/11/08 07:30:00,712.00,545.38
2024/11/08 07:30:00,713.00,543.58
2024/11/08 07:30:00,714.00,539.22
2024/11/08 07:30:00,715.00,532.65
2024/11/08 07:30:00,716.00,525.13
2024/11/08 07:30:00,717.00,516.68
2024/11/08 07:30:00,718.00,506.97
2024/11/08 07:30:00,719.00,502.33
2024/11/08 07:30:00,720.00,500.59
2024/11/08 07:30:00,721.00,497.45
2024/11/08 07:30:00,722.00,497.66
2024/11/08 07:30:00,723.00,498.05
2024/11/08 07:30:00,724.00,496.27
2024/11/08 07:30:00,725.00,496.25
2024/11/08 07:30:00,726.00,498.50
2024/11/08 07:30:00,727.00,499.28
2024/11/08 07:30:00,728.00,498.88
2024/11/08 07:30:00,729.00,498.78
2024/11/08 07:30:00,730.00,501.00
2024/11/08 07:30:00,731.00,502.96
2024/11/08 07:30:00,732.00,504.32
2024/11/08 07:30:00,733.00,508.54
2024/11/08 07:30:00,734.00,512.35
2024/11/08 07:30:00,735.00,511.45
2024/11/08 07:30:00,736.00,511.84
2024/11/08 07:30:00,737.00,513.66
2024/11/08 07:30:00,738.00,512.12
2024/11/08 07:30:00,739.00,510.41
2024/11/08 07:30:00,740.00,511.03
2024/11/08 07:30:00,741.00,510.28
2024/11/08 07:30:00,742.00,509.64
2024/11/08 07:30:00,743.00,509.15
2024/11/08 07:30:00,744.00,509.14
2024/11/08 07:30:00,745.00,508.42
2024/11/08 07:30:00,746.00,507.07
2024/11/08 07:30:00,747.00,507.19
2024/11/08 07:30:00,748.00,507.60
2024/11/08 07:30:00,749.00,506.94
2024/11/08 07:30:00,750.00,508.07
2024/11/08 07:30:00,751.00,508.78
2024/11/08 07:30:00,752.00,505.79
2024/11/08 07:30:00,753.00,502.92
2024/11/08 07:30:00,754.00,501.14
2024/11/08 07:30:00,755.00,495.03
2024/11/08 07:30:00,756.00,483.20
2024/11/08 07:30:00,757.00,456.70
2024/11/08 07:30:00,758.00,421.50
2024/11/08 07:30:00,759.00,383.63
2024/11/08 07:30:00,760.00,345.03
2024/11/08 07:30:00,761.00,314.31
2024/11/08 07:30:00,762.00,300.24
2024/11/08 07:30:00,763.00,300.61
2024/11/08 07:30:00,764.00,308.56
2024/11/08 07:30:00,765.00,325.85
2024/11/08 07:30:00,766.00,345.94
2024/11/08 07:30:00,767.00,369.10
2024/11/08 07:30:00,768.00,391.90
2024/11/08 07:30:00,769.00,409.26
2024/11/08 07:30:00,770.00,424.91
2024/11/08 07:30:00,771.00,441.07
2024/11/08 07:30:00,772.00,450.58
2024/11/08 07:30:00,773.00,459.24
2024/11/08 07:30:00,774.00,466.13
2024/11/08 07:30:00,775.00,470.63
2024/11/08 07:30:00,776.00,473.10
2024/11/08 07:30:00,777.00,473.73
2024/11/08 07:30:00,778.00,473.82
2024/11/08 07:30:00,779.00,473.10
2024/11/08 07:30:00,780.00,470.61
2024/11/08 07:30:00,781.00,467.85
2024/11/08 07:30:00,782.00,470.28
2024/11/08 07:30:00,783.00,470.04
2024/11/08 07:30:00,784.00,468.35
2024/11/08 07:30:00,785.00,469.56
2024/11/08 07:30:00,786.00,469.70
2024/11/08 07:30:00,787.00,467.71
2024/11/08 07:30:00,788.00,467.74
2024/11/08 07:30:00,789.00,469.03
2024/11/08 07:30:00,790.00,467.00
2024/11/08 07:30:00,791.00,464.42
2024/11/08 07:30:00,792.00,465.14
2024/11/08 07:30:00,793.00,463.52
2024/11/08 07:30:00,794.00,460.66
2024/11/08 07:30:00,795.00,460.97
2024/11/08 07:30:00,796.00,462.15
2024/11/08 07:30:00,797.00,457.28
2024/11/08 07:30:00,798.00,455.49
2024/11/08 07:30:00,799.00,456.88
2024/11/08 07:30:00,800.00,454.46
2024/11/08 07:30:00,801.00,452.70
2024/11/08 07:30:00,802.00,454.06
2024/11/08 07:30:00,803.00,455.02
2024/11/08 07:30:00,804.00,455.22
2024/11/08 07:30:00,805.00,456.70
2024/11/08 07:30:00,806.00,459.73
2024/11/08 07:30:00,807.00,458.67
2024/11/08 07:30:00,808.00,457.72
2024/11/08 07:30:00,809.00,457.51
2024/11/08 07:30:00,810.00,456.89
2024/11/08 07:30:00,811.00,452.14
2024/11/08 07:30:00,812.00,448.23
2024/11/08 07:30:00,813.00,446.37
2024/11/08 07:30:00,814.00,438.27
2024/11/08 07:30:00,815.00,434.09
2024/11/08 07:30:00,816.00,431.46
2024/11/08 07:30:00,817.00,429.55
2024/11/08 07:30:00,818.00,423.93
2024/11/08 07:30:00,819.00,425.62
2024/11/08 07:30:00,820.00,424.20
2024/11/08 07:30:00,821.00,422.46
2024/11/08 07:30:00,822.00,425.26
2024/11/08 07:30:00,823.00,430.45
2024/11/08 07:30:00,824.00,432.44
2024/11/08 07:30:00,825.00,434.31
2024/11/08 07:30:00,826.00,437.28
2024/11/08 07:30:00,827.00,434.55
2024/11/08 07:30:00,828.00,430.70
2024/11/08 07:30:00,829.00,429.68
2024/11/08 07:30:00,830.00,427.36
2024/11/08 07:30:00,831.00,423.67
2024/11/08 07:30:00,832.00,422.83
2024/11/08 07:30:00,833.00,422.21
2024/11/08 07:30:00,834.00,421.73
2024/11/08 07:30:00,835.00,419.66
2024/11/08 07:30:00,836.00,420.90
2024/11/08 07:30:00,837.00,422.38
2024/11/08 07:30:00,838.00,419.48
2024/11/08 07:30:00,839.00,420.25
2024/11/08 07:30:00,840.00,422.38
2024/11/08 07:30:00,841.00,420.20
2024/11/08 07:30:00,842.00,418.29
2024/11/08 07:30:00,843.00,420.61
2024/11/08 07:30:00,844.00,417.15
2024/11/08 07:30:00,845.00,414.52
2024/11/08 07:30:00,846.00,412.63
2024/11/08 07:30:00,847.00,407.69
2024/11/08 07:30:00,848.00,403.73
2024/11/08 07:30:00,849.00,401.62
2024/11/08 07:30:00,850.00,399.33
2024/11/08 07:30:00,851.00,396.38
2024/11/08 07:30:00,852.00,391.91
2024/11/08 07:30:00,853.00,390.07
2024/11/08 07:30:00,854.00,389.47
2024/11/08 07:30:00,855.00,387.39
2024/11/08 07:30:00,856.00,389.89
2024/11/08 07:30:00,857.00,394.85
2024/11/08 07:30:00,858.00,394.49
2024/11/08 07:30:00,859.00,395.39
2024/11/08 07:30:00,860.00,398.45
2024/11/08 07:30:00,861.00,398.37
2024/11/08 07:30:00,862.00,397.69
2024/11/08 07:30:00,863.00,396.02
2024/11/08 07:30:00,864.00,391.76
2024/11/08 07:30:00,865.00,388.49
2024/11/08 07:30:00,866.00,384.78
2024/11/08 07:30:00,867.00,384.72
2024/11/08 07:30:00,868.00,386.42
2024/11/08 07:30:00,869.00,386.75
2024/11/08 07:30:00,870.00,387.63
2024/11/08 07:30:00,871.00,389.46
2024/11/08 07:30:00,872.00,387.14
2024/11/08 07:30:00,873.00,388.07
2024/11/08 07:30:00,874.00,389.40
2024/11/08 07:30:00,875.00,387.82
2024/11/08 07:30:00,876.00,386.62
2024/11/08 07:30:00,877.00,385.36
2024/11/08 07:30:00,878.00,383.72
2024/11/08 07:30:00,879.00,382.16
2024/11/08 07:30:00,880.00,381.85
2024/11/08 07:30:00,881.00,382.17
2024/11/08 07:30:00,882.00,382.10
2024/11/08 07:30:00,883.00,381.55
2024/11/08 07:30:00,884.00,381.69
2024/11/08 07:30:00,885.00,380.35
2024/11/08 07:30:00,886.00,379.09
2024/11/08 07:30:00,887.00,379.60
2024/11/08 07:30:00,888.00,377.93
2024/11/08 07:30:00,889.00,376.68
2024/11/08 07:30:00,890.00,376.58
2024/11/08 07:30:00,891.00,373.96
2024/11/08 07:30:00,892.00,369.82
2024/11/08 07:30:00,893.00,366.02
2024/11/08 07:30:00,894.00,360.78
2024/11/08 07:30:00,895.00,354.74
2024/11/08 07:30:00,896.00,347.98
2024/11/08 07:30:00,897.00,341.24
2024/11/08 07:30:00,898.00,335.60
2024/11/08 07:30:00,899.00,328.80
2024/11/08 07:30:00,900.00,326.14
2024/11/08 07:30:00,901.00,327.43
2024/11/08 07:30:00,902.00,328.27
2024/11/08 07:30:00,903.00,330.58
2024/11/08 07:30:00,904.00,333.56
2024/11/08 07:30:00,905.00,331.83
2024/11/08 07:30:00,906.00,328.71
2024/11/08 07:30:00,907.00,325.79
2024/11/08 07:30:00,908.00,322.56
2024/11/08 07:30:00,909.00,319.79
2024/11/08 07:30:00,910.00,318.32
2024/11/08 07:30:00,911.00,317.46
2024/11/08 07:30:00,912.00,315.66
2024/11/08 07:30:00,913.00,313.68
2024/11/08 07:30:00,914.00,313.59
2024/11/08 07:30:00,915.00,313.23
2024/11/08 07:30:00,916.00,313.22
2024/11/08 07:30:00,917.00,316.52
2024/11/08 07:30:00,918.00,318.39
2024/11/08 07:30:00,919.00,318.88
2024/11/08 07:30:00,920.00,320.58
2024/11/08 07:30:00,921.00,320.43
2024/11/08 07:30:00,922.00,318.83
2024/11/08 07:30:00,923.00,319.52
2024/11/08 07:30:00,924.00,318.26
2024/11/08 07:30:00,925.00,316.30
2024/11/08 07:30:00,926.00,312.18
2024/11/08 07:30:00,927.00,304.80
2024/11/08 07:30:00,928.00,294.88
2024/11/08 07:30:00,929.00,281.19
2024/11/08 07:30:00,930.00,264.97
2024/11/08 07:30:00,931.00,248.42
2024/11/08 07:30:00,932.00,231.71
2024/11/08 07:30:00,933.00,218.03
2024/11/08 07:30:00,934.00,208.68
2024/11/08 07:30:00,935.00,201.36
2024/11/08 07:30:00,936.00,200.26
2024/11/08 07:30:00,937.00,203.06
2024/11/08 07:30:00,938.00,206.31
2024/11/08 07:30:00,939.00,210.85
2024/11/08 07:30:00,940.00,214.45
2024/11/08 07:30:00,941.00,215.99
2024/11/08 07:30:00,942.00,215.04
2024/11/08 07:30:00,943.00,212.62
2024/11/08 07:30:00,944.00,211.79
2024/11/08 07:30:00,945.00,212.18
2024/11/08 07:30:00,946.00,211.12
2024/11/08 07:30:00,947.00,213.65
2024/11/08 07:30:00,948.00,215.40
2024/11/08 07:30:00,949.00,215.01
2024/11/08 07:30:00,950.00,217.53
2024/11/08 07:30:00,951.00,219.37
2024/11/08 07:30:00,952.00,220.39
2024/11/08 07:30:00,953.00,221.37
2024/11/08 07:30:00,954.00,223.48
2024/11/08 07:30:00,955.00,224.28
2024/11/08 07:30:00,956.00,225.33
2024/11/08 07:30:00,957.00,227.86
2024/11/08 07:30:00,958.00,231.89
2024/11/08 07:30:00,959.00,233.92
2024/11/08 07:30:00,960.00,238.30
2024/11/08 07:30:00,961.00,243.08
2024/11/08 07:30:00,962.00,245.20
2024/11/08 07:30:00,963.00,248.52
2024/11/08 07:30:00,964.00,253.98
2024/11/08 07:30:00,965.00,256.94
2024/11/08 07:30:00,966.00,262.65
2024/11/08 07:30:00,967.00,269.48
2024/11/08 07:30:00,968.00,275.27
2024/11/08 07:30:00,969.00,279.46
2024/11/08 07:30:00,970.00,282.57
2024/11/08 07:30:00,971.00,283.86
2024/11/08 07:30:00,972.00,282.86
2024/11/08 07:30:00,973.00,281.04
2024/11/08 07:30:00,974.00,281.23
2024/11/08 07:30:00,975.00,281.15
2024/11/08 07:30:00,976.00,280.54
2024/11/08 07:30:00,977.00,283.19
2024/11/08 07:30:00,978.00,284.54
2024/11/08 07:30:00,979.00,285.82
2024/11/08 07:30:00,980.00,289.24
2024/11/08 07:30:00,981.00,291.04
2024/11/08 07:30:00,982.00,291.97
2024/11/08 07:30:00,983.00,293.30
2024/11/08 07:30:00,984.00,294.14
2024/11/08 07:30:00,985.00,294.78
2024/11/08 07:30:00,986.00,295.24
2024/11/08 07:30:00,987.00,297.44
2024/11/08 07:30:00,988.00,299.55
2024/11/08 07:30:00,989.00,299.77
2024/11/08 07:30:00,990.00,301.11
2024/11/08 07:30:00,991.00,302.23
2024/11/08 07:30:00,992.00,300.53
2024/11/08 07:30:00,993.00,300.27
2024/11/08 07:30:00,994.00,300.85
2024/11/08 07:30:00,995.00,299.31
2024/11/08 07:30:00,996.00,298.56
2024/11/08 07:30:00,997.00,299.37
2024/11/08 07:30:00,998.00,297.95
2024/11/08 07:30:00,999.00,297.41
2024/11/08 07:30:00,1000.00,297.00
2024/11/08 07:30:00,1001.00,295.65
2024/11/08 07:30:00,1002.00,293.28
2024/11/08 07:30:00,1003.00,292.43
2024/11/08 07:30:00,1004.00,291.33
2024/11/08 07:30:00,1005.00,289.22
2024/11/08 07:30:00,1006.00,289.08
2024/11/08 07:30:00,1007.00,290.69
2024/11/08 07:30:00,1008.00,289.87
2024/11/08 07:30:00,1009.00,290.93
2024/11/08 07:30:00,1010.00,292.25
2024/11/08 07:30:00,1011.00,291.56
2024/11/08 07:30:00,1012.00,290.18
2024/11/08 07:30:00,1013.00,289.40
2024/11/08 07:30:00,1014.00,288.20
2024/11/08 07:30:00,1015.00,285.77
2024/11/08 07:30:00,1016.00,285.26
2024/11/08 07:30:00,1017.00,286.49
2024/11/08 07:30:00,1018.00,285.85
2024/11/08 07:30:00,1019.00,285.50
2024/11/08 07:30:00,1020.00,288.23
2024/11/08 07:30:00,1021.00,287.61
2024/11/08 07:30:00,1022.00,286.80
2024/11/08 07:30:00,1023.00,287.29
2024/11/08 07:30:00,1024.00,285.92
2024/11/08 07:30:00,1025.00,282.42
2024/11/08 07:30:00,1026.00,281.04
2024/11/08 07:30:00,1027.00,279.50
2024/11/08 07:30:00,1028.00,278.78
2024/11/08 07:30:00,1029.00,277.94
2024/11/08 07:30:00,1030.00,278.43
2024/11/08 07:30:00,1031.00,277.22
2024/11/08 07:30:00,1032.00,275.66
2024/11/08 07:30:00,1033.00,275.96
2024/11/08 07:30:00,1034.00,277.04
2024/11/08 07:30:00,1035.00,276.16
2024/11/08 07:30:00,1036.00,276.79
2024/11/08 07:30:00,1037.00,277.24
2024/11/08 07:30:00,1038.00,274.87
2024/11/08 07:30:00,1039.00,274.06
2024/11/08 07:30:00,1040.00,274.38
2024/11/08 07:30:00,1041.00,271.72
2024/11/08 07:30:00,1042.00,270.43
2024/11/08 07:30:00,1043.00,270.92
2024/11/08 07:30:00,1044.00,269.42
2024/11/08 07:30:00,1045.00,268.13
2024/11/08 07:30:00,1046.00,269.21
2024/11/08 07:30:00,1047.00,270.29
2024/11/08 07:30:00,1048.00,267.17
2024/11/08 07:30:00,1049.00,267.23
2024/11/08 07:30:00,1050.00,269.69
2024/11/08 07:30:00,1051.00,269.68
2024/11/08 07:30:00,1052.00,268.03
2024/11/08 07:30:00,1053.00,270.59
2024/11/08 07:30:00,1054.00,267.79
2024/11/08 07:30:00,1055.00,265.65
2024/11/08 07:30:00,1056.00,266.48
2024/11/08 07:30:00,1057.00,263.12
2024/11/08 07:30:00,1058.00,258.56
2024/11/08 07:30:00,1059.00,257.86
2024/11/08 07:30:00,1060.00,256.64
2024/11/08 07:30:00,1061.00,255.21
2024/11/08 07:30:00,1062.00,257.93
2024/11/08 07:30:00,1063.00,260.31
2024/11/08 07:30:00,1064.00,255.79
2024/11/08 07:30:00,1065.00,254.11
2024/11/08 07:30:00,1066.00,254.70
2024/11/08 07:30:00,1067.00,249.92
2024/11/08 07:30:00,1068.00,250.46
2024/11/08 07:30:00,1069.00,254.47
2024/11/08 07:30:00,1070.00,252.82
2024/11/08 07:30:00,1071.00,252.65
2024/11/08 07:30:00,1072.00,254.65
2024/11/08 07:30:00,1073.00,253.75
2024/11/08 07:30:00,1074.00,249.17
2024/11/08 07:30:00,1075.00,248.45
2024/11/08 07:30:00,1076.00,248.23
2024/11/08 07:30:00,1077.00,245.91
2024/11/08 07:30:00,1078.00,248.28
2024/11/08 07:30:00,1079.00,254.93
2024/11/08 07:30:00,1080.00,251.42
2024/11/08 07:30:00,1081.00,253.08
2024/11/08 07:30:00,1082.00,256.01
2024/11/08 07:30:00,1083.00,249.53
2024/11/08 07:30:00,1084.00,246.50
2024/11/08 07:30:00,1085.00,249.18
2024/11/08 07:30:00,1086.00,247.09
2024/11/08 07:30:00,1087.00,244.02
2024/11/08 07:30:00,1088.00,245.89
2024/11/08 07:30:00,1089.00,248.62
2024/11/08 07:30:00,1090.00,244.98
2024/11/08 07:30:00,1091.00,240.09
2024/11/08 07:30:00,1092.00,246.57
2024/11/08 07:30:00,1093.00,244.32
2024/11/08 07:30:00,1094.00,245.63
2024/11/08 07:30:00,1095.00,251.58
2024/11/08 07:30:00,1096.00,247.59
2024/11/08 07:30:00,1097.00,243.98
2024/11/08 07:30:00,1098.00,246.44
2024/11/08 07:30:00,1099.00,241.00
2024/11/08 07:30:00,1100.00,236.63
2024/11/08 07:31:00,Wavelength(nm),Irradiance(W/m2/um)
2024/11/08 07:31:00,300.00,8.64
2024/11/08 07:31:00,301.00,9.05
2024/11/08 07:31:00,302.00,9.88
2024/11/08 07:31:00,303.00,11.48
2024/11/08 07:31:00,304.00,12.77
2024/11/08 07:31:00,305.00,14.34
2024/11/08 07:31:00,306.00,16.37
2024/11/08 07:31:00,307.00,19.00
2024/11/08 07:31:00,308.00,22.19
2024/11/08 07:31:00,309.00,25.98
2024/11/08 07:31:00,310.00,30.77
2024/11/08 07:31:00,311.00,35.94
2024/11/08 07:31:00,312.00,41.33
2024/11/08 07:31:00,313.00,47.67
2024/11/08 07:31:00,314.00,54.69
2024/11/08 07:31:00,315.00,61.53
2024/11/08 07:31:00,316.00,69.07
2024/11/08 07:31:00,317.00,77.17
2024/11/08 07:31:00,318.00,84.48
2024/11/08 07:31:00,319.00,91.29
2024/11/08 07:31:00,320.00,98.45
2024/11/08 07:31:00,321.00,106.13
2024/11/08 07:31:00,322.00,114.48
2024/11/08 07:31:00,323.00,124.44
2024/11/08 07:31:00,324.00,135.73
2024/11/08 07:31:00,325.00,147.60
2024/11/08 07:31:00,326.00,159.85
2024/11/08 07:31:00,327.00,171.50
2024/11/08 07:31:00,328.00,181.30
2024/11/08 07:31:00,329.00,189.08
2024/11/08 07:31:00,330.00,195.23
2024/11/08 07:31:00,331.00,199.95
2024/11/08 07:31:00,332.00,203.10
2024/11/08 07:31:00,333.00,203.98
2024/11/08 07:31:00,334.00,204.50
2024/11/08 07:31:00,335.00,205.23
2024/11/08 07:31:00,336.00,206.46
2024/11/08 07:31:00,337.00,208.27
2024/11/08 07:31:00,338.00,212.12
2024/11/08 07:31:00,339.00,217.07
2024/11/08 07:31:00,340.00,221.24
2024/11/08 07:31:00,341.00,223.06
2024/11/08 07:31:00,342.00,224.21
2024/11/08 07:31:00,343.00,225.20
2024/11/08 07:31:00,344.00,225.09
2024/11/08 07:31:00,345.00,225.00
2024/11/08 07:31:00,346.00,226.41
2024/11/08 07:31:00,347.00,228.90
2024/11/08 07:31:00,348.00,232.18
2024/11/08 07:31:00,349.00,235.48
2024/11/08 07:31:00,350.00,239.63
2024/11/08 07:31:00,351.00,245.42
2024/11/08 07:31:00,352.00,250.79
2024/11/08 07:31:00,353.00,254.08
2024/11/08 07:31:00,354.00,254.46
2024/11/08 07:31:00,355.00,251.15
2024/11/08 07:31:00,356.00,246.90
2024/11/08 07:31:00,357.00,243.35
2024/11/08 07:31:00,358.00,239.88
2024/11/08 07:31:00,359.00,240.08
2024/11/08 07:31:00,360.00,245.52
2024/11/08 07:31:00,361.00,251.39
2024/11/08 07:31:00,362.00,258.36
2024/11/08 07:31:00,363.00,269.54
2024/11/08 07:31:00,364.00,282.11
2024/11/08 07:31:00,365.00,292.02
2024/11/08 07:31:00,366.00,300.66
2024/11/08 07:31:00,367.00,307.86
2024/11/08 07:31:00,368.00,311.26
2024/11/08 07:31:00,369.00,310.48
2024/11/08 07:31:00,370.00,306.34
2024/11/08 07:31:00,371.00,299.10
2024/11/08 07:31:00,372.00,291.25
2024/11/08 07:31:00,373.00,286.12
2024/11/08 07:31:00,374.00,286.80
2024/11/08 07:31:00,375.00,294.84
2024/11/08 07:31:00,376.00,305.47
2024/11/08 07:31:00,377.00,315.68
2024/11/08 07:31:00,378.00,322.98
2024/11/08 07:31:00,379.00,321.38
2024/11/08 07:31:00,380.00,308.36
2024/11/08 07:31:00,381.00,293.37
2024/11/08 07:31:00,382.00,281.45
2024/11/08 07:31:00,383.00,272.26
2024/11/08 07:31:00,384.00,268.54
2024/11/08 07:31:00,385.00,273.53
2024/11/08 07:31:00,386.00,282.94
2024/11/08 07:31:00,387.00,294.32
2024/11/08 07:31:00,388.00,307.47
2024/11/08 07:31:00,389.00,318.81
2024/11/08 07:31:00,390.00,320.76
2024/11/08 07:31:00,391.00,315.47
2024/11/08 07:31:00,392.00,311.06
2024/11/08 07:31:00,393.00,303.66
2024/11/08 07:31:00,394.00,294.61
2024/11/08 07:31:00,395.00,299.32
2024/11/08 07:31:00,396.00,321.72
2024/11/08 07:31:00,397.00,348.48
2024/11/08 07:31:00,398.00,379.97
2024/11/08 07:31:00,399.00,418.27
2024/11/08 07:31:00,400.00,452.77
2024/11/08 07:31:00,401.00,474.53
2024/11/08 07:31:00,402.00,486.72
2024/11/08 07:31:00,403.00,489.85
2024/11/08 07:31:00,404.00,487.65
2024/11/08 07:31:00,405.00,485.46
2024/11/08 07:31:00,406.00,485.45
2024/11/08 07:31:00,407.00,486.06
2024/11/08 07:31:00,408.00,488.75
2024/11/08 07:31:00,409.00,495.30
2024/11/08 07:31:00,410.00,502.47
2024/11/08 07:31:00,411.00,508.34
2024/11/08 07:31:00,412.00,514.65
2024/11/08 07:31:00,413.00,522.09
2024/11/08 07:31:00,414.00,526.96
2024/11/08 07:31:00,415.00,528.52
2024/11/08 07:31:00,416.00,528.54
2024/11/08 07:31:00,417.00,528.20
2024/11/08 07:31:00,418.00,528.24
2024/11/08 07:31:00,419.00,528.54
2024/11/08 07:31:00,420.00,528.73
2024/11/08 07:31:00,421.00,530.17
2024/11/08 07:31:00,422.00,531.41
2024/11/08 07:31:00,423.00,531.33
2024/11/08 07:31:00,424.00,529.33
2024/11/08 07:31:00,425.00,527.34
2024/11/08 07:31:00,426.00,523.12
2024/11/08 07:31:00,427.00,512.64
2024/11/08 07:31:00,428.00,499.21
2024/11/08 07:31:00,429.00,490.84
2024/11/08 07:31:00,430.00,490.50
2024/11/08 07:31:00,431.00,495.84
2024/11/08 07:31:00,432.00,509.65
2024/11/08 07:31:00,433.00,530.59
2024/11/08 07:31:00,434.00,551.14
2024/11/08 07:31:00,435.00,561.86
2024/11/08 07:31:00,436.00,567.30
2024/11/08 07:31:00,437.00,571.08
2024/11/08 07:31:00,438.00,574.39
2024/11/08 07:31:00,439.00,578.80
2024/11/08 07:31:00,440.00,587.48
2024/11/08 07:31:00,441.00,600.25
2024/11/08 07:31:00,442.00,612.63
2024/11/08 07:31:00,443.00,621.22
2024/11/08 07:31:00,444.00,627.24
2024/11/08 07:31:00,445.00,632.84
2024/11/08 07:31:00,446.00,638.47
2024/11/08 07:31:00,447.00,647.39
2024/11/08 07:31:00,448.00,659.04
2024/11/08 07:31:00,449.00,670.15
2024/11/08 07:31:00,450.00,675.93
2024/11/08 07:31:00,451.00,677.04
2024/11/08 07:31:00,452.00,676.32
2024/11/08 07:31:00,453.00,675.79
2024/11/08 07:31:00,454.00,676.03
2024/11/08 07:31:00,455.00,678.68
2024/11/08 07:31:00,456.00,684.25
2024/11/08 07:31:00,457.00,688.97
2024/11/08 07:31:00,458.00,691.76
2024/11/08 07:31:00,459.00,695.02
2024/11/08 07:31:00,460.00,698.79
2024/11/08 07:31:00,461.00,701.75
2024/11/08 07:31:00,462.00,704.06
2024/11/08 07:31:00,463.00,704.13
2024/11/08 07:31:00,464.00,701.84
2024/11/08 07:31:00,465.00,696.86
2024/11/08 07:31:00,466.00,693.86
2024/11/08 07:31:00,467.00,691.49
2024/11/08 07:31:00,468.00,690.71
2024/11/08 07:31:00,469.00,690.66
2024/11/08 07:31:00,470.00,692.70
2024/11/08 07:31:00,471.00,695.21
2024/11/08 07:31:00,472.00,696.68
2024/11/08 07:31:00,473.00,697.54
2024/11/08 07:31:00,474.00,698.45
2024/11/08 07:31:00,475.00,699.66
2024/11/08 07:31:00,476.00,700.11
2024/11/08 07:31:00,477.00,703.61
2024/11/08 07:31:00,478.00,707.58
2024/11/08 07:31:00,479.00,711.31
2024/11/08 07:31:00,480.00,715.24
2024/11/08 07:31:00,481.00,715.71
2024/11/08 07:31:00,482.00,710.36
2024/11/08 07:31:00,483.00,699.55
2024/11/08 07:31:00,484.00,683.95
2024/11/08 07:31:00,485.00,670.52
2024/11/08 07:31:00,486.00,662.58
2024/11/08 07:31:00,487.00,659.99
2024/11/08 07:31:00,488.00,664.34
2024/11/08 07:31:00,489.00,673.22
2024/11/08 07:31:00,490.00,679.09
2024/11/08 07:31:00,491.00,683.50
2024/11/08 07:31:00,492.00,687.41
2024/11/08 07:31:00,493.00,690.85
2024/11/08 07:31:00,494.00,693.41
2024/11/08 07:31:00,495.00,696.80
2024/11/08 07:31:00,496.00,697.36
2024/11/08 07:31:00,497.00,694.36
2024/11/08 07:31:00,498.00,689.45
2024/11/08 07:31:00,499.00,682.27
2024/11/08 07:31:00,500.00,675.68
2024/11/08 07:31:00,501.00,671.29
2024/11/08 07:31:00,502.00,669.92
2024/11/08 07:31:00,503.00,671.49
2024/11/08 07:31:00,504.00,675.61
2024/11/08 07:31:00,505.00,678.61
2024/11/08 07:31:00,506.00,681.14
2024/11/08 07:31:00,507.00,683.35
2024/11/08 07:31:00,508.00,683.54
2024/11/08 07:31:00,509.00,683.62
2024/11/08 07:31:00,510.00,683.55
2024/11/08 07:31:00,511.00,681.63
2024/11/08 07:31:00,512.00,677.37
2024/11/08 07:31:00,513.00,671.50
2024/11/08 07:31:00,514.00,661.64
2024/11/08 07:31:00,515.00,648.16
2024/11/08 07:31:00,516.00,638.83
2024/11/08 07:31:00,517.00,633.28
2024/11/08 07:31:00,518.00,631.07
2024/11/08 07:31:00,519.00,634.10
2024/11/08 07:31:00,520.00,643.17
2024/11/08 07:31:00,521.00,651.16
2024/11/08 07:31:00,522.00,657.77
2024/11/08 07:31:00,523.00,660.52
2024/11/08 07:31:00,524.00,659.58
2024/11/08 07:31:00,525.00,658.33
2024/11/08 07:31:00,526.00,657.87
2024/11/08 07:31:00,527.00,658.12
2024/11/08 07:31:00,528.00,661.78
2024/11/08 07:31:00,529.00,665.44
2024/11/08 07:31:00,530.00,667.24
2024/11/08 07:31:00,531.00,669.47
2024/11/08 07:31:00,532.00,670.10
2024/11/08 07:31:00,533.00,669.08
2024/11/08 07:31:00,534.00,668.82
2024/11/08 07:31:00,535.00,670.19
2024/11/08 07:31:00,536.00,669.27
2024/11/08 07:31:00,537.00,666.68
2024/11/08 07:31:00,538.00,663.86
2024/11/08 07:31:00,539.00,661.36
2024/11/08 07:31:00,540.00,658.38
2024/11/08 07:31:00,541.00,656.97
2024/11/08 07:31:00,542.00,656.99
2024/11/08 07:31:00,543.00,657.35
2024/11/08 07:31:00,544.00,658.35
2024/11/08 07:31:00,545.00,659.21
2024/11/08 07:31:00,546.00,660.63
2024/11/08 07:31:00,547.00,660.51
2024/11/08 07:31:00,548.00,659.45
2024/11/08 07:31:00,549.00,659.74
2024/11/08 07:31:00,550.00,659.72
2024/11/08 07:31:00,551.00,658.61
2024/11/08 07:31:00,552.00,660.62
2024/11/08 07:31:00,553.00,662.31
2024/11/08 07:31:00,554.00,660.40
2024/11/08 07:31:00,555.00,658.27
2024/11/08 07:31:00,556.00,655.32
2024/11/08 07:31:00,557.00,650.20
2024/11/08 07:31:00,558.00,644.86
2024/11/08 07:31:00,559.00,642.07
2024/11/08 07:31:00,560.00,641.57
2024/11/08 07:31:00,561.00,640.99
2024/11/08 07:31:00,562.00,640.06
2024/11/08 07:31:00,563.00,639.90
2024/11/08 07:31:00,564.00,639.79
2024/11/08 07:31:00,565.00,638.03
2024/11/08 07:31:00,566.00,635.50
2024/11/08 07:31:00,567.00,634.09
2024/11/08 07:31:00,568.00,631.20
2024/11/08 07:31:00,569.00,628.34
2024/11/08 07:31:00,570.00,627.70
2024/11/08 07:31:00,571.00,629.06
2024/11/08 07:31:00,572.00,627.93
2024/11/08 07:31:00,573.00,627.48
2024/11/08 07:31:00,574.00,628.61
2024/11/08 07:31:00,575.00,626.74
2024/11/08 07:31:00,576.00,623.70
2024/11/08 07:31:00,577.00,624.59
2024/11/08 07:31:00,578.00,625.44
2024/11/08 07:31:00,579.00,626.01
2024/11/08 07:31:00,580.00,629.08
2024/11/08 07:31:00,581.00,633.09
2024/11/08 07:31:00,582.00,634.72
2024/11/08 07:31:00,583.00,634.86
2024/11/08 07:31:00,584.00,635.49
2024/11/08 07:31:00,585.00,634.45
2024/11/08 07:31:00,586.00,629.45
2024/11/08 07:31:00,587.00,623.01
2024/11/08 07:31:00,588.00,619.91
2024/11/08 07:31:00,589.00,617.51
2024/11/08 07:31:00,590.00,613.98
2024/11/08 07:31:00,591.00,613.42
2024/11/08 07:31:00,592.00,616.91
2024/11/08 07:31:00,593.00,616.88
2024/11/08 07:31:00,594.00,615.21
2024/11/08 07:31:00,595.00,616.03
2024/11/08 07:31:00,596.00,616.53
2024/11/08 07:31:00,597.00,615.81
2024/11/08 07:31:00,598.00,616.23
2024/11/08 07:31:00,599.00,614.49
2024/11/08 07:31:00,600.00,613.04
2024/11/08 07:31:00,601.00,611.95
2024/11/08 07:31:00,602.00,610.49
2024/11/08 07:31:00,603.00,611.22
2024/11/08 07:31:00,604.00,612.32
2024/11/08 07:31:00,605.00,611.80
2024/11/08 07:31:00,606.00,613.10
2024/11/08 07:31:00,607.00,611.98
2024/11/08 07:31:00,608.00,609.67
2024/11/08 07:31:00,609.00,609.14
2024/11/08 07:31:00,610.00,607.33
2024/11/08 07:31:00,611.00,604.18
2024/11/08 07:31:00,612.00,602.64
2024/11/08 07:31:00,613.00,600.15
2024/11/08 07:31:00,614.00,596.28
2024/11/08 07:31:00,615.00,595.76
2024/11/08 07:31:00,616.00,595.77
2024/11/08 07:31:00,617.00,596.09
2024/11/08 07:31:00,618.00,597.29
2024/11/08 07:31:00,619.00,598.62
2024/11/08 07:31:00,620.00,598.51
2024/11/08 07:31:00,621.00,598.34
2024/11/08 07:31:00,622.00,596.15
2024/11/08 07:31:00,623.00,593.89
2024/11/08 07:31:00,624.00,592.46
2024/11/08 07:31:00,625.00,589.42
2024/11/08 07:31:00,626.00,585.35
2024/11/08 07:31:00,627.00,582.70
2024/11/08 07:31:00,628.00,580.73
2024/11/08 07:31:00,629.00,578.15
2024/11/08 07:31:00,630.00,578.48
2024/11/08 07:31:00,631.00,580.49
2024/11/08 07:31:00,632.00,582.36
2024/11/08 07:31:00,633.00,584.31
2024/11/08 07:31:00,634.00,586.78
2024/11/08 07:31:00,635.00,589.34
2024/11/08 07:31:00,636.00,590.33
2024/11/08 07:31:00,637.00,591.04
2024/11/08 07:31:00,638.00,592.01
2024/11/08 07:31:00,639.00,591.71
2024/11/08 07:31:00,640.00,590.76
2024/11/08 07:31:00,641.00,590.85
2024/11/08 07:31:00,642.00,590.97
2024/11/08 07:31:00,643.00,590.32
2024/11/08 07:31:00,644.00,590.86
2024/11/08 07:31:00,645.00,590.72
2024/11/08 07:31:00,646.00,588.41
2024/11/08 07:31:00,647.00,587.54
2024/11/08 07:31:00,648.00,586.93
2024/11/08 07:31:00,649.00,587.13
2024/11/08 07:31:00,650.00,586.53
2024/11/08 07:31:00,651.00,587.30
2024/11/08 07:31:00,652.00,585.36
2024/11/08 07:31:00,653.00,578.67
2024/11/08 07:31:00,654.00,570.36
2024/11/08 07:31:00,655.00,566.04
2024/11/08 07:31:00,656.00,562.01
2024/11/08 07:31:00,657.00,560.59
2024/11/08 07:31:00,658.00,564.46
2024/11/08 07:31:00,659.00,570.79
2024/11/08 07:31:00,660.00,574.38
2024/11/08 07:31:00,661.00,577.64
2024/11/08 07:31:00,662.00,580.71
2024/11/08 07:31:00,663.00,583.73
2024/11/08 07:31:00,664.00,583.97
2024/11/08 07:31:00,665.00,584.34
2024/11/08 07:31:00,666.00,586.84
2024/11/08 07:31:00,667.00,587.15
2024/11/08 07:31:00,668.00,587.48
2024/11/08 07:31:00,669.00,588.98
2024/11/08 07:31:00,670.00,589.50
2024/11/08 07:31:00,671.00,587.92
2024/11/08 07:31:00,672.00,587.90
2024/11/08 07:31:00,673.00,587.60
2024/11/08 07:31:00,674.00,587.14
2024/11/08 07:31:00,675.00,586.69
2024/11/08 07:31:00,676.00,585.67
2024/11/08 07:31:00,677.00,584.91
2024/11/08 07:31:00,678.00,583.26
2024/11/08 07:31:00,679.00,582.30
2024/11/08 07:31:00,680.00,582.47
2024/11/08 07:31:00,681.00,581.25
2024/11/08 07:31:00,682.00,578.98
2024/11/08 07:31:00,683.00,573.55
2024/11/08 07:31:00,684.00,561.66
2024/11/08 07:31:00,685.00,544.41
2024/11/08 07:31:00,686.00,529.72
2024/11/08 07:31:00,687.00,514.04
2024/11/08 07:31:00,688.00,503.05
2024/11/08 07:31:00,689.00,500.37
2024/11/08 07:31:00,690.00,505.43
2024/11/08 07:31:00,691.00,512.15
2024/11/08 07:31:00,692.00,520.13
2024/11/08 07:31:00,693.00,528.11
2024/11/08 07:31:00,694.00,534.63
2024/11/08 07:31:00,695.00,539.48
2024/11/08 07:31:00,696.00,541.91
2024/11/08 07:31:00,697.00,545.35
2024/11/08 07:31:00,698.00,547.36
2024/11/08 07:31:00,699.00,546.99
2024/11/08 07:31:00,700.00,546.19
2024/11/08 07:31:00,701.00,547.28
2024/11/08 07:31:00,702.00,547.45
2024/11/08 07:31:00,703.00,547.63
2024/11/08 07:31:00,704.00,550.17
2024/11/08 07:31:00,705.00,551.18
2024/11/08 07:31:00,706.00,551.45
2024/11/08 07:31:00,707.00,552.19
2024/11/08 07:31:00,708.00,552.74
2024/11/08 07:31:00,709.00,550.48
2024/11/08 07:31:00,710.00,548.29
2024/11/08 07:31:00,711.00,547.06
2024/11/08 07:31:00,712.00,546.72
2024/11/08 07:31:00,713.00,544.74
2024/11/08 07:31:00,714.00,540.64
2024/11/08 07:31:00,715.00,538.66
2024/11/08 07:31:00,716.00,528.49
2024/11/08 07:31:00,717.00,517.67
2024/11/08 07:31:00,718.00,510.87
2024/11/08 07:31:00,719.00,505.66
2024/11/08 07:31:00,720.00,500.44
2024/11/08 07:31:00,721.00,499.07
2024/11/08 07:31:00,722.00,498.42
2024/11/08 07:31:00,723.00,497.31
2024/11/08 07:31:00,724.00,496.06
2024/11/08 07:31:00,725.00,495.91
2024/11/08 07:31:00,726.00,499.08
2024/11/08 07:31:00,727.00,499.16
2024/11/08 07:31:00,728.00,500.03
2024/11/08 07:31:00,729.00,504.54
2024/11/08 07:31:00,730.00,505.67
2024/11/08 07:31:00,731.00,508.19
2024/11/08 07:31:00,732.00,512.42
2024/11/08 07:31:00,733.00,513.57
2024/11/08 07:31:00,734.00,513.13
2024/11/08 07:31:00,735.00,514.88
2024/11/08 07:31:00,736.00,512.89
2024/11/08 07:31:00,737.00,512.41
2024/11/08 07:31:00,738.00,513.36
2024/11/08 07:31:00,739.00,512.24
2024/11/08 07:31:00,740.00,513.33
2024/11/08 07:31:00,741.00,514.93
2024/11/08 07:31:00,742.00,513.97
2024/11/08 07:31:00,743.00,515.80
2024/11/08 07:31:00,744.00,515.77
2024/11/08 07:31:00,745.00,513.46
2024/11/08 07:31:00,746.00,514.29
2024/11/08 07:31:00,747.00,512.47
2024/11/08 07:31:00,748.00,509.37
2024/11/08 07:31:00,749.00,509.32
2024/11/08 07:31:00,750.00,510.19
2024/11/08 07:31:00,751.00,507.91
2024/11/08 07:31:00,752.00,507.95
2024/11/08 07:31:00,753.00,507.99
2024/11/08 07:31:00,754.00,506.62
2024/11/08 07:31:00,755.00,502.66
2024/11/08 07:31:00,756.00,490.65
2024/11/08 07:31:00,757.00,464.39
2024/11/08 07:31:00,758.00,426.61
2024/11/08 07:31:00,759.00,386.19
2024/11/08 07:31:00,760.00,348.49
2024/11/08 07:31:00,761.00,315.80
2024/11/08 07:31:00,762.00,299.51
2024/11/08 07:31:00,763.00,300.68
2024/11/08 07:31:00,764.00,308.66
2024/11/08 07:31:00,765.00,322.00
2024/11/08 07:31:00,766.00,343.93
2024/11/08 07:31:00,767.00,368.24
2024/11/08 07:31:00,768.00,389.61
2024/11/08 07:31:00,769.00,408.67
2024/11/08 07:31:00,770.00,425.42
2024/11/08 07:31:00,771.00,441.39
2024/11/08 07:31:00,772.00,451.24
2024/11/08 07:31:00,773.00,457.29
2024/11/08 07:31:00,774.00,466.37
2024/11/08 07:31:00,775.00,468.49
2024/11/08 07:31:00,776.00,466.81
2024/11/08 07:31:00,777.00,472.22
2024/11/08 07:31:00,778.00,472.30
2024/11/08 07:31:00,779.00,470.60
2024/11/08 07:31:00,780.00,474.10
2024/11/08 07:31:00,781.00,475.38
2024/11/08 07:31:00,782.00,474.06
2024/11/08 07:31:00,783.00,476.10
2024/11/08 07:31:00,784.00,476.77
2024/11/08 07:31:00,785.00,474.34
2024/11/08 07:31:00,786.00,473.59
2024/11/08 07:31:00,787.00,471.83
2024/11/08 07:31:00,788.00,474.14
2024/11/08 07:31:00,789.00,472.33
2024/11/08 07:31:00,790.00,468.26
2024/11/08 07:31:00,791.00,469.81
2024/11/08 07:31:00,792.00,466.31
2024/11/08 07:31:00,793.00,460.59
2024/11/08 07:31:00,794.00,462.03
2024/11/08 07:31:00,795.00,462.03
2024/11/08 07:31:00,796.00,459.48
2024/11/08 07:31:00,797.00,460.84
2024/11/08 07:31:00,798.00,460.89
2024/11/08 07:31:00,799.00,460.01
2024/11/08 07:31:00,800.00,461.34
2024/11/08 07:31:00,801.00,461.85
2024/11/08 07:31:00,802.00,462.37
2024/11/08 07:31:00,803.00,460.85
2024/11/08 07:31:00,804.00,459.69
2024/11/08 07:31:00,805.00,461.49
2024/11/08 07:31:00,806.00,459.07
2024/11/08 07:31:00,807.00,458.09
2024/11/08 07:31:00,808.00,460.71
2024/11/08 07:31:00,809.00,456.48
2024/11/08 07:31:00,810.00,453.61
2024/11/08 07:31:00,811.00,455.39
2024/11/08 07:31:00,812.00,450.92
2024/11/08 07:31:00,813.00,446.37
2024/11/08 07:31:00,814.00,443.03
2024/11/08 07:31:00,815.00,436.61
2024/11/08 07:31:00,816.00,429.40
2024/11/08 07:31:00,817.00,426.03
2024/11/08 07:31:00,818.00,425.54
2024/11/08 07:31:00,819.00,426.59
2024/11/08 07:31:00,820.00,426.98
2024/11/08 07:31:00,821.00,428.76
2024/11/08 07:31:00,822.00,433.40
2024/11/08 07:31:00,823.00,432.05
2024/11/08 07:31:00,824.00,431.71
2024/11/08 07:31:00,825.00,434.71
2024/11/08 07:31:00,826.00,431.49
2024/11/08 07:31:00,827.00,431.56
2024/11/08 07:31:00,828.00,432.87
2024/11/08 07:31:00,829.00,430.21
2024/11/08 07:31:00,830.00,429.14
2024/11/08 07:31:00,831.00,429.68
2024/11/08 07:31:00,832.00,426.74
2024/11/08 07:31:00,833.00,426.01
2024/11/08 07:31:00,834.00,425.37
2024/11/08 07:31:00,835.00,425.96
2024/11/08 07:31:00,836.00,424.98
2024/11/08 07:31:00,837.00,423.77
2024/11/08 07:31:00,838.00,423.47
2024/11/08 07:31:00,839.00,425.36
2024/11/08 07:31:00,840.00,422.69
2024/11/08 07:31:00,841.00,423.80
2024/11/08 07:31:00,842.00,424.08
2024/11/08 07:31:00,843.00,420.67
2024/11/08 07:31:00,844.00,418.32
2024/11/08 07:31:00,845.00,416.47
2024/11/08 07:31:00,846.00,411.78
2024/11/08 07:31:00,847.00,408.05
2024/11/08 07:31:00,848.00,405.53
2024/11/08 07:31:00,849.00,405.17
2024/11/08 07:31:00,850.00,402.07
2024/11/08 07:31:00,851.00,397.64
2024/11/08 07:31:00,852.00,394.88
2024/11/08 07:31:00,853.00,391.09
2024/11/08 07:31:00,854.00,387.76
2024/11/08 07:31:00,855.00,390.09
2024/11/08 07:31:00,856.00,392.86
2024/11/08 07:31:00,857.00,394.60
2024/11/08 07:31:00,858.00,397.95
2024/11/08 07:31:00,859.00,399.26
2024/11/08 07:31:00,860.00,398.54
2024/11/08 07:31:00,861.00,399.99
2024/11/08 07:31:00,862.00,399.19
2024/11/08 07:31:00,863.00,396.56
2024/11/08 07:31:00,864.00,392.86
2024/11/08 07:31:00,865.00,389.16
2024/11/08 07:31:00,866.00,388.18
2024/11/08 07:31:00,867.00,386.85
2024/11/08 07:31:00,868.00,386.46
2024/11/08 07:31:00,869.00,389.60
2024/11/08 07:31:00,870.00,389.81
2024/11/08 07:31:00,871.00,388.48
2024/11/08 07:31:00,872.00,390.66
2024/11/08 07:31:00,873.00,391.33
2024/11/08 07:31:00,874.00,390.26
2024/11/08 07:31:00,875.00,390.39
2024/11/08 07:31:00,876.00,390.69
2024/11/08 07:31:00,877.00,388.41
2024/11/08 07:31:00,878.00,387.17
2024/11/08 07:31:00,879.00,386.53
2024/11/08 07:31:00,880.00,386.73
2024/11/08 07:31:00,881.00,385.88
2024/11/08 07:31:00,882.00,385.50
2024/11/08 07:31:00,883.00,386.30
2024/11/08 07:31:00,884.00,384.39
2024/11/08 07:31:00,885.00,383.03
2024/11/08 07:31:00,886.00,383.27
2024/11/08 07:31:00,887.00,381.99
2024/11/08 07:31:00,888.00,381.08
2024/11/08 07:31:00,889.00,381.04
2024/11/08 07:31:00,890.00,378.85
2024/11/08 07:31:00,891.00,376.79
2024/11/08 07:31:00,892.00,372.64
2024/11/08 07:31:00,893.00,368.55
2024/11/08 07:31:00,894.00,362.67
2024/11/08 07:31:00,895.00,356.17
2024/11/08 07:31:00,896.00,349.90
2024/11/08 07:31:00,897.00,343.07
2024/11/08 07:31:00,898.00,335.18
2024/11/08 07:31:00,899.00,331.12
2024/11/08 07:31:00,900.00,328.64
2024/11/08 07:31:00,901.00,327.49
2024/11/08 07:31:00,902.00,330.89
2024/11/08 07:31:00,903.00,333.67
2024/11/08 07:31:00,904.00,333.00
2024/11/08 07:31:00,905.00,332.19
2024/11/08 07:31:00,906.00,329.60
2024/11/08 07:31:00,907.00,325.79
2024/11/08 07:31:00,908.00,323.68
2024/11/08 07:31:00,909.00,321.64
2024/11/08 07:31:00,910.00,321.04
2024/11/08 07:31:00,911.00,319.38
2024/11/08 07:31:00,912.00,317.17
2024/11/08 07:31:00,913.00,316.22
2024/11/08 07:31:00,914.00,314.27
2024/11/08 07:31:00,915.00,313.18
2024/11/08 07:31:00,916.00,314.61
2024/11/08 07:31:00,917.00,316.72
2024/11/08 07:31:00,918.00,317.82
2024/11/08 07:31:00,919.00,320.10
2024/11/08 07:31:00,920.00,322.20
2024/11/08 07:31:00,921.00,321.64
2024/11/08 07:31:00,922.00,320.56
2024/11/08 07:31:00,923.00,320.36
2024/11/08 07:31:00,924.00,319.60
2024/11/08 07:31:00,925.00,315.94
2024/11/08 07:31:00,926.00,312.18
2024/11/08 07:31:00,927.00,305.95
2024/11/08 07:31:00,928.00,295.74
2024/11/08 07:31:00,929.00,282.90
2024/11/08 07:31:00,930.00,268.04
2024/11/08 07:31:00,931.00,251.30
2024/11/08 07:31:00,932.00,235.67
2024/11/08 07:31:00,933.00,222.30
2024/11/08 07:31:00,934.00,210.90
2024/11/08 07:31:00,935.00,203.79
2024/11/08 07:31:00,936.00,201.42
2024/11/08 07:31:00,937.00,203.50
2024/11/08 07:31:00,938.00,206.12
2024/11/08 07:31:00,939.00,210.43
2024/11/08 07:31:00,940.00,214.93
2024/11/08 07:31:00,941.00,216.01
2024/11/08 07:31:00,942.00,214.53
2024/11/08 07:31:00,943.00,214.09
2024/11/08 07:31:00,944.00,212.98
2024/11/08 07:31:00,945.00,212.78
2024/11/08 07:31:00,946.00,213.98
2024/11/08 07:31:00,947.00,215.44
2024/11/08 07:31:00,948.00,216.00
2024/11/08 07:31:00,949.00,216.45
2024/11/08 07:31:00,950.00,218.16
2024/11/08 07:31:00,951.00,219.58
2024/11/08 07:31:00,952.00,220.43
2024/11/08 07:31:00,953.00,222.88
2024/11/08 07:31:00,954.00,225.25
2024/11/08 07:31:00,955.00,226.09
2024/11/08 07:31:00,956.00,228.13
2024/11/08 07:31:00,957.00,230.85
2024/11/08 07:31:00,958.00,232.54
2024/11/08 07:31:00,959.00,234.80
2024/11/08 07:31:00,960.00,238.83
2024/11/08 07:31:00,961.00,241.82
2024/11/08 07:31:00,962.00,245.50
2024/11/08 07:31:00,963.00,249.64
2024/11/08 07:31:00,964.00,253.82
2024/11/08 07:31:00,965.00,258.17
2024/11/08 07:31:00,966.00,263.51
2024/11/08 07:31:00,967.00,270.52
2024/11/08 07:31:00,968.00,275.85
2024/11/08 07:31:00,969.00,280.56
2024/11/08 07:31:00,970.00,284.49
2024/11/08 07:31:00,971.00,284.01
2024/11/08 07:31:00,972.00,284.11
2024/11/08 07:31:00,973.00,284.46
2024/11/08 07:31:00,974.00,283.74
2024/11/08 07:31:00,975.00,283.65
2024/11/08 07:31:00,976.00,284.41
2024/11/08 07:31:00,977.00,284.84
2024/11/08 07:31:00,978.00,285.87
2024/11/08 07:31:00,979.00,287.24
2024/11/08 07:31:00,980.00,289.81
2024/11/08 07:31:00,981.00,291.88
2024/11/08 07:31:00,982.00,293.21
2024/11/08 07:31:00,983.00,296.87
2024/11/08 07:31:00,984.00,297.80
2024/11/08 07:31:00,985.00,298.37
2024/11/08 07:31:00,986.00,299.73
2024/11/08 07:31:00,987.00,300.14
2024/11/08 07:31:00,988.00,299.21
2024/11/08 07:31:00,989.00,300.70
2024/11/08 07:31:00,990.00,301.67
2024/11/08 07:31:00,991.00,302.62
2024/11/08 07:31:00,992.00,302.99
2024/11/08 07:31:00,993.00,303.62
2024/11/08 07:31:00,994.00,303.57
2024/11/08 07:31:00,995.00,302.39
2024/11/08 07:31:00,996.00,301.23
2024/11/08 07:31:00,997.00,300.93
2024/11/08 07:31:00,998.00,298.71
2024/11/08 07:31:00,999.00,298.90
2024/11/08 07:31:00,1000.00,298.51
2024/11/08 07:31:00,1001.00,296.06
2024/11/08 07:31:00,1002.00,296.64
2024/11/08 07:31:00,1003.00,294.55
2024/11/08 07:31:00,1004.00,291.11
2024/11/08 07:31:00,1005.00,291.34
2024/11/08 07:31:00,1006.00,289.75
2024/11/08 07:31:00,1007.00,289.30
2024/11/08 07:31:00,1008.00,290.72
2024/11/08 07:31:00,1009.00,290.25
2024/11/08 07:31:00,1010.00,290.49
2024/11/08 07:31:00,1011.00,290.38
2024/11/08 07:31:00,1012.00,289.08
2024/11/08 07:31:00,1013.00,290.07
2024/11/08 07:31:00,1014.00,289.20
2024/11/08 07:31:00,1015.00,288.37
2024/11/08 07:31:00,1016.00,289.77
2024/11/08 07:31:00,1017.00,288.21
2024/11/08 07:31:00,1018.00,286.86
2024/11/08 07:31:00,1019.00,287.44
2024/11/08 07:31:00,1020.00,286.39
2024/11/08 07:31:00,1021.00,286.14
2024/11/08 07:31:00,1022.00,286.35
2024/11/08 07:31:00,1023.00,286.76
2024/11/08 07:31:00,1024.00,285.82
2024/11/08 07:31:00,1025.00,283.59
2024/11/08 07:31:00,1026.00,283.33
2024/11/08 07:31:00,1027.00,282.26
2024/11/08 07:31:00,1028.00,280.37
2024/11/08 07:31:00,1029.00,281.79
2024/11/08 07:31:00,1030.00,281.33
2024/11/08 07:31:00,1031.00,279.19
2024/11/08 07:31:00,1032.00,279.46
2024/11/08 07:31:00,1033.00,278.85
2024/11/08 07:31:00,1034.00,276.95
2024/11/08 07:31:00,1035.00,276.52
2024/11/08 07:31:00,1036.00,276.29
2024/11/08 07:31:00,1037.00,274.50
2024/11/08 07:31:00,1038.00,273.47
2024/11/08 07:31:00,1039.00,273.58
2024/11/08 07:31:00,1040.00,273.11
2024/11/08 07:31:00,1041.00,272.44
2024/11/08 07:31:00,1042.00,272.81
2024/11/08 07:31:00,1043.00,273.05
2024/11/08 07:31:00,1044.00,270.11
2024/11/08 07:31:00,1045.00,271.82
2024/11/08 07:31:00,1046.00,269.31
2024/11/08 07:31:00,1047.00,266.78
2024/11/08 07:31:00,1048.00,268.33
2024/11/08 07:31:00,1049.00,267.79
2024/11/08 07:31:00,1050.00,266.87
2024/11/08 07:31:00,1051.00,272.28
2024/11/08 07:31:00,1052.00,270.27
2024/11/08 07:31:00,1053.00,269.74
2024/11/08 07:31:00,1054.00,268.33
2024/11/08 07:31:00,1055.00,267.04
2024/11/08 07:31:00,1056.00,266.68
2024/11/08 07:31:00,1057.00,263.97
2024/11/08 07:31:00,1058.00,263.83
2024/11/08 07:31:00,1059.00,265.56
2024/11/08 07:31:00,1060.00,261.65
2024/11/08 07:31:00,1061.00,262.51
2024/11/08 07:31:00,1062.00,260.48
2024/11/08 07:31:00,1063.00,256.27
2024/11/08 07:31:00,1064.00,256.95
2024/11/08 07:31:00,1065.00,256.50
2024/11/08 07:31:00,1066.00,257.37
2024/11/08 07:31:00,1067.00,259.27
2024/11/08 07:31:00,1068.00,256.10
2024/11/08 07:31:00,1069.00,257.87
2024/11/08 07:31:00,1070.00,253.34
2024/11/08 07:31:00,1071.00,250.38
2024/11/08 07:31:00,1072.00,253.60
2024/11/08 07:31:00,1073.00,250.77
2024/11/08 07:31:00,1074.00,251.51
2024/11/08 07:31:00,1075.00,253.08
2024/11/08 07:31:00,1076.00,251.68
2024/11/08 07:31:00,1077.00,254.75
2024/11/08 07:31:00,1078.00,254.92
2024/11/08 07:31:00,1079.00,254.41
2024/11/08 07:31:00,1080.00,255.49
2024/11/08 07:31:00,1081.00,249.96
2024/11/08 07:31:00,1082.00,253.94
2024/11/08 07:31:00,1083.00,256.97
2024/11/08 07:31:00,1084.00,254.01
2024/11/08 07:31:00,1085.00,260.29
2024/11/08 07:31:00,1086.00,257.90
2024/11/08 07:31:00,1087.00,254.01
2024/11/08 07:31:00,1088.00,255.96
2024/11/08 07:31:00,1089.00,252.90
2024/11/08 07:31:00,1090.00,247.55
2024/11/08 07:31:00,1091.00,245.28
2024/11/08 07:31:00,1092.00,243.19
2024/11/08 07:31:00,1093.00,242.03
2024/11/08 07:31:00,1094.00,238.76
2024/11/08 07:31:00,1095.00,239.47
2024/11/08 07:31:00,1096.00,237.19
2024/11/08 07:31:00,1097.00,231.46
2024/11/08 07:31:00,1098.00,238.47
2024/11/08 07:31:00,1099.00,237.92
2024/11/08 07:31:00,1100.00,234.06
2024/11/08 07:32:00,Wavelength(nm),Irradiance(W/m2/um)
2024/11/08 07:32:00,300.00,8.10
2024/11/08 07:32:00,301.00,9.06
2024/11/08 07:32:00,302.00,9.93
2024/11/08 07:32:00,303.00,11.16
2024/11/08 07:32:00,304.00,13.03
2024/11/08 07:32:00,305.00,14.54
2024/11/08 07:32:00,306.00,16.61
2024/11/08 07:32:00,307.00,19.45
2024/11/08 07:32:00,308.00,22.36
2024/11/08 07:32:00,309.00,26.39
2024/11/08 07:32:00,310.00,31.46
2024/11/08 07:32:00,311.00,36.45
2024/11/08 07:32:00,312.00,42.17
2024/11/08 07:32:00,313.00,48.55
2024/11/08 07:32:00,314.00,55.03
2024/11/08 07:32:00,315.00,61.90
2024/11/08 07:32:00,316.00,69.53
2024/11/08 07:32:00,317.00,77.43
2024/11/08 07:32:00,318.00,84.90
2024/11/08 07:32:00,319.00,91.82
2024/11/08 07:32:00,320.00,98.73
2024/11/08 07:32:00,321.00,106.41
2024/11/08 07:32:00,322.00,115.23
2024/11/08 07:32:00,323.00,125.56
2024/11/08 07:32:00,324.00,137.01
2024/11/08 07:32:00,325.00,149.08
2024/11/08 07:32:00,326.00,161.47
2024/11/08 07:32:00,327.00,172.89
2024/11/08 07:32:00,328.00,182.41
2024/11/08 07:32:00,329.00,190.33
2024/11/08 07:32:00,330.00,196.85
2024/11/08 07:32:00,331.00,201.27
2024/11/08 07:32:00,332.00,204.47
2024/11/08 07:32:00,333.00,205.99
2024/11/08 07:32:00,334.00,206.65
2024/11/08 07:32:00,335.00,207.61
2024/11/08 07:32:00,336.00,209.25
2024/11/08 07:32:00,337.00,210.82
2024/11/08 07:32:00,338.00,214.52
2024/11/08 07:32:00,339.00,219.22
2024/11/08 07:32:00,340.00,222.83
2024/11/08 07:32:00,341.00,224.76
2024/11/08 07:32:00,342.00,226.12
2024/11/08 07:32:00,343.00,226.74
2024/11/08 07:32:00,344.00,226.91
2024/11/08 07:32:00,345.00,227.02
2024/11/08 07:32:00,346.00,228.23
2024/11/08 07:32:00,347.00,231.10
2024/11/08 07:32:00,348.00,234.26
2024/11/08 07:32:00,349.00,237.60
2024/11/08 07:32:00,350.00,241.70
2024/11/08 07:32:00,351.00,247.21
2024/11/08 07:32:00,352.00,252.51
2024/11/08 07:32:00,353.00,255.85
2024/11/08 07:32:00,354.00,255.99
2024/11/08 07:32:00,355.00,252.74
2024/11/08 07:32:00,356.00,248.91
2024/11/08 07:32:00,357.00,245.35
2024/11/08 07:32:00,358.00,242.07
2024/11/08 07:32:00,359.00,242.72
2024/11/08 07:32:00,360.00,248.50
2024/11/08 07:32:00,361.00,254.40
2024/11/08 07:32:00,362.00,261.72
2024/11/08 07:32:00,363.00,273.08
2024/11/08 07:32:00,364.00,285.18
2024/11/08 07:32:00,365.00,294.86
2024/11/08 07:32:00,366.00,303.67
2024/11/08 07:32:00,367.00,310.16
2024/11/08 07:32:00,368.00,313.42
2024/11/08 07:32:00,369.00,312.73
2024/11/08 07:32:00,370.00,308.68
2024/11/08 07:32:00,371.00,301.08
2024/11/08 07:32:00,372.00,293.48
2024/11/08 07:32:00,373.00,288.29
2024/11/08 07:32:00,374.00,288.94
2024/11/08 07:32:00,375.00,296.96
2024/11/08 07:32:00,376.00,308.03
2024/11/08 07:32:00,377.00,318.32
2024/11/08 07:32:00,378.00,325.75
2024/11/08 07:32:00,379.00,324.12
2024/11/08 07:32:00,380.00,310.72
2024/11/08 07:32:00,381.00,295.47
2024/11/08 07:32:00,382.00,283.51
2024/11/08 07:32:00,383.00,273.86
2024/11/08 07:32:00,384.00,270.46
2024/11/08 07:32:00,385.00,275.68
2024/11/08 07:32:00,386.00,284.59
2024/11/08 07:32:00,387.00,296.00
2024/11/08 07:32:00,388.00,309.51
2024/11/08 07:32:00,389.00,320.93
2024/11/08 07:32:00,390.00,322.90
2024/11/08 07:32:00,391.00,318.21
2024/11/08 07:32:00,392.00,314.07
2024/11/08 07:32:00,393.00,306.60
2024/11/08 07:32:00,394.00,297.17
2024/11/08 07:32:00,395.00,301.96
2024/11/08 07:32:00,396.00,324.65
2024/11/08 07:32:00,397.00,351.47
2024/11/08 07:32:00,398.00,383.13
2024/11/08 07:32:00,399.00,421.76
2024/11/08 07:32:00,400.00,456.48
2024/11/08 07:32:00,401.00,478.16
2024/11/08 07:32:00,402.00,490.31
2024/11/08 07:32:00,403.00,493.74
2024/11/08 07:32:00,404.00,491.45
2024/11/08 07:32:00,405.00,489.39
2024/11/08 07:32:00,406.00,489.13
2024/11/08 07:32:00,407.00,489.66
2024/11/08 07:32:00,408.00,492.29
2024/11/08 07:32:00,409.00,498.88
2024/11/08 07:32:00,410.00,505.80
2024/11/08 07:32:00,411.00,512.25
2024/11/08 07:32:00,412.00,518.39
2024/11/08 07:32:00,413.00,525.60
2024/11/08 07:32:00,414.00,530.79
2024/11/08 07:32:00,415.00,532.25
2024/11/08 07:32:00,416.00,532.08
2024/11/08 07:32:00,417.00,532.19
2024/11/08 07:32:00,418.00,532.26
2024/11/08 07:32:00,419.00,532.52
2024/11/08 07:32:00,420.00,532.77
2024/11/08 07:32:00,421.00,533.62
2024/11/08 07:32:00,422.00,534.74
2024/11/08 07:32:00,423.00,534.39
2024/11/08 07:32:00,424.00,532.14
2024/11/08 07:32:00,425.00,530.75
2024/11/08 07:32:00,426.00,526.78
2024/11/08 07:32:00,427.00,516.38
2024/11/08 07:32:00,428.00,503.13
2024/11/08 07:32:00,429.00,495.44
2024/11/08 07:32:00,430.00,495.20
2024/11/08 07:32:00,431.00,500.54
2024/11/08 07:32:00,432.00,513.94
2024/11/08 07:32:00,433.00,535.35
2024/11/08 07:32:00,434.00,555.10
2024/11/08 07:32:00,435.00,565.84
2024/11/08 07:32:00,436.00,570.97
2024/11/08 07:32:00,437.00,574.96
2024/11/08 07:32:00,438.00,578.83
2024/11/08 07:32:00,439.00,583.84
2024/11/08 07:32:00,440.00,592.40
2024/11/08 07:32:00,441.00,606.13
2024/11/08 07:32:00,442.00,618.68
2024/11/08 07:32:00,443.00,626.89
2024/11/08 07:32:00,444.00,632.80
2024/11/08 07:32:00,445.00,638.40
2024/11/08 07:32:00,446.00,643.62
2024/11/08 07:32:00,447.00,652.64
2024/11/08 07:32:00,448.00,664.91
2024/11/08 07:32:00,449.00,675.06
2024/11/08 07:32:00,450.00,679.94
2024/11/08 07:32:00,451.00,680.97
2024/11/08 07:32:00,452.00,680.21
2024/11/08 07:32:00,453.00,678.33
2024/11/08 07:32:00,454.00,679.22
2024/11/08 07:32:00,455.00,682.87
2024/11/08 07:32:00,456.00,688.52
2024/11/08 07:32:00,457.00,693.08
2024/11/08 07:32:00,458.00,696.80
2024/11/08 07:32:00,459.00,700.20
2024/11/08 07:32:00,460.00,703.30
2024/11/08 07:32:00,461.00,705.59
2024/11/08 07:32:00,462.00,707.78
2024/11/08 07:32:00,463.00,707.87
2024/11/08 07:32:00,464.00,706.01
2024/11/08 07:32:00,465.00,701.89
2024/11/08 07:32:00,466.00,698.74
2024/11/08 07:32:00,467.00,696.23
2024/11/08 07:32:00,468.00,694.58
2024/11/08 07:32:00,469.00,694.17
2024/11/08 07:32:00,470.00,695.39
2024/11/08 07:32:00,471.00,696.56
2024/11/08 07:32:00,472.00,699.08
2024/11/08 07:32:00,473.00,701.58
2024/11/08 07:32:00,474.00,702.83
2024/11/08 07:32:00,475.00,705.35
2024/11/08 07:32:00,476.00,707.69
2024/11/08 07:32:00,477.00,710.95
2024/11/08 07:32:00,478.00,715.11
2024/11/08 07:32:00,479.00,718.62
2024/11/08 07:32:00,480.00,720.58
2024/11/08 07:32:00,481.00,720.88
2024/11/08 07:32:00,482.00,715.14
2024/11/08 07:32:00,483.00,703.38
2024/11/08 07:32:00,484.00,688.25
2024/11/08 07:32:00,485.00,673.80
2024/11/08 07:32:00,486.00,665.32
2024/11/08 07:32:00,487.00,662.76
2024/11/08 07:32:00,488.00,667.72
2024/11/08 07:32:00,489.00,676.48
2024/11/08 07:32:00,490.00,683.32
2024/11/08 07:32:00,491.00,688.28
2024/11/08 07:32:00,492.00,692.59
2024/11/08 07:32:00,493.00,695.03
2024/11/08 07:32:00,494.00,697.29
2024/11/08 07:32:00,495.00,701.19
2024/11/08 07:32:00,496.00,702.26
2024/11/08 07:32:00,497.00,698.77
2024/11/08 07:32:00,498.00,692.59
2024/11/08 07:32:00,499.00,687.01
2024/11/08 07:32:00,500.00,679.82
2024/11/08 07:32:00,501.00,674.66
2024/11/08 07:32:00,502.00,673.28
2024/11/08 07:32:00,503.00,675.80
2024/11/08 07:32:00,504.00,679.43
2024/11/08 07:32:00,505.00,683.76
2024/11/08 07:32:00,506.00,686.37
2024/11/08 07:32:00,507.00,688.53
2024/11/08 07:32:00,508.00,688.24
2024/11/08 07:32:00,509.00,686.95
2024/11/08 07:32:00,510.00,686.62
2024/11/08 07:32:00,511.00,683.32
2024/11/08 07:32:00,512.00,679.99
2024/11/08 07:32:00,513.00,674.37
2024/11/08 07:32:00,514.00,663.86
2024/11/08 07:32:00,515.00,650.86
2024/11/08 07:32:00,516.00,642.42
2024/11/08 07:32:00,517.00,636.41
2024/11/08 07:32:00,518.00,634.63
2024/11/08 07:32:00,519.00,638.73
2024/11/08 07:32:00,520.00,646.50
2024/11/08 07:32:00,521.00,654.61
2024/11/08 07:32:00,522.00,661.44
2024/11/08 07:32:00,523.00,664.34
2024/11/08 07:32:00,524.00,664.05
2024/11/08 07:32:00,525.00,662.87
2024/11/08 07:32:00,526.00,662.35
2024/11/08 07:32:00,527.00,661.73
2024/11/08 07:32:00,528.00,665.50
2024/11/08 07:32:00,529.00,669.45
2024/11/08 07:32:00,530.00,672.80
2024/11/08 07:32:00,531.00,674.76
2024/11/08 07:32:00,532.00,675.52
2024/11/08 07:32:00,533.00,673.62
2024/11/08 07:32:00,534.00,674.29
2024/11/08 07:32:00,535.00,675.21
2024/11/08 07:32:00,536.00,674.74
2024/11/08 07:32:00,537.00,672.14
2024/11/08 07:32:00,538.00,669.23
2024/11/08 07:32:00,539.00,666.41
2024/11/08 07:32:00,540.00,664.35
2024/11/08 07:32:00,541.00,662.55
2024/11/08 07:32:00,542.00,663.33
2024/11/08 07:32:00,543.00,664.15
2024/11/08 07:32:00,544.00,663.80
2024/11/08 07:32:00,545.00,665.49
2024/11/08 07:32:00,546.00,666.99
2024/11/08 07:32:00,547.00,668.16
2024/11/08 07:32:00,548.00,669.09
2024/11/08 07:32:00,549.00,669.72
2024/11/08 07:32:00,550.00,668.44
2024/11/08 07:32:00,551.00,667.48
2024/11/08 07:32:00,552.00,667.26
2024/11/08 07:32:00,553.00,666.38
2024/11/08 07:32:00,554.00,664.16
2024/11/08 07:32:00,555.00,661.39
2024/11/08 07:32:00,556.00,658.71
2024/11/08 07:32:00,557.00,653.48
2024/11/08 07:32:00,558.00,649.54
2024/11/08 07:32:00,559.00,647.90
2024/11/08 07:32:00,560.00,648.21
2024/11/08 07:32:00,561.00,646.05
2024/11/08 07:32:00,562.00,646.14
2024/11/08 07:32:00,563.00,646.45
2024/11/08 07:32:00,564.00,645.38
2024/11/08 07:32:00,565.00,642.99
2024/11/08 07:32:00,566.00,641.64
2024/11/08 07:32:00,567.00,639.07
2024/11/08 07:32:00,568.00,635.75
2024/11/08 07:32:00,569.00,633.50
2024/11/08 07:32:00,570.00,632.59
2024/11/08 07:32:00,571.00,633.95
2024/11/08 07:32:00,572.00,634.33
2024/11/08 07:32:00,573.00,633.76
2024/11/08 07:32:00,574.00,635.36
2024/11/08 07:32:00,575.00,632.66
2024/11/08 07:32:00,576.00,629.17
2024/11/08 07:32:00,577.00,628.85
2024/11/08 07:32:00,578.00,628.68
2024/11/08 07:32:00,579.00,627.92
2024/11/08 07:32:00,580.00,631.87
2024/11/08 07:32:00,581.00,635.26
2024/11/08 07:32:00,582.00,638.03
2024/11/08 07:32:00,583.00,641.01
2024/11/08 07:32:00,584.00,641.84
2024/11/08 07:32:00,585.00,639.87
2024/11/08 07:32:00,586.00,634.80
2024/11/08 07:32:00,587.00,629.64
2024/11/08 07:32:00,588.00,626.46
2024/11/08 07:32:00,589.00,622.80
2024/11/08 07:32:00,590.00,620.57
2024/11/08 07:32:00,591.00,621.71
2024/11/08 07:32:00,592.00,623.05
2024/11/08 07:32:00,593.00,622.50
2024/11/08 07:32:00,594.00,623.30
2024/11/08 07:32:00,595.00,622.90
2024/11/08 07:32:00,596.00,621.96
2024/11/08 07:32:00,597.00,620.69
2024/11/08 07:32:00,598.00,619.79
2024/11/08 07:32:00,599.00,617.36
2024/11/08 07:32:00,600.00,616.64
2024/11/08 07:32:00,601.00,616.86
2024/11/08 07:32:00,602.00,616.84
2024/11/08 07:32:00,603.00,616.35
2024/11/08 07:32:00,604.00,616.75
2024/11/08 07:32:00,605.00,616.40
2024/11/08 07:32:00,606.00,616.58
2024/11/08 07:32:00,607.00,614.73
2024/11/08 07:32:00,608.00,612.66
2024/11/08 07:32:00,609.00,612.85
2024/11/08 07:32:00,610.00,610.69
2024/11/08 07:32:00,611.00,607.53
2024/11/08 07:32:00,612.00,606.06
2024/11/08 07:32:00,613.00,603.55
2024/11/08 07:32:00,614.00,599.61
2024/11/08 07:32:00,615.00,598.27
2024/11/08 07:32:00,616.00,598.66
2024/11/08 07:32:00,617.00,599.71
2024/11/08 07:32:00,618.00,601.82
2024/11/08 07:32:00,619.00,603.09
2024/11/08 07:32:00,620.00,604.29
2024/11/08 07:32:00,621.00,603.57
2024/11/08 07:32:00,622.00,600.72
2024/11/08 07:32:00,623.00,598.83
2024/11/08 07:32:00,624.00,595.50
2024/11/08 07:32:00,625.00,592.00
2024/11/08 07:32:00,626.00,589.48
2024/11/08 07:32:00,627.00,586.97
2024/11/08 07:32:00,628.00,584.88
2024/11/08 07:32:00,629.00,584.13
2024/11/08 07:32:00,630.00,583.86
2024/11/08 07:32:00,631.00,583.22
2024/11/08 07:32:00,632.00,585.04
2024/11/08 07:32:00,633.00,586.73
2024/11/08 07:32:00,634.00,589.64
2024/11/08 07:32:00,635.00,591.94
2024/11/08 07:32:00,636.00,593.86
2024/11/08 07:32:00,637.00,595.56
2024/11/08 07:32:00,638.00,596.50
2024/11/08 07:32:00,639.00,596.35
2024/11/08 07:32:00,640.00,596.42
2024/11/08 07:32:00,641.00,596.23
2024/11/08 07:32:00,642.00,595.33
2024/11/08 07:32:00,643.00,593.98
2024/11/08 07:32:00,644.00,594.41
2024/11/08 07:32:00,645.00,592.72
2024/11/08 07:32:00,646.00,591.42
2024/11/08 07:32:00,647.00,590.43
2024/11/08 07:32:00,648.00,588.67
2024/11/08 07:32:00,649.00,587.18
2024/11/08 07:32:00,650.00,587.61
2024/11/08 07:32:00,651.00,587.83
2024/11/08 07:32:00,652.00,586.06
2024/11/08 07:32:00,653.00,580.80
2024/11/08 07:32:00,654.00,574.54
2024/11/08 07:32:00,655.00,570.23
2024/11/08 07:32:00,656.00,565.95
2024/11/08 07:32:00,657.00,564.27
2024/11/08 07:32:00,658.00,569.91
2024/11/08 07:32:00,659.00,574.02
2024/11/08 07:32:00,660.00,576.35
2024/11/08 07:32:00,661.00,580.69
2024/11/08 07:32:00,662.00,582.66
2024/11/08 07:32:00,663.00,583.50
2024/11/08 07:32:00,664.00,586.25
2024/11/08 07:32:00,665.00,588.24
2024/11/08 07:32:00,666.00,589.45
2024/11/08 07:32:00,667.00,590.71
2024/11/08 07:32:00,668.00,590.70
2024/11/08 07:32:00,669.00,590.72
2024/11/08 07:32:00,670.00,589.51
2024/11/08 07:32:00,671.00,587.87
2024/11/08 07:32:00,672.00,588.33
2024/11/08 07:32:00,673.00,587.78
2024/11/08 07:32:00,674.00,586.38
2024/11/08 07:32:00,675.00,587.61
2024/11/08 07:32:00,676.00,587.57
2024/11/08 07:32:00,677.00,586.42
2024/11/08 07:32:00,678.00,587.00
2024/11/08 07:32:00,679.00,587.82
2024/11/08 07:32:00,680.00,586.57
2024/11/08 07:32:00,681.00,586.46
2024/11/08 07:32:00,682.00,585.02
2024/11/08 07:32:00,683.00,580.28
2024/11/08 07:32:00,684.00,567.15
2024/11/08 07:32:00,685.00,550.63
2024/11/08 07:32:00,686.00,534.28
2024/11/08 07:32:00,687.00,518.06
2024/11/08 07:32:00,688.00,505.45
2024/11/08 07:32:00,689.00,503.63
2024/11/08 07:32:00,690.00,508.81
2024/11/08 07:32:00,691.00,515.65
2024/11/08 07:32:00,692.00,524.41
2024/11/08 07:32:00,693.00,532.80
2024/11/08 07:32:00,694.00,538.38
2024/11/08 07:32:00,695.00,543.24
2024/11/08 07:32:00,696.00,546.93
2024/11/08 07:32:00,697.00,549.74
2024/11/08 07:32:00,698.00,551.11
2024/11/08 07:32:00,699.00,552.92
2024/11/08 07:32:00,700.00,553.67
2024/11/08 07:32:00,701.00,552.95
2024/11/08 07:32:00,702.00,551.11
2024/11/08 07:32:00,703.00,552.86
2024/11/08 07:32:00,704.00,553.39
2024/11/08 07:32:00,705.00,552.58
2024/11/08 07:32:00,706.00,553.86
2024/11/08 07:32:00,707.00,555.97
2024/11/08 07:32:00,708.00,554.37
2024/11/08 07:32:00,709.00,555.07
2024/11/08 07:32:00,710.00,555.41
2024/11/08 07:32:00,711.00,554.14
2024/11/08 07:32:00,712.00,552.07
2024/11/08 07:32:00,713.00,550.38
2024/11/08 07:32:00,714.00,545.52
2024/11/08 07:32:00,715.00,538.11
2024/11/08 07:32:00,716.00,528.42
2024/11/08 07:32:00,717.00,520.14
2024/11/08 07:32:00,718.00,511.82
2024/11/08 07:32:00,719.00,505.83
2024/11/08 07:32:00,720.00,503.03
2024/11/08 07:32:00,721.00,504.08
2024/11/08 07:32:00,722.00,503.21
2024/11/08 07:32:00,723.00,503.97
2024/11/08 07:32:00,724.00,504.01
2024/11/08 07:32:00,725.00,504.64
2024/11/08 07:32:00,726.00,502.66
2024/11/08 07:32:00,727.00,502.90
2024/11/08 07:32:00,728.00,504.66
2024/11/08 07:32:00,729.00,505.44
2024/11/08 07:32:00,730.00,506.42
2024/11/08 07:32:00,731.00,511.48
2024/11/08 07:32:00,732.00,515.86
2024/11/08 07:32:00,733.00,516.49
2024/11/08 07:32:00,734.00,519.36
2024/11/08 07:32:00,735.00,521.52
2024/11/08 07:32:00,736.00,518.67
2024/11/08 07:32:00,737.00,514.91
2024/11/08 07:32:00,738.00,515.90
2024/11/08 07:32:00,739.00,514.32
2024/11/08 07:32:00,740.00,513.35
2024/11/08 07:32:00,741.00,515.41
2024/11/08 07:32:00,742.00,516.34
2024/11/08 07:32:00,743.00,515.61
2024/11/08 07:32:00,744.00,514.98
2024/11/08 07:32:00,745.00,515.26
2024/11/08 07:32:00,746.00,515.62
2024/11/08 07:32:00,747.00,514.92
2024/11/08 07:32:00,748.00,514.38
2024/11/08 07:32:00,749.00,515.05
2024/11/08 07:32:00,750.00,512.82
2024/11/08 07:32:00,751.00,510.99
2024/11/08 07:32:00,752.00,511.39
2024/11/08 07:32:00,753.00,508.32
2024/11/08 07:32:00,754.00,505.96
2024/11/08 07:32:00,755.00,503.37
2024/11/08 07:32:00,756.00,490.46
2024/11/08 07:32:00,757.00,462.60
2024/11/08 07:32:00,758.00,426.61
2024/11/08 07:32:00,759.00,388.49
2024/11/08 07:32:00,760.00,348.27
2024/11/08 07:32:00,761.00,316.10
2024/11/08 07:32:00,762.00,302.16
2024/11/08 07:32:00,763.00,301.75
2024/11/08 07:32:00,764.00,308.54
2024/11/08 07:32:00,765.00,323.64
2024/11/08 07:32:00,766.00,347.66
2024/11/08 07:32:00,767.00,368.69
2024/11/08 07:32:00,768.00,388.95
2024/11/08 07:32:00,769.00,410.19
2024/11/08 07:32:00,770.00,427.79
2024/11/08 07:32:00,771.00,441.29
2024/11/08 07:32:00,772.00,454.64
2024/11/08 07:32:00,773.00,463.89
2024/11/08 07:32:00,774.00,469.77
2024/11/08 07:32:00,775.00,474.47
2024/11/08 07:32:00,776.00,478.30
2024/11/08 07:32:00,777.00,479.12
2024/11/08 07:32:00,778.00,480.37
2024/11/08 07:32:00,779.00,480.99
2024/11/08 07:32:00,780.00,482.97
2024/11/08 07:32:00,781.00,479.83
2024/11/08 07:32:00,782.00,478.36
2024/11/08 07:32:00,783.00,479.71
2024/11/08 07:32:00,784.00,476.06
2024/11/08 07:32:00,785.00,471.97
2024/11/08 07:32:00,786.00,473.79
2024/11/08 07:32:00,787.00,473.52
2024/11/08 07:32:00,788.00,470.50
2024/11/08 07:32:00,789.00,471.62
2024/11/08 07:32:00,790.00,471.47
2024/11/08 07:32:00,791.00,467.55
2024/11/08 07:32:00,792.00,465.81
2024/11/08 07:32:00,793.00,466.55
2024/11/08 07:32:00,794.00,464.67
2024/11/08 07:32:00,795.00,463.78
2024/11/08 07:32:00,796.00,463.99
2024/11/08 07:32:00,797.00,464.89
2024/11/08 07:32:00,798.00,460.99
2024/11/08 07:32:00,799.00,460.58
2024/11/08 07:32:00,800.00,461.50
2024/11/08 07:32:00,801.00,459.35
2024/11/08 07:32:00,802.00,457.09
2024/11/08 07:32:00,803.00,459.30
2024/11/08 07:32:00,804.00,458.02
2024/11/08 07:32:00,805.00,457.17
2024/11/08 07:32:00,806.00,457.31
2024/11/08 07:32:00,807.00,461.00
2024/11/08 07:32:00,808.00,460.58
2024/11/08 07:32:00,809.00,461.21
2024/11/08 07:32:00,810.00,461.16
2024/11/08 07:32:00,811.00,460.50
2024/11/08 07:32:00,812.00,454.90
2024/11/08 07:32:00,813.00,449.60
2024/11/08 07:32:00,814.00,444.94
2024/11/08 07:32:00,815.00,436.24
2024/11/08 07:32:00,816.00,431.01
2024/11/08 07:32:00,817.00,428.72
2024/11/08 07:32:00,818.00,426.49
2024/11/08 07:32:00,819.00,425.23
2024/11/08 07:32:00,820.00,426.73
2024/11/08 07:32:00,821.00,430.64
2024/11/08 07:32:00,822.00,431.30
2024/11/08 07:32:00,823.00,435.75
2024/11/08 07:32:00,824.00,440.96
2024/11/08 07:32:00,825.00,441.14
2024/11/08 07:32:00,826.00,438.28
2024/11/08 07:32:00,827.00,437.87
2024/11/08 07:32:00,828.00,433.61
2024/11/08 07:32:00,829.00,426.85
2024/11/08 07:32:00,830.00,426.47
2024/11/08 07:32:00,831.00,425.33
2024/11/08 07:32:00,832.00,423.53
2024/11/08 07:32:00,833.00,424.37
2024/11/08 07:32:00,834.00,426.34
2024/11/08 07:32:00,835.00,426.82
2024/11/08 07:32:00,836.00,428.43
2024/11/08 07:32:00,837.00,428.12
2024/11/08 07:32:00,838.00,429.31
2024/11/08 07:32:00,839.00,427.89
2024/11/08 07:32:00,840.00,427.35
2024/11/08 07:32:00,841.00,428.17
2024/11/08 07:32:00,842.00,426.35
2024/11/08 07:32:00,843.00,423.47
2024/11/08 07:32:00,844.00,422.95
2024/11/08 07:32:00,845.00,420.25
2024/11/08 07:32:00,846.00,413.34
2024/11/08 07:32:00,847.00,412.23
2024/11/08 07:32:00,848.00,410.70
2024/11/08 07:32:00,849.00,407.00
2024/11/08 07:32:00,850.00,405.02
2024/11/08 07:32:00,851.00,401.93
2024/11/08 07:32:00,852.00,397.29
2024/11/08 07:32:00,853.00,394.23
2024/11/08 07:32:00,854.00,392.07
2024/11/08 07:32:00,855.00,393.69
2024/11/08 07:32:00,856.00,395.78
2024/11/08 07:32:00,857.00,397.59
2024/11/08 07:32:00,858.00,401.50
2024/11/08 07:32:00,859.00,402.75
2024/11/08 07:32:00,860.00,401.80
2024/11/08 07:32:00,861.00,403.68
2024/11/08 07:32:00,862.00,402.68
2024/11/08 07:32:00,863.00,398.42
2024/11/08 07:32:00,864.00,395.20
2024/11/08 07:32:00,865.00,393.25
2024/11/08 07:32:00,866.00,390.42
2024/11/08 07:32:00,867.00,390.38
2024/11/08 07:32:00,868.00,391.57
2024/11/08 07:32:00,869.00,393.45
2024/11/08 07:32:00,870.00,393.33
2024/11/08 07:32:00,871.00,393.03
2024/11/08 07:32:00,872.00,392.67
2024/11/08 07:32:00,873.00,391.41
2024/11/08 07:32:00,874.00,391.04
2024/11/08 07:32:00,875.00,391.84
2024/11/08 07:32:00,876.00,391.29
2024/11/08 07:32:00,877.00,391.54
2024/11/08 07:32:00,878.00,391.67
2024/11/08 07:32:00,879.00,390.66
2024/11/08 07:32:00,880.00,389.90
2024/11/08 07:32:00,881.00,390.33
2024/11/08 07:32:00,882.00,389.94
2024/11/08 07:32:00,883.00,388.82
2024/11/08 07:32:00,884.00,387.04
2024/11/08 07:32:00,885.00,387.29
2024/11/08 07:32:00,886.00,385.11
2024/11/08 07:32:00,887.00,383.51
2024/11/08 07:32:00,888.00,383.53
2024/11/08 07:32:00,889.00,383.23
2024/11/08 07:32:00,890.00,379.50
2024/11/08 07:32:00,891.00,378.52
2024/11/08 07:32:00,892.00,375.39
2024/11/08 07:32:00,893.00,370.49
2024/11/08 07:32:00,894.00,365.79
2024/11/08 07:32:00,895.00,359.87
2024/11/08 07:32:00,896.00,353.23
2024/11/08 07:32:00,897.00,347.34
2024/11/08 07:32:00,898.00,339.25
2024/11/08 07:32:00,899.00,333.93
2024/11/08 07:32:00,900.00,330.57
2024/11/08 07:32:00,901.00,329.17
2024/11/08 07:32:00,902.00,330.70
2024/11/08 07:32:00,903.00,332.67
2024/11/08 07:32:00,904.00,333.20
2024/11/08 07:32:00,905.00,333.43
2024/11/08 07:32:00,906.00,330.56
2024/11/08 07:32:00,907.00,327.66
2024/11/08 07:32:00,908.00,326.10
2024/11/08 07:32:00,909.00,323.94
2024/11/08 07:32:00,910.00,323.49
2024/11/08 07:32:00,911.00,322.18
2024/11/08 07:32:00,912.00,319.56
2024/11/08 07:32:00,913.00,318.38
2024/11/08 07:32:00,914.00,317.09
2024/11/08 07:32:00,915.00,315.27
2024/11/08 07:32:00,916.00,316.85
2024/11/08 07:32:00,917.00,318.20
2024/11/08 07:32:00,918.00,319.83
2024/11/08 07:32:00,919.00,321.97
2024/11/08 07:32:00,920.00,323.01
2024/11/08 07:32:00,921.00,323.49
2024/11/08 07:32:00,922.00,322.92
2024/11/08 07:32:00,923.00,322.42
2024/11/08 07:32:00,924.00,321.93
2024/11/08 07:32:00,925.00,320.83
2024/11/08 07:32:00,926.00,316.08
2024/11/08 07:32:00,927.00,310.26
2024/11/08 07:32:00,928.00,299.52
2024/11/08 07:32:00,929.00,285.67
2024/11/08 07:32:00,930.00,269.11
2024/11/08 07:32:00,931.00,251.77
2024/11/08 07:32:00,932.00,235.66
2024/11/08 07:32:00,933.00,221.78
2024/11/08 07:32:00,934.00,209.78
2024/11/08 07:32:00,935.00,203.57
2024/11/08 07:32:00,936.00,202.21
2024/11/08 07:32:00,937.00,204.18
2024/11/08 07:32:00,938.00,209.10
2024/11/08 07:32:00,939.00,214.21
2024/11/08 07:32:00,940.00,217.17
2024/11/08 07:32:00,941.00,218.40
2024/11/08 07:32:00,942.00,216.01
2024/11/08 07:32:00,943.00,214.48
2024/11/08 07:32:00,944.00,212.94
2024/11/08 07:32:00,945.00,213.28
2024/11/08 07:32:00,946.00,213.50
2024/11/08 07:32:00,947.00,214.93
2024/11/08 07:32:00,948.00,216.60
2024/11/08 07:32:00,949.00,218.60
2024/11/08 07:32:00,950.00,219.85
2024/11/08 07:32:00,951.00,222.57
2024/11/08 07:32:00,952.00,223.44
2024/11/08 07:32:00,953.00,223.57
2024/11/08 07:32:00,954.00,225.75
2024/11/08 07:32:00,955.00,226.88
2024/11/08 07:32:00,956.00,228.40
2024/11/08 07:32:00,957.00,231.96
2024/11/08 07:32:00,958.00,234.58
2024/11/08 07:32:00,959.00,237.14
2024/11/08 07:32:00,960.00,240.85
2024/11/08 07:32:00,961.00,243.09
2024/11/08 07:32:00,962.00,246.71
2024/11/08 07:32:00,963.00,250.54
2024/11/08 07:32:00,964.00,254.14
2024/11/08 07:32:00,965.00,260.63
2024/11/08 07:32:00,966.00,266.36
2024/11/08 07:32:00,967.00,271.95
2024/11/08 07:32:00,968.00,278.88
2024/11/08 07:32:00,969.00,282.61
2024/11/08 07:32:00,970.00,284.88
2024/11/08 07:32:00,971.00,287.18
2024/11/08 07:32:00,972.00,286.53
2024/11/08 07:32:00,973.00,285.72
2024/11/08 07:32:00,974.00,284.83
2024/11/08 07:32:00,975.00,283.54
2024/11/08 07:32:00,976.00,283.67
2024/11/08 07:32:00,977.00,283.91
2024/11/08 07:32:00,978.00,285.49
2024/11/08 07:32:00,979.00,287.91
2024/11/08 07:32:00,980.00,290.01
2024/11/08 07:32:00,981.00,293.24
2024/11/08 07:32:00,982.00,296.80
2024/11/08 07:32:00,983.00,298.78
2024/11/08 07:32:00,984.00,300.83
2024/11/08 07:32:00,985.00,301.83
2024/11/08 07:32:00,986.00,301.88
2024/11/08 07:32:00,987.00,302.84
2024/11/08 07:32:00,988.00,302.13
2024/11/08 07:32:00,989.00,303.31
2024/11/08 07:32:00,990.00,304.13
2024/11/08 07:32:00,991.00,303.02
2024/11/08 07:32:00,992.00,303.32
2024/11/08 07:32:00,993.00,303.82
2024/11/08 07:32:00,994.00,301.85
2024/11/08 07:32:00,995.00,301.92
2024/11/08 07:32:00,996.00,301.12
2024/11/08 07:32:00,997.00,300.28
2024/11/08 07:32:00,998.00,300.53
2024/11/08 07:32:00,999.00,300.91
2024/11/08 07:32:00,1000.00,301.15
2024/11/08 07:32:00,1001.00,301.01
2024/11/08 07:32:00,1002.00,298.95
2024/11/08 07:32:00,1003.00,297.31
2024/11/08 07:32:00,1004.00,294.68
2024/11/08 07:32:00,1005.00,292.27
2024/11/08 07:32:00,1006.00,291.70
2024/11/08 07:32:00,1007.00,289.85
2024/11/08 07:32:00,1008.00,289.70
2024/11/08 07:32:00,1009.00,291.34
2024/11/08 07:32:00,1010.00,291.47
2024/11/08 07:32:00,1011.00,292.58
2024/11/08 07:32:00,1012.00,291.88
2024/11/08 07:32:00,1013.00,291.52
2024/11/08 07:32:00,1014.00,291.37
2024/11/08 07:32:00,1015.00,290.12
2024/11/08 07:32:00,1016.00,290.08
2024/11/08 07:32:00,1017.00,290.49
2024/11/08 07:32:00,1018.00,290.02
2024/11/08 07:32:00,1019.00,289.64
2024/11/08 07:32:00,1020.00,288.75
2024/11/08 07:32:00,1021.00,287.85
2024/11/08 07:32:00,1022.00,287.71
2024/11/08 07:32:00,1023.00,286.75
2024/11/08 07:32:00,1024.00,285.80
2024/11/08 07:32:00,1025.00,285.64
2024/11/08 07:32:00,1026.00,285.77
2024/11/08 07:32:00,1027.00,284.41
2024/11/08 07:32:00,1028.00,283.45
2024/11/08 07:32:00,1029.00,283.98
2024/11/08 07:32:00,1030.00,282.99
2024/11/08 07:32:00,1031.00,280.78
2024/11/08 07:32:00,1032.00,281.16
2024/11/08 07:32:00,1033.00,280.91
2024/11/08 07:32:00,1034.00,279.16
2024/11/08 07:32:00,1035.00,279.31
2024/11/08 07:32:00,1036.00,278.67
2024/11/08 07:32:00,1037.00,276.83
2024/11/08 07:32:00,1038.00,275.21
2024/11/08 07:32:00,1039.00,275.75
2024/11/08 07:32:00,1040.00,273.67
2024/11/08 07:32:00,1041.00,273.15
2024/11/08 07:32:00,1042.00,273.93
2024/11/08 07:32:00,1043.00,273.30
2024/11/08 07:32:00,1044.00,271.96
2024/11/08 07:32:00,1045.00,273.21
2024/11/08 07:32:00,1046.00,273.61
2024/11/08 07:32:00,1047.00,271.18
2024/11/08 07:32:00,1048.00,270.46
2024/11/08 07:32:00,1049.00,270.40
2024/11/08 07:32:00,1050.00,266.66
2024/11/08 07:32:00,1051.00,269.57
2024/11/08 07:32:00,1052.00,270.08
2024/11/08 07:32:00,1053.00,268.14
2024/11/08 07:32:00,1054.00,265.65
2024/11/08 07:32:00,1055.00,267.98
2024/11/08 07:32:00,1056.00,266.95
2024/11/08 07:32:00,1057.00,266.36
2024/11/08 07:32:00,1058.00,267.52
2024/11/08 07:32:00,1059.00,267.47
2024/11/08 07:32:00,1060.00,265.45
2024/11/08 07:32:00,1061.00,261.97
2024/11/08 07:32:00,1062.00,262.60
2024/11/08 07:32:00,1063.00,260.62
2024/11/08 07:32:00,1064.00,257.88
2024/11/08 07:32:00,1065.00,260.47
2024/11/08 07:32:00,1066.00,260.18
2024/11/08 07:32:00,1067.00,256.83
2024/11/08 07:32:00,1068.00,258.79
2024/11/08 07:32:00,1069.00,257.77
2024/11/08 07:32:00,1070.00,254.79
2024/11/08 07:32:00,1071.00,257.58
2024/11/08 07:32:00,1072.00,257.50
2024/11/08 07:32:00,1073.00,256.24
2024/11/08 07:32:00,1074.00,256.97
2024/11/08 07:32:00,1075.00,256.33
2024/11/08 07:32:00,1076.00,256.49
2024/11/08 07:32:00,1077.00,255.28
2024/11/08 07:32:00,1078.00,254.24
2024/11/08 07:32:00,1079.00,252.89
2024/11/08 07:32:00,1080.00,249.66
2024/11/08 07:32:00,1081.00,248.36
2024/11/08 07:32:00,1082.00,249.02
2024/11/08 07:32:00,1083.00,248.25
2024/11/08 07:32:00,1084.00,250.40
2024/11/08 07:32:00,1085.00,252.06
2024/11/08 07:32:00,1086.00,252.86
2024/11/08 07:32:00,1087.00,248.75
2024/11/08 07:32:00,1088.00,248.98
2024/11/08 07:32:00,1089.00,246.67
2024/11/08 07:32:00,1090.00,242.21
2024/11/08 07:32:00,1091.00,241.21
2024/11/08 07:32:00,1092.00,238.62
2024/11/08 07:32:00,1093.00,234.13
2024/11/08 07:32:00,1094.00,236.68
2024/11/08 07:32:00,1095.00,237.03
2024/11/08 07:32:00,1096.00,236.15
2024/11/08 07:32:00,1097.00,239.92
2024/11/08 07:32:00,1098.00,238.86
2024/11/08 07:32:00,1099.00,231.79
2024/11/08 07:32:00,1100.00,229.18
2024/11/08 07:33:00,Wavelength(nm),Irradiance(W/m2/um)
2024/11/08 07:33:00,300.00,8.48
2024/11/08 07:33:00,301.00,9.02
2024/11/08 07:33:00,302.00,10.04
2024/11/08 07:33:00,303.00,11.91
2024/11/08 07:33:00,304.00,13.29
2024/11/08 07:33:00,305.00,14.85
2024/11/08 07:33:00,306.00,17.35
2024/11/08 07:33:00,307.00,20.15
2024/11/08 07:33:00,308.00,23.24
2024/11/08 07:33:00,309.00,27.28
2024/11/08 07:33:00,310.00,31.96
2024/11/08 07:33:00,311.00,37.00
2024/11/08 07:33:00,312.00,42.46
2024/11/08 07:33:00,313.00,48.51
2024/11/08 07:33:00,314.00,55.62
2024/11/08 07:33:00,315.00,62.54
2024/11/08 07:33:00,316.00,70.16
2024/11/08 07:33:00,317.00,78.64
2024/11/08 07:33:00,318.00,86.23
2024/11/08 07:33:00,319.00,92.89
2024/11/08 07:33:00,320.00,100.59
2024/11/08 07:33:00,321.00,108.29
2024/11/08 07:33:00,322.00,116.71
2024/11/08 07:33:00,323.00,127.18
2024/11/08 07:33:00,324.00,138.67
2024/11/08 07:33:00,325.00,150.19
2024/11/08 07:33:00,326.00,162.61
2024/11/08 07:33:00,327.00,174.32
2024/11/08 07:33:00,328.00,184.02
2024/11/08 07:33:00,329.00,191.97
2024/11/08 07:33:00,330.00,198.61
2024/11/08 07:33:00,331.00,203.43
2024/11/08 07:33:00,332.00,206.30
2024/11/08 07:33:00,333.00,207.15
2024/11/08 07:33:00,334.00,207.83
2024/11/08 07:33:00,335.00,208.64
2024/11/08 07:33:00,336.00,210.06
2024/11/08 07:33:00,337.00,212.24
2024/11/08 07:33:00,338.00,216.21
2024/11/08 07:33:00,339.00,220.92
2024/11/08 07:33:00,340.00,225.00
2024/11/08 07:33:00,341.00,226.99
2024/11/08 07:33:00,342.00,228.02
2024/11/08 07:33:00,343.00,228.78
2024/11/08 07:33:00,344.00,228.96
2024/11/08 07:33:00,345.00,228.95
2024/11/08 07:33:00,346.00,230.15
2024/11/08 07:33:00,347.00,232.70
2024/11/08 07:33:00,348.00,235.89
2024/11/08 07:33:00,349.00,239.39
2024/11/08 07:33:00,350.00,243.14
2024/11/08 07:33:00,351.00,248.92
2024/11/08 07:33:00,352.00,254.37
2024/11/08 07:33:00,353.00,257.55
2024/11/08 07:33:00,354.00,257.79
2024/11/08 07:33:00,355.00,254.79
2024/11/08 07:33:00,356.00,250.39
2024/11/08 07:33:00,357.00,246.76
2024/11/08 07:33:00,358.00,243.65
2024/11/08 07:33:00,359.00,244.04
2024/11/08 07:33:00,360.00,249.89
2024/11/08 07:33:00,361.00,256.19
2024/11/08 07:33:00,362.00,263.64
2024/11/08 07:33:00,363.00,275.11
2024/11/08 07:33:00,364.00,287.23
2024/11/08 07:33:00,365.00,296.93
2024/11/08 07:33:00,366.00,306.27
2024/11/08 07:33:00,367.00,312.88
2024/11/08 07:33:00,368.00,316.29
2024/11/08 07:33:00,369.00,315.81
2024/11/08 07:33:00,370.00,311.34
2024/11/08 07:33:00,371.00,303.20
2024/11/08 07:33:00,372.00,295.55
2024/11/08 07:33:00,373.00,290.21
2024/11/08 07:33:00,374.00,290.86
2024/11/08 07:33:00,375.00,298.85
2024/11/08 07:33:00,376.00,309.67
2024/11/08 07:33:00,377.00,320.10
2024/11/08 07:33:00,378.00,327.31
2024/11/08 07:33:00,379.00,325.25
2024/11/08 07:33:00,380.00,312.22
2024/11/08 07:33:00,381.00,297.18
2024/11/08 07:33:00,382.00,284.79
2024/11/08 07:33:00,383.00,275.51
2024/11/08 07:33:00,384.00,272.28
2024/11/08 07:33:00,385.00,277.35
2024/11/08 07:33:00,386.00,286.71
2024/11/08 07:33:00,387.00,298.14
2024/11/08 07:33:00,388.00,311.62
2024/11/08 07:33:00,389.00,323.03
2024/11/08 07:33:00,390.00,324.86
2024/11/08 07:33:00,391.00,319.72
2024/11/08 07:33:00,392.00,315.65
2024/11/08 07:33:00,393.00,307.98
2024/11/08 07:33:00,394.00,298.46
2024/11/08 07:33:00,395.00,303.55
2024/11/08 07:33:00,396.00,326.08
2024/11/08 07:33:00,397.00,352.98
2024/11/08 07:33:00,398.00,385.04
2024/11/08 07:33:00,399.00,423.79
2024/11/08 07:33:00,400.00,458.50
2024/11/08 07:33:00,401.00,480.96
2024/11/08 07:33:00,402.00,493.32
2024/11/08 07:33:00,403.00,496.78
2024/11/08 07:33:00,404.00,494.90
2024/11/08 07:33:00,405.00,492.81
2024/11/08 07:33:00,406.00,492.86
2024/11/08 07:33:00,407.00,492.93
2024/11/08 07:33:00,408.00,495.28
2024/11/08 07:33:00,409.00,501.91
2024/11/08 07:33:00,410.00,508.99
2024/11/08 07:33:00,411.00,514.53
2024/11/08 07:33:00,412.00,521.12
2024/11/08 07:33:00,413.00,528.77
2024/11/08 07:33:00,414.00,533.47
2024/11/08 07:33:00,415.00,535.29
2024/11/08 07:33:00,416.00,535.20
2024/11/08 07:33:00,417.00,535.45
2024/11/08 07:33:00,418.00,535.50
2024/11/08 07:33:00,419.00,536.35
2024/11/08 07:33:00,420.00,536.81
2024/11/08 07:33:00,421.00,537.73
2024/11/08 07:33:00,422.00,538.61
2024/11/08 07:33:00,423.00,538.48
2024/11/08 07:33:00,424.00,536.19
2024/11/08 07:33:00,425.00,533.55
2024/11/08 07:33:00,426.00,529.46
2024/11/08 07:33:00,427.00,519.06
2024/11/08 07:33:00,428.00,505.16
2024/11/08 07:33:00,429.00,497.14
2024/11/08 07:33:00,430.00,497.62
2024/11/08 07:33:00,431.00,503.49
2024/11/08 07:33:00,432.00,517.02
2024/11/08 07:33:00,433.00,538.56
2024/11/08 07:33:00,434.00,558.17
2024/11/08 07:33:00,435.00,568.55
2024/11/08 07:33:00,436.00,573.58
2024/11/08 07:33:00,437.00,577.93
2024/11/08 07:33:00,438.00,581.84
2024/11/08 07:33:00,439.00,586.69
2024/11/08 07:33:00,440.00,595.75
2024/11/08 07:33:00,441.00,609.48
2024/11/08 07:33:00,442.00,621.33
2024/11/08 07:33:00,443.00,629.45
2024/11/08 07:33:00,444.00,635.96
2024/11/08 07:33:00,445.00,641.37
2024/11/08 07:33:00,446.00,646.65
2024/11/08 07:33:00,447.00,656.90
2024/11/08 07:33:00,448.00,669.13
2024/11/08 07:33:00,449.00,679.10
2024/11/08 07:33:00,450.00,684.45
2024/11/08 07:33:00,451.00,685.54
2024/11/08 07:33:00,452.00,683.99
2024/11/08 07:33:00,453.00,682.74
2024/11/08 07:33:00,454.00,683.61
2024/11/08 07:33:00,455.00,687.23
2024/11/08 07:33:00,456.00,692.58
2024/11/08 07:33:00,457.00,697.40
2024/11/08 07:33:00,458.00,701.06
2024/11/08 07:33:00,459.00,704.33
2024/11/08 07:33:00,460.00,707.63
2024/11/08 07:33:00,461.00,710.83
2024/11/08 07:33:00,462.00,713.11
2024/11/08 07:33:00,463.00,712.63
2024/11/08 07:33:00,464.00,709.40
2024/11/08 07:33:00,465.00,705.07
2024/11/08 07:33:00,466.00,701.19
2024/11/08 07:33:00,467.00,698.47
2024/11/08 07:33:00,468.00,697.33
2024/11/08 07:33:00,469.00,698.27
2024/11/08 07:33:00,470.00,700.61
2024/11/08 07:33:00,471.00,702.60
2024/11/08 07:33:00,472.00,705.24
2024/11/08 07:33:00,473.00,708.33
2024/11/08 07:33:00,474.00,708.87
2024/11/08 07:33:00,475.00,709.04
2024/11/08 07:33:00,476.00,711.34
2024/11/08 07:33:00,477.00,713.18
2024/11/08 07:33:00,478.00,716.41
2024/11/08 07:33:00,479.00,720.18
2024/11/08 07:33:00,480.00,723.59
2024/11/08 07:33:00,481.00,723.50
2024/11/08 07:33:00,482.00,719.80
2024/11/08 07:33:00,483.00,707.54
2024/11/08 07:33:00,484.00,692.88
2024/11/08 07:33:00,485.00,678.87
2024/11/08 07:33:00,486.00,669.83
2024/11/08 07:33:00,487.00,666.74
2024/11/08 07:33:00,488.00,672.35
2024/11/08 07:33:00,489.00,681.36
2024/11/08 07:33:00,490.00,688.89
2024/11/08 07:33:00,491.00,694.95
2024/11/08 07:33:00,492.00,698.60
2024/11/08 07:33:00,493.00,701.10
2024/11/08 07:33:00,494.00,703.41
2024/11/08 07:33:00,495.00,707.19
2024/11/08 07:33:00,496.00,707.02
2024/11/08 07:33:00,497.00,704.65
2024/11/08 07:33:00,498.00,699.12
2024/11/08 07:33:00,499.00,692.88
2024/11/08 07:33:00,500.00,686.30
2024/11/08 07:33:00,501.00,682.07
2024/11/08 07:33:00,502.00,680.19
2024/11/08 07:33:00,503.00,681.85
2024/11/08 07:33:00,504.00,685.19
2024/11/08 07:33:00,505.00,687.95
2024/11/08 07:33:00,506.00,689.32
2024/11/08 07:33:00,507.00,690.41
2024/11/08 07:33:00,508.00,690.97
2024/11/08 07:33:00,509.00,690.52
2024/11/08 07:33:00,510.00,690.02
2024/11/08 07:33:00,511.00,689.20
2024/11/08 07:33:00,512.00,686.85
2024/11/08 07:33:00,513.00,680.71
2024/11/08 07:33:00,514.00,670.80
2024/11/08 07:33:00,515.00,657.89
2024/11/08 07:33:00,516.00,647.73
2024/11/08 07:33:00,517.00,640.26
2024/11/08 07:33:00,518.00,638.31
2024/11/08 07:33:00,519.00,642.05
2024/11/08 07:33:00,520.00,650.42
2024/11/08 07:33:00,521.00,658.34
2024/11/08 07:33:00,522.00,666.43
2024/11/08 07:33:00,523.00,668.77
2024/11/08 07:33:00,524.00,668.02
2024/11/08 07:33:00,525.00,666.88
2024/11/08 07:33:00,526.00,667.56
2024/11/08 07:33:00,527.00,667.90
2024/11/08 07:33:00,528.00,671.22
2024/11/08 07:33:00,529.00,676.41
2024/11/08 07:33:00,530.00,679.61
2024/11/08 07:33:00,531.00,681.12
2024/11/08 07:33:00,532.00,680.98
2024/11/08 07:33:00,533.00,680.16
2024/11/08 07:33:00,534.00,679.13
2024/11/08 07:33:00,535.00,679.10
2024/11/08 07:33:00,536.00,678.12
2024/11/08 07:33:00,537.00,675.67
2024/11/08 07:33:00,538.00,672.59
2024/11/08 07:33:00,539.00,669.42
2024/11/08 07:33:00,540.00,666.55
2024/11/08 07:33:00,541.00,665.35
2024/11/08 07:33:00,542.00,665.80
2024/11/08 07:33:00,543.00,666.40
2024/11/08 07:33:00,544.00,667.35
2024/11/08 07:33:00,545.00,669.25
2024/11/08 07:33:00,546.00,669.45
2024/11/08 07:33:00,547.00,670.32
2024/11/08 07:33:00,548.00,670.87
2024/11/08 07:33:00,549.00,671.33
2024/11/08 07:33:00,550.00,671.53
2024/11/08 07:33:00,551.00,671.83
2024/11/08 07:33:00,552.00,671.64
2024/11/08 07:33:00,553.00,670.62
2024/11/08 07:33:00,554.00,668.98
2024/11/08 07:33:00,555.00,665.84
2024/11/08 07:33:00,556.00,661.80
2024/11/08 07:33:00,557.00,656.51
2024/11/08 07:33:00,558.00,652.22
2024/11/08 07:33:00,559.00,650.33
2024/11/08 07:33:00,560.00,649.19
2024/11/08 07:33:00,561.00,648.79
2024/11/08 07:33:00,562.00,649.85
2024/11/08 07:33:00,563.00,649.85
2024/11/08 07:33:00,564.00,648.06
2024/11/08 07:33:00,565.00,646.68
2024/11/08 07:33:00,566.00,645.64
2024/11/08 07:33:00,567.00,642.54
2024/11/08 07:33:00,568.00,639.58
2024/11/08 07:33:00,569.00,637.25
2024/11/08 07:33:00,570.00,635.64
2024/11/08 07:33:00,571.00,635.03
2024/11/08 07:33:00,572.00,635.26
2024/11/08 07:33:00,573.00,636.26
2024/11/08 07:33:00,574.00,636.72
2024/11/08 07:33:00,575.00,635.64
2024/11/08 07:33:00,576.00,633.10
2024/11/08 07:33:00,577.00,631.82
2024/11/08 07:33:00,578.00,630.53
2024/11/08 07:33:00,579.00,630.94
2024/11/08 07:33:00,580.00,633.17
2024/11/08 07:33:00,581.00,636.75
2024/11/08 07:33:00,582.00,639.21
2024/11/08 07:33:00,583.00,641.57
2024/11/08 07:33:00,584.00,643.58
2024/11/08 07:33:00,585.00,642.80
2024/11/08 07:33:00,586.00,638.45
2024/11/08 07:33:00,587.00,633.96
2024/11/08 07:33:00,588.00,629.66
2024/11/08 07:33:00,589.00,626.71
2024/11/08 07:33:00,590.00,624.14
2024/11/08 07:33:00,591.00,624.35
2024/11/08 07:33:00,592.00,625.31
2024/11/08 07:33:00,593.00,626.51
2024/11/08 07:33:00,594.00,626.52
2024/11/08 07:33:00,595.00,626.24
2024/11/08 07:33:00,596.00,625.37
2024/11/08 07:33:00,597.00,625.37
2024/11/08 07:33:00,598.00,623.66
2024/11/08 07:33:00,599.00,621.06
2024/11/08 07:33:00,600.00,619.85
2024/11/08 07:33:00,601.00,619.99
2024/11/08 07:33:00,602.00,618.81
2024/11/08 07:33:00,603.00,619.52
2024/11/08 07:33:00,604.00,620.18
2024/11/08 07:33:00,605.00,620.51
2024/11/08 07:33:00,606.00,619.50
2024/11/08 07:33:00,607.00,620.03
2024/11/08 07:33:00,608.00,618.58
2024/11/08 07:33:00,609.00,617.81
2024/11/08 07:33:00,610.00,616.27
2024/11/08 07:33:00,611.00,614.03
2024/11/08 07:33:00,612.00,610.71
2024/11/08 07:33:00,613.00,607.94
2024/11/08 07:33:00,614.00,604.54
2024/11/08 07:33:00,615.00,603.09
2024/11/08 07:33:00,616.00,602.70
2024/11/08 07:33:00,617.00,603.38
2024/11/08 07:33:00,618.00,604.90
2024/11/08 07:33:00,619.00,606.88
2024/11/08 07:33:00,620.00,606.93
2024/11/08 07:33:00,621.00,607.12
2024/11/08 07:33:00,622.00,605.61
2024/11/08 07:33:00,623.00,602.74
2024/11/08 07:33:00,624.00,600.29
2024/11/08 07:33:00,625.00,597.68
2024/11/08 07:33:00,626.00,593.43
2024/11/08 07:33:00,627.00,591.03
2024/11/08 07:33:00,628.00,589.12
2024/11/08 07:33:00,629.00,587.45
2024/11/08 07:33:00,630.00,587.54
2024/11/08 07:33:00,631.00,588.61
2024/11/08 07:33:00,632.00,589.80
2024/11/08 07:33:00,633.00,591.19
2024/11/08 07:33:00,634.00,592.97
2024/11/08 07:33:00,635.00,593.71
2024/11/08 07:33:00,636.00,595.92
2024/11/08 07:33:00,637.00,597.51
2024/11/08 07:33:00,638.00,598.29
2024/11/08 07:33:00,639.00,599.06
2024/11/08 07:33:00,640.00,599.84
2024/11/08 07:33:00,641.00,599.69
2024/11/08 07:33:00,642.00,600.14
2024/11/08 07:33:00,643.00,600.17
2024/11/08 07:33:00,644.00,599.50
2024/11/08 07:33:00,645.00,598.10
2024/11/08 07:33:00,646.00,596.19
2024/11/08 07:33:00,647.00,593.89
2024/11/08 07:33:00,648.00,592.12
2024/11/08 07:33:00,649.00,591.55
2024/11/08 07:33:00,650.00,592.74
2024/11/08 07:33:00,651.00,591.96
2024/11/08 07:33:00,652.00,589.80
2024/11/08 07:33:00,653.00,584.22
2024/11/08 07:33:00,654.00,576.96
2024/11/08 07:33:00,655.00,570.16
2024/11/08 07:33:00,656.00,568.29
2024/11/08 07:33:00,657.00,567.44
2024/11/08 07:33:00,658.00,571.21
2024/11/08 07:33:00,659.00,577.02
2024/11/08 07:33:00,660.00,581.40
2024/11/08 07:33:00,661.00,583.58
2024/11/08 07:33:00,662.00,587.18
2024/11/08 07:33:00,663.00,589.91
2024/11/08 07:33:00,664.00,592.13
2024/11/08 07:33:00,665.00,593.58
2024/11/08 07:33:00,666.00,595.42
2024/11/08 07:33:00,667.00,596.42
2024/11/08 07:33:00,668.00,597.13
2024/11/08 07:33:00,669.00,595.04
2024/11/08 07:33:00,670.00,595.00
2024/11/08 07:33:00,671.00,594.49
2024/11/08 07:33:00,672.00,591.35
2024/11/08 07:33:00,673.00,590.05
2024/11/08 07:33:00,674.00,590.87
2024/11/08 07:33:00,675.00,589.96
2024/11/08 07:33:00,676.00,589.68
2024/11/08 07:33:00,677.00,590.47
2024/11/08 07:33:00,678.00,590.30
2024/11/08 07:33:00,679.00,590.90
2024/11/08 07:33:00,680.00,590.57
2024/11/08 07:33:00,681.00,589.42
2024/11/08 07:33:00,682.00,588.29
2024/11/08 07:33:00,683.00,582.30
2024/11/08 07:33:00,684.00,569.69
2024/11/08 07:33:00,685.00,553.51
2024/11/08 07:33:00,686.00,535.55
2024/11/08 07:33:00,687.00,520.08
2024/11/08 07:33:00,688.00,509.86
2024/11/08 07:33:00,689.00,506.69
2024/11/08 07:33:00,690.00,511.96
2024/11/08 07:33:00,691.00,520.30
2024/11/08 07:33:00,692.00,527.32
2024/11/08 07:33:00,693.00,534.93
2024/11/08 07:33:00,694.00,542.13
2024/11/08 07:33:00,695.00,546.96
2024/11/08 07:33:00,696.00,550.55
2024/11/08 07:33:00,697.00,552.25
2024/11/08 07:33:00,698.00,554.30
2024/11/08 07:33:00,699.00,555.13
2024/11/08 07:33:00,700.00,553.03
2024/11/08 07:33:00,701.00,554.55
2024/11/08 07:33:00,702.00,557.29
2024/11/08 07:33:00,703.00,556.90
2024/11/08 07:33:00,704.00,557.87
2024/11/08 07:33:00,705.00,559.36
2024/11/08 07:33:00,706.00,557.31
2024/11/08 07:33:00,707.00,555.47
2024/11/08 07:33:00,708.00,555.95
2024/11/08 07:33:00,709.00,554.71
2024/11/08 07:33:00,710.00,555.04
2024/11/08 07:33:00,711.00,555.47
2024/11/08 07:33:00,712.00,554.07
2024/11/08 07:33:00,713.00,553.44
2024/11/08 07:33:00,714.00,548.28
2024/11/08 07:33:00,715.00,541.74
2024/11/08 07:33:00,716.00,534.04
2024/11/08 07:33:00,717.00,524.16
2024/11/08 07:33:00,718.00,515.55
2024/11/08 07:33:00,719.00,512.15
2024/11/08 07:33:00,720.00,507.45
2024/11/08 07:33:00,721.00,505.58
2024/11/08 07:33:00,722.00,506.18
2024/11/08 07:33:00,723.00,504.53
2024/11/08 07:33:00,724.00,503.40
2024/11/08 07:33:00,725.00,504.50
2024/11/08 07:33:00,726.00,505.34
2024/11/08 07:33:00,727.00,506.99
2024/11/08 07:33:00,728.00,508.65
2024/11/08 07:33:00,729.00,510.76
2024/11/08 07:33:00,730.00,513.93
2024/11/08 07:33:00,731.00,516.14
2024/11/08 07:33:00,732.00,517.68
2024/11/08 07:33:00,733.00,520.68
2024/11/08 07:33:00,734.00,521.19
2024/11/08 07:33:00,735.00,519.77
2024/11/08 07:33:00,736.00,520.89
2024/11/08 07:33:00,737.00,519.92
2024/11/08 07:33:00,738.00,518.74
2024/11/08 07:33:00,739.00,518.85
2024/11/08 07:33:00,740.00,520.01
2024/11/08 07:33:00,741.00,519.45
2024/11/08 07:33:00,742.00,521.40
2024/11/08 07:33:00,743.00,522.16
2024/11/08 07:33:00,744.00,524.05
2024/11/08 07:33:00,745.00,522.67
2024/11/08 07:33:00,746.00,522.21
2024/11/08 07:33:00,747.00,522.48
2024/11/08 07:33:00,748.00,519.57
2024/11/08 07:33:00,749.00,516.62
2024/11/08 07:33:00,750.00,516.87
2024/11/08 07:33:00,751.00,514.91
2024/11/08 07:33:00,752.00,512.16
2024/11/08 07:33:00,753.00,514.43
2024/11/08 07:33:00,754.00,512.53
2024/11/08 07:33:00,755.00,508.97
2024/11/08 07:33:00,756.00,498.31
2024/11/08 07:33:00,757.00,471.64
2024/11/08 07:33:00,758.00,433.37
2024/11/08 07:33:00,759.00,393.15
2024/11/08 07:33:00,760.00,353.16
2024/11/08 07:33:00,761.00,321.00
2024/11/08 07:33:00,762.00,304.04
2024/11/08 07:33:00,763.00,303.79
2024/11/08 07:33:00,764.00,313.45
2024/11/08 07:33:00,765.00,327.81
2024/11/08 07:33:00,766.00,346.96
2024/11/08 07:33:00,767.00,372.65
2024/11/08 07:33:00,768.00,392.97
2024/11/08 07:33:00,769.00,408.37
2024/11/08 07:33:00,770.00,427.36
2024/11/08 07:33:00,771.00,442.32
2024/11/08 07:33:00,772.00,452.82
2024/11/08 07:33:00,773.00,463.49
2024/11/08 07:33:00,774.00,472.13
2024/11/08 07:33:00,775.00,475.84
2024/11/08 07:33:00,776.00,478.77
2024/11/08 07:33:00,777.00,480.33
2024/11/08 07:33:00,778.00,482.32
2024/11/08 07:33:00,779.00,481.72
2024/11/08 07:33:00,780.00,480.41
2024/11/08 07:33:00,781.00,482.58
2024/11/08 07:33:00,782.00,481.52
2024/11/08 07:33:00,783.00,477.92
2024/11/08 07:33:00,784.00,481.14
2024/11/08 07:33:00,785.00,479.13
2024/11/08 07:33:00,786.00,474.75
2024/11/08 07:33:00,787.00,478.20
2024/11/08 07:33:00,788.00,480.31
2024/11/08 07:33:00,789.00,477.44
2024/11/08 07:33:00,790.00,479.28
2024/11/08 07:33:00,791.00,478.82
2024/11/08 07:33:00,792.00,476.18
2024/11/08 07:33:00,793.00,472.02
2024/11/08 07:33:00,794.00,470.42
2024/11/08 07:33:00,795.00,469.58
2024/11/08 07:33:00,796.00,467.41
2024/11/08 07:33:00,797.00,462.89
2024/11/08 07:33:00,798.00,467.02
2024/11/08 07:33:00,799.00,466.28
2024/11/08 07:33:00,800.00,465.13
2024/11/08 07:33:00,801.00,469.81
2024/11/08 07:33:00,802.00,470.34
2024/11/08 07:33:00,803.00,466.39
2024/11/08 07:33:00,804.00,468.06
2024/11/08 07:33:00,805.00,466.79
2024/11/08 07:33:00,806.00,463.42
2024/11/08 07:33:00,807.00,461.73
2024/11/08 07:33:00,808.00,462.18
2024/11/08 07:33:00,809.00,463.20
2024/11/08 07:33:00,810.00,462.53
2024/11/08 07:33:00,811.00,461.10
2024/11/08 07:33:00,812.00,459.73
2024/11/08 07:33:00,813.00,451.97
2024/11/08 07:33:00,814.00,444.65
2024/11/08 07:33:00,815.00,442.77
2024/11/08 07:33:00,816.00,437.11
2024/11/08 07:33:00,817.00,433.35
2024/11/08 07:33:00,818.00,436.86
2024/11/08 07:33:00,819.00,433.33
2024/11/08 07:33:00,820.00,432.36
2024/11/08 07:33:00,821.00,435.18
2024/11/08 07:33:00,822.00,436.47
2024/11/08 07:33:00,823.00,437.94
2024/11/08 07:33:00,824.00,438.63
2024/11/08 07:33:00,825.00,439.42
2024/11/08 07:33:00,826.00,440.77
2024/11/08 07:33:00,827.00,437.12
2024/11/08 07:33:00,828.00,436.99
2024/11/08 07:33:00,829.00,438.15
2024/11/08 07:33:00,830.00,433.60
2024/11/08 07:33:00,831.00,432.86
2024/11/08 07:33:00,832.00,434.17
2024/11/08 07:33:00,833.00,431.99
2024/11/08 07:33:00,834.00,431.42
2024/11/08 07:33:00,835.00,434.92
2024/11/08 07:33:00,836.00,433.66
2024/11/08 07:33:00,837.00,432.80
2024/11/08 07:33:00,838.00,430.91
2024/11/08 07:33:00,839.00,431.17
2024/11/08 07:33:00,840.00,430.58
2024/11/08 07:33:00,841.00,428.93
2024/11/08 07:33:00,842.00,428.31
2024/11/08 07:33:00,843.00,428.07
2024/11/08 07:33:00,844.00,422.36
2024/11/08 07:33:00,845.00,421.20
2024/11/08 07:33:00,846.00,419.02
2024/11/08 07:33:00,847.00,414.13
2024/11/08 07:33:00,848.00,412.36
2024/11/08 07:33:00,849.00,411.74
2024/11/08 07:33:00,850.00,406.67
2024/11/08 07:33:00,851.00,402.35
2024/11/08 07:33:00,852.00,399.51
2024/11/08 07:33:00,853.00,395.82
2024/11/08 07:33:00,854.00,395.68
2024/11/08 07:33:00,855.00,396.48
2024/11/08 07:33:00,856.00,400.34
2024/11/08 07:33:00,857.00,403.70
2024/11/08 07:33:00,858.00,403.33
2024/11/08 07:33:00,859.00,404.68
2024/11/08 07:33:00,860.00,404.91
2024/11/08 07:33:00,861.00,402.87
2024/11/08 07:33:00,862.00,403.36
2024/11/08 07:33:00,863.00,401.36
2024/11/08 07:33:00,864.00,395.22
2024/11/08 07:33:00,865.00,393.55
2024/11/08 07:33:00,866.00,391.33
2024/11/08 07:33:00,867.00,390.10
2024/11/08 07:33:00,868.00,392.48
2024/11/08 07:33:00,869.00,395.58
2024/11/08 07:33:00,870.00,396.34
2024/11/08 07:33:00,871.00,396.35
2024/11/08 07:33:00,872.00,396.39
2024/11/08 07:33:00,873.00,395.67
2024/11/08 07:33:00,874.00,394.15
2024/11/08 07:33:00,875.00,392.94
2024/11/08 07:33:00,876.00,394.17
2024/11/08 07:33:00,877.00,392.65
2024/11/08 07:33:00,878.00,390.99
2024/11/08 07:33:00,879.00,392.34
2024/11/08 07:33:00,880.00,391.39
2024/11/08 07:33:00,881.00,391.21
2024/11/08 07:33:00,882.00,391.27
2024/11/08 07:33:00,883.00,390.62
2024/11/08 07:33:00,884.00,389.68
2024/11/08 07:33:00,885.00,388.48
2024/11/08 07:33:00,886.00,387.22
2024/11/08 07:33:00,887.00,387.25
2024/11/08 07:33:00,888.00,386.37
2024/11/08 07:33:00,889.00,385.49
2024/11/08 07:33:00,890.00,384.72
2024/11/08 07:33:00,891.00,381.02
2024/11/08 07:33:00,892.00,377.28
2024/11/08 07:33:00,893.00,373.02
2024/11/08 07:33:00,894.00,366.66
2024/11/08 07:33:00,895.00,360.21
2024/11/08 07:33:00,896.00,354.31
2024/11/08 07:33:00,897.00,346.98
2024/11/08 07:33:00,898.00,339.82
2024/11/08 07:33:00,899.00,334.92
2024/11/08 07:33:00,900.00,331.88
2024/11/08 07:33:00,901.00,332.37
2024/11/08 07:33:00,902.00,333.98
2024/11/08 07:33:00,903.00,337.32
2024/11/08 07:33:00,904.00,338.03
2024/11/08 07:33:00,905.00,336.55
2024/11/08 07:33:00,906.00,333.78
2024/11/08 07:33:00,907.00,330.21
2024/11/08 07:33:00,908.00,325.74
2024/11/08 07:33:00,909.00,324.78
2024/11/08 07:33:00,910.00,323.80
2024/11/08 07:33:00,911.00,322.22
2024/11/08 07:33:00,912.00,322.28
2024/11/08 07:33:00,913.00,321.76
2024/11/08 07:33:00,914.00,320.11
2024/11/08 07:33:00,915.00,319.32
2024/11/08 07:33:00,916.00,320.22
2024/11/08 07:33:00,917.00,321.80
2024/11/08 07:33:00,918.00,322.43
2024/11/08 07:33:00,919.00,324.17
2024/11/08 07:33:00,920.00,326.56
2024/11/08 07:33:00,921.00,325.65
2024/11/08 07:33:00,922.00,324.63
2024/11/08 07:33:00,923.00,325.59
2024/11/08 07:33:00,924.00,323.85
2024/11/08 07:33:00,925.00,321.14
2024/11/08 07:33:00,926.00,318.96
2024/11/08 07:33:00,927.00,311.67
2024/11/08 07:33:00,928.00,300.72
2024/11/08 07:33:00,929.00,288.14
2024/11/08 07:33:00,930.00,271.73
2024/11/08 07:33:00,931.00,254.55
2024/11/08 07:33:00,932.00,238.37
2024/11/08 07:33:00,933.00,224.31
2024/11/08 07:33:00,934.00,213.50
2024/11/08 07:33:00,935.00,206.18
2024/11/08 07:33:00,936.00,205.10
2024/11/08 07:33:00,937.00,207.54
2024/11/08 07:33:00,938.00,210.96
2024/11/08 07:33:00,939.00,216.80
2024/11/08 07:33:00,940.00,220.54
2024/11/08 07:33:00,941.00,219.18
2024/11/08 07:33:00,942.00,218.20
2024/11/08 07:33:00,943.00,216.55
2024/11/08 07:33:00,944.00,213.53
2024/11/08 07:33:00,945.00,213.44
2024/11/08 07:33:00,946.00,214.13
2024/11/08 07:33:00,947.00,215.50
2024/11/08 07:33:00,948.00,217.59
2024/11/08 07:33:00,949.00,219.70
2024/11/08 07:33:00,950.00,221.86
2024/11/08 07:33:00,951.00,223.47
2024/11/08 07:33:00,952.00,224.57
2024/11/08 07:33:00,953.00,226.15
2024/11/08 07:33:00,954.00,226.52
2024/11/08 07:33:00,955.00,228.31
2024/11/08 07:33:00,956.00,231.41
2024/11/08 07:33:00,957.00,233.31
2024/11/08 07:33:00,958.00,236.28
2024/11/08 07:33:00,959.00,240.73
2024/11/08 07:33:00,960.00,244.45
2024/11/08 07:33:00,961.00,247.78
2024/11/08 07:33:00,962.00,250.93
2024/11/08 07:33:00,963.00,254.66
2024/11/08 07:33:00,964.00,258.68
2024/11/08 07:33:00,965.00,261.84
2024/11/08 07:33:00,966.00,268.43
2024/11/08 07:33:00,967.00,274.46
2024/11/08 07:33:00,968.00,278.85
2024/11/08 07:33:00,969.00,284.16
2024/11/08 07:33:00,970.00,287.58
2024/11/08 07:33:00,971.00,287.41
2024/11/08 07:33:00,972.00,288.37
2024/11/08 07:33:00,973.00,288.54
2024/11/08 07:33:00,974.00,287.62
2024/11/08 07:33:00,975.00,287.94
2024/11/08 07:33:00,976.00,288.06
2024/11/08 07:33:00,977.00,289.28
2024/11/08 07:33:00,978.00,289.93
2024/11/08 07:33:00,979.00,292.47
2024/11/08 07:33:00,980.00,294.81
2024/11/08 07:33:00,981.00,296.48
2024/11/08 07:33:00,982.00,297.69
2024/11/08 07:33:00,983.00,299.22
2024/11/08 07:33:00,984.00,299.37
2024/11/08 07:33:00,985.00,300.40
2024/11/08 07:33:00,986.00,302.23
2024/11/08 07:33:00,987.00,302.39
2024/11/08 07:33:00,988.00,303.66
2024/11/08 07:33:00,989.00,303.87
2024/11/08 07:33:00,990.00,304.90
2024/11/08 07:33:00,991.00,305.45
2024/11/08 07:33:00,992.00,305.75
2024/11/08 07:33:00,993.00,306.24
2024/11/08 07:33:00,994.00,306.59
2024/11/08 07:33:00,995.00,305.56
2024/11/08 07:33:00,996.00,305.90
2024/11/08 07:33:00,997.00,305.26
2024/11/08 07:33:00,998.00,304.18
2024/11/08 07:33:00,999.00,303.74
2024/11/08 07:33:00,1000.00,302.56
2024/11/08 07:33:00,1001.00,301.01
2024/11/08 07:33:00,1002.00,300.81
2024/11/08 07:33:00,1003.00,298.29
2024/11/08 07:33:00,1004.00,297.16
2024/11/08 07:33:00,1005.00,296.17
2024/11/08 07:33:00,1006.00,295.11
2024/11/08 07:33:00,1007.00,295.06
2024/11/08 07:33:00,1008.00,292.56
2024/11/08 07:33:00,1009.00,293.25
2024/11/08 07:33:00,1010.00,293.21
2024/11/08 07:33:00,1011.00,291.12
2024/11/08 07:33:00,1012.00,292.10
2024/11/08 07:33:00,1013.00,292.66
2024/11/08 07:33:00,1014.00,291.15
2024/11/08 07:33:00,1015.00,292.14
2024/11/08 07:33:00,1016.00,292.46
2024/11/08 07:33:00,1017.00,292.27
2024/11/08 07:33:00,1018.00,292.92
2024/11/08 07:33:00,1019.00,292.72
2024/11/08 07:33:00,1020.00,292.67
2024/11/08 07:33:00,1021.00,292.05
2024/11/08 07:33:00,1022.00,290.64
2024/11/08 07:33:00,1023.00,290.81
2024/11/08 07:33:00,1024.00,288.79
2024/11/08 07:33:00,1025.00,287.21
2024/11/08 07:33:00,1026.00,286.65
2024/11/08 07:33:00,1027.00,283.51
2024/11/08 07:33:00,1028.00,283.71
2024/11/08 07:33:00,1029.00,285.29
2024/11/08 07:33:00,1030.00,284.43
2024/11/08 07:33:00,1031.00,284.48
2024/11/08 07:33:00,1032.00,284.91
2024/11/08 07:33:00,1033.00,283.06
2024/11/08 07:33:00,1034.00,282.11
2024/11/08 07:33:00,1035.00,281.61
2024/11/08 07:33:00,1036.00,280.89
2024/11/08 07:33:00,1037.00,279.13
2024/11/08 07:33:00,1038.00,277.83
2024/11/08 07:33:00,1039.00,278.80
2024/11/08 07:33:00,1040.00,278.09
2024/11/08 07:33:00,1041.00,277.15
2024/11/08 07:33:00,1042.00,277.59
2024/11/08 07:33:00,1043.00,274.86
2024/11/08 07:33:00,1044.00,271.96
2024/11/08 07:33:00,1045.00,272.99
2024/11/08 07:33:00,1046.00,271.09
2024/11/08 07:33:00,1047.00,269.56
2024/11/08 07:33:00,1048.00,270.87
2024/11/08 07:33:00,1049.00,270.96
2024/11/08 07:33:00,1050.00,271.11
2024/11/08 07:33:00,1051.00,272.99
2024/11/08 07:33:00,1052.00,273.78
2024/11/08 07:33:00,1053.00,273.07
2024/11/08 07:33:00,1054.00,268.56
2024/11/08 07:33:00,1055.00,269.93
2024/11/08 07:33:00,1056.00,269.02
2024/11/08 07:33:00,1057.00,264.65
2024/11/08 07:33:00,1058.00,267.52
2024/11/08 07:33:00,1059.00,266.30
2024/11/08 07:33:00,1060.00,262.90
2024/11/08 07:33:00,1061.00,265.94
2024/11/08 07:33:00,1062.00,264.34
2024/11/08 07:33:00,1063.00,265.26
2024/11/08 07:33:00,1064.00,265.57
2024/11/08 07:33:00,1065.00,264.04
2024/11/08 07:33:00,1066.00,264.00
2024/11/08 07:33:00,1067.00,258.82
2024/11/08 07:33:00,1068.00,256.78
2024/11/08 07:33:00,1069.00,259.51
2024/11/08 07:33:00,1070.00,253.80
2024/11/08 07:33:00,1071.00,257.67
2024/11/08 07:33:00,1072.00,258.83
2024/11/08 07:33:00,1073.00,254.95
2024/11/08 07:33:00,1074.00,259.15
2024/11/08 07:33:00,1075.00,258.61
2024/11/08 07:33:00,1076.00,253.00
2024/11/08 07:33:00,1077.00,257.21
2024/11/08 07:33:00,1078.00,256.51
2024/11/08 07:33:00,1079.00,254.55
2024/11/08 07:33:00,1080.00,256.36
2024/11/08 07:33:00,1081.00,254.22
2024/11/08 07:33:00,1082.00,254.93
2024/11/08 07:33:00,1083.00,252.72
2024/11/08 07:33:00,1084.00,254.79
2024/11/08 07:33:00,1085.00,257.87
2024/11/08 07:33:00,1086.00,251.02
2024/11/08 07:33:00,1087.00,251.46
2024/11/08 07:33:00,1088.00,252.68
2024/11/08 07:33:00,1089.00,242.39
2024/11/08 07:33:00,1090.00,244.21
2024/11/08 07:33:00,1091.00,248.62
2024/11/08 07:33:00,1092.00,243.21
2024/11/08 07:33:00,1093.00,245.71
2024/11/08 07:33:00,1094.00,248.64
2024/11/08 07:33:00,1095.00,249.37
2024/11/08 07:33:00,1096.00,248.42
2024/11/08 07:33:00,1097.00,248.04
2024/11/08 07:33:00,1098.00,252.34
2024/11/08 07:33:00,1099.00,245.19
2024/11/08 07:33:00,1100.00,243.57
2024/11/08 07:34:00,Wavelength(nm),Irradiance(W/m2/um)
2024/11/08 07:34:00,300.00,8.29
2024/11/08 07:34:00,301.00,9.39
2024/11/08 07:34:00,302.00,10.43
2024/11/08 07:34:00,303.00,11.97
2024/11/08 07:34:00,304.00,13.62
2024/11/08 07:34:00,305.00,15.44
2024/11/08 07:34:00,306.00,17.35
2024/11/08 07:34:00,307.00,19.87
2024/11/08 07:34:00,308.00,23.15
2024/11/08 07:34:00,309.00,27.33
2024/11/08 07:34:00,310.00,32.11
2024/11/08 07:34:00,311.00,37.26
2024/11/08 07:34:00,312.00,43.06
2024/11/08 07:34:00,313.00,49.42
2024/11/08 07:34:00,314.00,56.16
2024/11/08 07:34:00,315.00,63.36
2024/11/08 07:34:00,316.00,71.13
2024/11/08 07:34:00,317.00,79.24
2024/11/08 07:34:00,318.00,86.90
2024/11/08 07:34:00,319.00,93.86
2024/11/08 07:34:00,320.00,101.05
2024/11/08 07:34:00,321.00,108.62
2024/11/08 07:34:00,322.00,117.46
2024/11/08 07:34:00,323.00,127.86
2024/11/08 07:34:00,324.00,139.33
2024/11/08 07:34:00,325.00,150.95
2024/11/08 07:34:00,326.00,163.49
2024/11/08 07:34:00,327.00,175.00
2024/11/08 07:34:00,328.00,184.76
2024/11/08 07:34:00,329.00,193.05
2024/11/08 07:34:00,330.00,200.04
2024/11/08 07:34:00,331.00,204.73
2024/11/08 07:34:00,332.00,207.85
2024/11/08 07:34:00,333.00,208.70
2024/11/08 07:34:00,334.00,208.95
2024/11/08 07:34:00,335.00,209.82
2024/11/08 07:34:00,336.00,211.30
2024/11/08 07:34:00,337.00,213.54
2024/11/08 07:34:00,338.00,217.60
2024/11/08 07:34:00,339.00,222.55
2024/11/08 07:34:00,340.00,226.73
2024/11/08 07:34:00,341.00,228.69
2024/11/08 07:34:00,342.00,229.63
2024/11/08 07:34:00,343.00,230.60
2024/11/08 07:34:00,344.00,230.65
2024/11/08 07:34:00,345.00,230.09
2024/11/08 07:34:00,346.00,231.26
2024/11/08 07:34:00,347.00,233.77
2024/11/08 07:34:00,348.00,236.84
2024/11/08 07:34:00,349.00,240.12
2024/11/08 07:34:00,350.00,244.41
2024/11/08 07:34:00,351.00,250.53
2024/11/08 07:34:00,352.00,255.98
2024/11/08 07:34:00,353.00,259.43
2024/11/08 07:34:00,354.00,259.85
2024/11/08 07:34:00,355.00,257.05
2024/11/08 07:34:00,356.00,252.69
2024/11/08 07:34:00,357.00,249.07
2024/11/08 07:34:00,358.00,245.77
2024/11/08 07:34:00,359.00,246.12
2024/11/08 07:34:00,360.00,251.32
2024/11/08 07:34:00,361.00,257.43
2024/11/08 07:34:00,362.00,264.74
2024/11/08 07:34:00,363.00,276.24
2024/11/08 07:34:00,364.00,289.06
2024/11/08 07:34:00,365.00,299.22
2024/11/08 07:34:00,366.00,308.00
2024/11/08 07:34:00,367.00,314.98
2024/11/08 07:34:00,368.00,318.61
2024/11/08 07:34:00,369.00,317.81
2024/11/08 07:34:00,370.00,313.38
2024/11/08 07:34:00,371.00,305.75
2024/11/08 07:34:00,372.00,298.14
2024/11/08 07:34:00,373.00,292.54
2024/11/08 07:34:00,374.00,293.03
2024/11/08 07:34:00,375.00,301.42
2024/11/08 07:34:00,376.00,312.25
2024/11/08 07:34:00,377.00,322.61
2024/11/08 07:34:00,378.00,329.97
2024/11/08 07:34:00,379.00,328.05
2024/11/08 07:34:00,380.00,314.64
2024/11/08 07:34:00,381.00,299.26
2024/11/08 07:34:00,382.00,286.90
2024/11/08 07:34:00,383.00,277.34
2024/11/08 07:34:00,384.00,273.83
2024/11/08 07:34:00,385.00,278.77
2024/11/08 07:34:00,386.00,288.23
2024/11/08 07:34:00,387.00,299.96
2024/11/08 07:34:00,388.00,313.75
2024/11/08 07:34:00,389.00,325.28
2024/11/08 07:34:00,390.00,327.21
2024/11/08 07:34:00,391.00,322.17
2024/11/08 07:34:00,392.00,317.63
2024/11/08 07:34:00,393.00,309.99
2024/11/08 07:34:00,394.00,300.67
2024/11/08 07:34:00,395.00,305.40
2024/11/08 07:34:00,396.00,328.54
2024/11/08 07:34:00,397.00,355.78
2024/11/08 07:34:00,398.00,387.82
2024/11/08 07:34:00,399.00,426.82
2024/11/08 07:34:00,400.00,461.71
2024/11/08 07:34:00,401.00,483.72
2024/11/08 07:34:00,402.00,495.80
2024/11/08 07:34:00,403.00,498.88
2024/11/08 07:34:00,404.00,496.92
2024/11/08 07:34:00,405.00,495.01
2024/11/08 07:34:00,406.00,494.62
2024/11/08 07:34:00,407.00,495.64
2024/11/08 07:34:00,408.00,498.72
2024/11/08 07:34:00,409.00,505.00
2024/11/08 07:34:00,410.00,512.38
2024/11/08 07:34:00,411.00,519.19
2024/11/08 07:34:00,412.00,525.66
2024/11/08 07:34:00,413.00,533.02
2024/11/08 07:34:00,414.00,537.88
2024/11/08 07:34:00,415.00,539.48
2024/11/08 07:34:00,416.00,538.37
2024/11/08 07:34:00,417.00,537.85
2024/11/08 07:34:00,418.00,537.77
2024/11/08 07:34:00,419.00,538.87
2024/11/08 07:34:00,420.00,539.26
2024/11/08 07:34:00,421.00,540.75
2024/11/08 07:34:00,422.00,542.07
2024/11/08 07:34:00,423.00,541.97
2024/11/08 07:34:00,424.00,539.29
2024/11/08 07:34:00,425.00,537.46
2024/11/08 07:34:00,426.00,533.56
2024/11/08 07:34:00,427.00,522.92
2024/11/08 07:34:00,428.00,508.92
2024/11/08 07:34:00,429.00,500.98
2024/11/08 07:34:00,430.00,500.94
2024/11/08 07:34:00,431.00,505.96
2024/11/08 07:34:00,432.00,519.49
2024/11/08 07:34:00,433.00,542.04
2024/11/08 07:34:00,434.00,562.76
2024/11/08 07:34:00,435.00,573.03
2024/11/08 07:34:00,436.00,578.75
2024/11/08 07:34:00,437.00,583.60
2024/11/08 07:34:00,438.00,586.35
2024/11/08 07:34:00,439.00,590.23
2024/11/08 07:34:00,440.00,599.62
2024/11/08 07:34:00,441.00,612.89
2024/11/08 07:34:00,442.00,624.73
2024/11/08 07:34:00,443.00,633.01
2024/11/08 07:34:00,444.00,640.14
2024/11/08 07:34:00,445.00,645.83
2024/11/08 07:34:00,446.00,650.37
2024/11/08 07:34:00,447.00,660.17
2024/11/08 07:34:00,448.00,672.92
2024/11/08 07:34:00,449.00,682.90
2024/11/08 07:34:00,450.00,688.61
2024/11/08 07:34:00,451.00,689.82
2024/11/08 07:34:00,452.00,688.72
2024/11/08 07:34:00,453.00,687.03
2024/11/08 07:34:00,454.00,687.46
2024/11/08 07:34:00,455.00,690.62
2024/11/08 07:34:00,456.00,696.65
2024/11/08 07:34:00,457.00,700.33
2024/11/08 07:34:00,458.00,703.94
2024/11/08 07:34:00,459.00,707.74
2024/11/08 07:34:00,460.00,710.38
2024/11/08 07:34:00,461.00,713.31
2024/11/08 07:34:00,462.00,717.21
2024/11/08 07:34:00,463.00,717.52
2024/11/08 07:34:00,464.00,713.20
2024/11/08 07:34:00,465.00,709.62
2024/11/08 07:34:00,466.00,706.45
2024/11/08 07:34:00,467.00,703.34
2024/11/08 07:34:00,468.00,702.29
2024/11/08 07:34:00,469.00,703.66
2024/11/08 07:34:00,470.00,705.19
2024/11/08 07:34:00,471.00,707.21
2024/11/08 07:34:00,472.00,709.52
2024/11/08 07:34:00,473.00,711.82
2024/11/08 07:34:00,474.00,714.53
2024/11/08 07:34:00,475.00,715.25
2024/11/08 07:34:00,476.00,716.79
2024/11/08 07:34:00,477.00,719.82
2024/11/08 07:34:00,478.00,721.82
2024/11/08 07:34:00,479.00,725.43
2024/11/08 07:34:00,480.00,729.71
2024/11/08 07:34:00,481.00,728.61
2024/11/08 07:34:00,482.00,723.11
2024/11/08 07:34:00,483.00,713.10
2024/11/08 07:34:00,484.00,696.79
2024/11/08 07:34:00,485.00,681.75
2024/11/08 07:34:00,486.00,673.68
2024/11/08 07:34:00,487.00,671.63
2024/11/08 07:34:00,488.00,676.19
2024/11/08 07:34:00,489.00,685.11
2024/11/08 07:34:00,490.00,692.40
2024/11/08 07:34:00,491.00,697.97
2024/11/08 07:34:00,492.00,700.29
2024/11/08 07:34:00,493.00,703.09
2024/11/08 07:34:00,494.00,705.89
2024/11/08 07:34:00,495.00,708.87
2024/11/08 07:34:00,496.00,708.05
2024/11/08 07:34:00,497.00,706.40
2024/11/08 07:34:00,498.00,701.30
2024/11/08 07:34:00,499.00,695.59
2024/11/08 07:34:00,500.00,688.50
2024/11/08 07:34:00,501.00,685.23
2024/11/08 07:34:00,502.00,683.41
2024/11/08 07:34:00,503.00,684.27
2024/11/08 07:34:00,504.00,687.08
2024/11/08 07:34:00,505.00,690.92
2024/11/08 07:34:00,506.00,693.68
2024/11/08 07:34:00,507.00,695.08
2024/11/08 07:34:00,508.00,696.26
2024/11/08 07:34:00,509.00,696.60
2024/11/08 07:34:00,510.00,695.36
2024/11/08 07:34:00,511.00,692.83
2024/11/08 07:34:00,512.00,689.81
2024/11/08 07:34:00,513.00,682.56
2024/11/08 07:34:00,514.00,671.11
2024/11/08 07:34:00,515.00,658.35
2024/11/08 07:34:00,516.00,649.91
2024/11/08 07:34:00,517.00,643.39
2024/11/08 07:34:00,518.00,641.56
2024/11/08 07:34:00,519.00,646.53
2024/11/08 07:34:00,520.00,654.84
2024/11/08 07:34:00,521.00,662.04
2024/11/08 07:34:00,522.00,670.25
2024/11/08 07:34:00,523.00,673.55
2024/11/08 07:34:00,524.00,671.84
2024/11/08 07:34:00,525.00,670.07
2024/11/08 07:34:00,526.00,670.40
2024/11/08 07:34:00,527.00,671.34
2024/11/08 07:34:00,528.00,673.39
2024/11/08 07:34:00,529.00,677.75
2024/11/08 07:34:00,530.00,682.32
2024/11/08 07:34:00,531.00,683.06
2024/11/08 07:34:00,532.00,682.13
2024/11/08 07:34:00,533.00,682.08
2024/11/08 07:34:00,534.00,683.21
2024/11/08 07:34:00,535.00,682.36
2024/11/08 07:34:00,536.00,682.64
2024/11/08 07:34:00,537.00,680.23
2024/11/08 07:34:00,538.00,675.98
2024/11/08 07:34:00,539.00,671.52
2024/11/08 07:34:00,540.00,669.40
2024/11/08 07:34:00,541.00,668.29
2024/11/08 07:34:00,542.00,667.83
2024/11/08 07:34:00,543.00,670.32
2024/11/08 07:34:00,544.00,673.47
2024/11/08 07:34:00,545.00,674.92
2024/11/08 07:34:00,546.00,674.62
2024/11/08 07:34:00,547.00,675.48
2024/11/08 07:34:00,548.00,675.18
2024/11/08 07:34:00,549.00,673.74
2024/11/08 07:34:00,550.00,673.37
2024/11/08 07:34:00,551.00,673.40
2024/11/08 07:34:00,552.00,674.29
2024/11/08 07:34:00,553.00,673.48
2024/11/08 07:34:00,554.00,672.66
2024/11/08 07:34:00,555.00,670.93
2024/11/08 07:34:00,556.00,666.58
2024/11/08 07:34:00,557.00,661.22
2024/11/08 07:34:00,558.00,657.62
2024/11/08 07:34:00,559.00,655.88
2024/11/08 07:34:00,560.00,653.40
2024/11/08 07:34:00,561.00,654.54
2024/11/08 07:34:00,562.00,655.60
2024/11/08 07:34:00,563.00,653.85
2024/11/08 07:34:00,564.00,652.25
2024/11/08 07:34:00,565.00,651.45
2024/11/08 07:34:00,566.00,647.75
2024/11/08 07:34:00,567.00,643.66
2024/11/08 07:34:00,568.00,642.07
2024/11/08 07:34:00,569.00,640.36
2024/11/08 07:34:00,570.00,638.84
2024/11/08 07:34:00,571.00,638.47
2024/11/08 07:34:00,572.00,638.57
2024/11/08 07:34:00,573.00,639.02
2024/11/08 07:34:00,574.00,638.64
2024/11/08 07:34:00,575.00,637.05
2024/11/08 07:34:00,576.00,636.31
2024/11/08 07:34:00,577.00,636.78
2024/11/08 07:34:00,578.00,636.60
2024/11/08 07:34:00,579.00,638.65
2024/11/08 07:34:00,580.00,641.63
2024/11/08 07:34:00,581.00,643.39
2024/11/08 07:34:00,582.00,645.44
2024/11/08 07:34:00,583.00,647.92
2024/11/08 07:34:00,584.00,647.23
2024/11/08 07:34:00,585.00,646.17
2024/11/08 07:34:00,586.00,642.47
2024/11/08 07:34:00,587.00,637.00
2024/11/08 07:34:00,588.00,631.77
2024/11/08 07:34:00,589.00,629.16
2024/11/08 07:34:00,590.00,625.98
2024/11/08 07:34:00,591.00,626.31
2024/11/08 07:34:00,592.00,628.31
2024/11/08 07:34:00,593.00,630.42
2024/11/08 07:34:00,594.00,631.10
2024/11/08 07:34:00,595.00,631.28
2024/11/08 07:34:00,596.00,631.07
2024/11/08 07:34:00,597.00,631.73
2024/11/08 07:34:00,598.00,629.97
2024/11/08 07:34:00,599.00,627.44
2024/11/08 07:34:00,600.00,626.34
2024/11/08 07:34:00,601.00,625.86
2024/11/08 07:34:00,602.00,625.37
2024/11/08 07:34:00,603.00,625.47
2024/11/08 07:34:00,604.00,626.33
2024/11/08 07:34:00,605.00,626.69
2024/11/08 07:34:00,606.00,624.79
2024/11/08 07:34:00,607.00,621.58
2024/11/08 07:34:00,608.00,621.85
2024/11/08 07:34:00,609.00,619.89
2024/11/08 07:34:00,610.00,617.23
2024/11/08 07:34:00,611.00,617.88
2024/11/08 07:34:00,612.00,615.00
2024/11/08 07:34:00,613.00,610.30
2024/11/08 07:34:00,614.00,608.11
2024/11/08 07:34:00,615.00,607.13
2024/11/08 07:34:00,616.00,605.73
2024/11/08 07:34:00,617.00,607.50
2024/11/08 07:34:00,618.00,609.64
2024/11/08 07:34:00,619.00,610.55
2024/11/08 07:34:00,620.00,610.59
2024/11/08 07:34:00,621.00,608.82
2024/11/08 07:34:00,622.00,608.04
2024/11/08 07:34:00,623.00,605.36
2024/11/08 07:34:00,624.00,603.33
2024/11/08 07:34:00,625.00,601.19
2024/11/08 07:34:00,626.00,597.64
2024/11/08 07:34:00,627.00,593.60
2024/11/08 07:34:00,628.00,591.44
2024/11/08 07:34:00,629.00,590.07
2024/11/08 07:34:00,630.00,588.57
2024/11/08 07:34:00,631.00,589.65
2024/11/08 07:34:00,632.00,591.24
2024/11/08 07:34:00,633.00,593.51
2024/11/08 07:34:00,634.00,594.76
2024/11/08 07:34:00,635.00,597.67
2024/11/08 07:34:00,636.00,600.35
2024/11/08 07:34:00,637.00,602.12
2024/11/08 07:34:00,638.00,602.13
2024/11/08 07:34:00,639.00,603.51
2024/11/08 07:34:00,640.00,603.50
2024/11/08 07:34:00,641.00,601.85
2024/11/08 07:34:00,642.00,600.75
2024/11/08 07:34:00,643.00,601.29
2024/11/08 07:34:00,644.00,599.12
2024/11/08 07:34:00,645.00,598.25
2024/11/08 07:34:00,646.00,598.67
2024/11/08 07:34:00,647.00,597.66
2024/11/08 07:34:00,648.00,596.27
2024/11/08 07:34:00,649.00,596.35
2024/11/08 07:34:00,650.00,596.43
2024/11/08 07:34:00,651.00,596.62
2024/11/08 07:34:00,652.00,594.20
2024/11/08 07:34:00,653.00,587.74
2024/11/08 07:34:00,654.00,581.31
2024/11/08 07:34:00,655.00,575.07
2024/11/08 07:34:00,656.00,570.13
2024/11/08 07:34:00,657.00,571.43
2024/11/08 07:34:00,658.00,575.15
2024/11/08 07:34:00,659.00,581.01
2024/11/08 07:34:00,660.00,586.14
2024/11/08 07:34:00,661.00,589.16
2024/11/08 07:34:00,662.00,590.12
2024/11/08 07:34:00,663.00,593.05
2024/11/08 07:34:00,664.00,594.36
2024/11/08 07:34:00,665.00,594.99
2024/11/08 07:34:00,666.00,597.52
2024/11/08 07:34:00,667.00,598.08
2024/11/08 07:34:00,668.00,598.45
2024/11/08 07:34:00,669.00,597.24
2024/11/08 07:34:00,670.00,596.02
2024/11/08 07:34:00,671.00,594.94
2024/11/08 07:34:00,672.00,594.23
2024/11/08 07:34:00,673.00,593.66
2024/11/08 07:34:00,674.00,595.05
2024/11/08 07:34:00,675.00,595.94
2024/11/08 07:34:00,676.00,594.04
2024/11/08 07:34:00,677.00,594.29
2024/11/08 07:34:00,678.00,592.80
2024/11/08 07:34:00,679.00,590.64
2024/11/08 07:34:00,680.00,589.78
2024/11/08 07:34:00,681.00,590.05
2024/11/08 07:34:00,682.00,589.05
2024/11/08 07:34:00,683.00,584.48
2024/11/08 07:34:00,684.00,572.52
2024/11/08 07:34:00,685.00,557.06
2024/11/08 07:34:00,686.00,540.64
2024/11/08 07:34:00,687.00,524.09
2024/11/08 07:34:00,688.00,512.88
2024/11/08 07:34:00,689.00,510.92
2024/11/08 07:34:00,690.00,514.80
2024/11/08 07:34:00,691.00,521.23
2024/11/08 07:34:00,692.00,529.27
2024/11/08 07:34:00,693.00,536.26
2024/11/08 07:34:00,694.00,542.17
2024/11/08 07:34:00,695.00,547.33
2024/11/08 07:34:00,696.00,550.38
2024/11/08 07:34:00,697.00,551.42
2024/11/08 07:34:00,698.00,553.82
2024/11/08 07:34:00,699.00,554.53
2024/11/08 07:34:00,700.00,554.01
2024/11/08 07:34:00,701.00,554.98
2024/11/08 07:34:00,702.00,557.30
2024/11/08 07:34:00,703.00,558.94
2024/11/08 07:34:00,704.00,560.02
2024/11/08 07:34:00,705.00,560.61
2024/11/08 07:34:00,706.00,561.58
2024/11/08 07:34:00,707.00,560.79
2024/11/08 07:34:00,708.00,559.39
2024/11/08 07:34:00,709.00,560.99
2024/11/08 07:34:00,710.00,559.56
2024/11/08 07:34:00,711.00,558.17
2024/11/08 07:34:00,712.00,557.46
2024/11/08 07:34:00,713.00,555.86
2024/11/08 07:34:00,714.00,552.04
2024/11/08 07:34:00,715.00,545.53
2024/11/08 07:34:00,716.00,537.45
2024/11/08 07:34:00,717.00,529.62
2024/11/08 07:34:00,718.00,519.91
2024/11/08 07:34:00,719.00,513.31
2024/11/08 07:34:00,720.00,511.96
2024/11/08 07:34:00,721.00,510.38
2024/11/08 07:34:00,722.00,508.79
2024/11/08 07:34:00,723.00,510.47
2024/11/08 07:34:00,724.00,509.75
2024/11/08 07:34:00,725.00,508.09
2024/11/08 07:34:00,726.00,508.91
2024/11/08 07:34:00,727.00,509.97
2024/11/08 07:34:00,728.00,510.24
2024/11/08 07:34:00,729.00,512.36
2024/11/08 07:34:00,730.00,514.87
2024/11/08 07:34:00,731.00,519.12
2024/11/08 07:34:00,732.00,520.14
2024/11/08 07:34:00,733.00,522.16
2024/11/08 07:34:00,734.00,525.20
2024/11/08 07:34:00,735.00,524.40
2024/11/08 07:34:00,736.00,521.66
2024/11/08 07:34:00,737.00,523.06
2024/11/08 07:34:00,738.00,521.36
2024/11/08 07:34:00,739.00,518.73
2024/11/08 07:34:00,740.00,520.35
2024/11/08 07:34:00,741.00,520.54
2024/11/08 07:34:00,742.00,520.43
2024/11/08 07:34:00,743.00,522.32
2024/11/08 07:34:00,744.00,521.30
2024/11/08 07:34:00,745.00,522.30
2024/11/08 07:34:00,746.00,523.59
2024/11/08 07:34:00,747.00,521.15
2024/11/08 07:34:00,748.00,521.78
2024/11/08 07:34:00,749.00,521.88
2024/11/08 07:34:00,750.00,518.02
2024/11/08 07:34:00,751.00,516.67
2024/11/08 07:34:00,752.00,515.58
2024/11/08 07:34:00,753.00,512.42
2024/11/08 07:34:00,754.00,512.63
2024/11/08 07:34:00,755.00,509.82
2024/11/08 07:34:00,756.00,498.11
2024/11/08 07:34:00,757.00,473.54
2024/11/08 07:34:00,758.00,436.49
2024/11/08 07:34:00,759.00,395.84
2024/11/08 07:34:00,760.00,355.85
2024/11/08 07:34:00,761.00,320.60
2024/11/08 07:34:00,762.00,305.12
2024/11/08 07:34:00,763.00,305.25
2024/11/08 07:34:00,764.00,310.89
2024/11/08 07:34:00,765.00,329.08
2024/11/08 07:34:00,766.00,351.90
2024/11/08 07:34:00,767.00,374.35
2024/11/08 07:34:00,768.00,399.67
2024/11/08 07:34:00,769.00,417.83
2024/11/08 07:34:00,770.00,433.43
2024/11/08 07:34:00,771.00,449.82
2024/11/08 07:34:00,772.00,459.76
2024/11/08 07:34:00,773.00,465.45
2024/11/08 07:34:00,774.00,474.14
2024/11/08 07:34:00,775.00,477.12
2024/11/08 07:34:00,776.00,479.16
2024/11/08 07:34:00,777.00,482.90
2024/11/08 07:34:00,778.00,483.62
2024/11/08 07:34:00,779.00,484.38
2024/11/08 07:34:00,780.00,485.57
2024/11/08 07:34:00,781.00,483.17
2024/11/08 07:34:00,782.00,485.28
2024/11/08 07:34:00,783.00,485.60
2024/11/08 07:34:00,784.00,484.19
2024/11/08 07:34:00,785.00,484.25
2024/11/08 07:34:00,786.00,483.39
2024/11/08 07:34:00,787.00,481.14
2024/11/08 07:34:00,788.00,480.33
2024/11/08 07:34:00,789.00,476.81
2024/11/08 07:34:00,790.00,475.06
2024/11/08 07:34:00,791.00,471.92
2024/11/08 07:34:00,792.00,467.29
2024/11/08 07:34:00,793.00,466.55
2024/11/08 07:34:00,794.00,467.42
2024/11/08 07:34:00,795.00,465.25
2024/11/08 07:34:00,796.00,469.19
2024/11/08 07:34:00,797.00,469.43
2024/11/08 07:34:00,798.00,467.33
2024/11/08 07:34:00,799.00,470.21
2024/11/08 07:34:00,800.00,467.87
2024/11/08 07:34:00,801.00,466.11
2024/11/08 07:34:00,802.00,470.07
2024/11/08 07:34:00,803.00,468.47
2024/11/08 07:34:00,804.00,468.27
2024/11/08 07:34:00,805.00,471.63
2024/11/08 07:34:00,806.00,470.94
2024/11/08 07:34:00,807.00,470.78
2024/11/08 07:34:00,808.00,472.22
2024/11/08 07:34:00,809.00,468.68
2024/11/08 07:34:00,810.00,467.59
2024/11/08 07:34:00,811.00,464.03
2024/11/08 07:34:00,812.00,458.01
2024/11/08 07:34:00,813.00,453.83
2024/11/08 07:34:00,814.00,447.74
2024/11/08 07:34:00,815.00,442.60
2024/11/08 07:34:00,816.00,440.88
2024/11/08 07:34:00,817.00,436.50
2024/11/08 07:34:00,818.00,434.22
2024/11/08 07:34:00,819.00,434.87
2024/11/08 07:34:00,820.00,432.36
2024/11/08 07:34:00,821.00,431.05
2024/11/08 07:34:00,822.00,436.01
2024/11/08 07:34:00,823.00,437.33
2024/11/08 07:34:00,824.00,442.13
2024/11/08 07:34:00,825.00,445.10
2024/11/08 07:34:00,826.00,442.25
2024/11/08 07:34:00,827.00,441.58
2024/11/08 07:34:00,828.00,439.13
2024/11/08 07:34:00,829.00,436.74
2024/11/08 07:34:00,830.00,437.72
2024/11/08 07:34:00,831.00,436.37
2024/11/08 07:34:00,832.00,435.21
2024/11/08 07:34:00,833.00,435.75
2024/11/08 07:34:00,834.00,433.69
2024/11/08 07:34:00,835.00,433.60
2024/11/08 07:34:00,836.00,433.49
2024/11/08 07:34:00,837.00,431.20
2024/11/08 07:34:00,838.00,429.93
2024/11/08 07:34:00,839.00,428.39
2024/11/08 07:34:00,840.00,427.85
2024/11/08 07:34:00,841.00,428.59
2024/11/08 07:34:00,842.00,427.40
2024/11/08 07:34:00,843.00,426.99
2024/11/08 07:34:00,844.00,426.54
2024/11/08 07:34:00,845.00,424.30
2024/11/08 07:34:00,846.00,421.98
2024/11/08 07:34:00,847.00,419.09
2024/11/08 07:34:00,848.00,415.96
2024/11/08 07:34:00,849.00,414.95
2024/11/08 07:34:00,850.00,409.83
2024/11/08 07:34:00,851.00,405.26
2024/11/08 07:34:00,852.00,402.49
2024/11/08 07:34:00,853.00,399.46
2024/11/08 07:34:00,854.00,396.85
2024/11/08 07:34:00,855.00,399.43
2024/11/08 07:34:00,856.00,400.97
2024/11/08 07:34:00,857.00,404.43
2024/11/08 07:34:00,858.00,406.81
2024/11/08 07:34:00,859.00,407.73
2024/11/08 07:34:00,860.00,408.08
2024/11/08 07:34:00,861.00,408.82
2024/11/08 07:34:00,862.00,407.21
2024/11/08 07:34:00,863.00,404.13
2024/11/08 07:34:00,864.00,398.94
2024/11/08 07:34:00,865.00,396.57
2024/11/08 07:34:00,866.00,394.63
2024/11/08 07:34:00,867.00,392.17
2024/11/08 07:34:00,868.00,393.35
2024/11/08 07:34:00,869.00,396.89
2024/11/08 07:34:00,870.00,396.34
2024/11/08 07:34:00,871.00,396.06
2024/11/08 07:34:00,872.00,396.82
2024/11/08 07:34:00,873.00,396.10
2024/11/08 07:34:00,874.00,395.39
2024/11/08 07:34:00,875.00,396.46
2024/11/08 07:34:00,876.00,395.85
2024/11/08 07:34:00,877.00,395.65
2024/11/08 07:34:00,878.00,395.28
2024/11/08 07:34:00,879.00,395.05
2024/11/08 07:34:00,880.00,394.05
2024/11/08 07:34:00,881.00,393.25
2024/11/08 07:34:00,882.00,392.98
2024/11/08 07:34:00,883.00,392.46
2024/11/08 07:34:00,884.00,390.49
2024/11/08 07:34:00,885.00,389.41
2024/11/08 07:34:00,886.00,388.26
2024/11/08 07:34:00,887.00,387.46
2024/11/08 07:34:00,888.00,387.36
2024/11/08 07:34:00,889.00,386.44
2024/11/08 07:34:00,890.00,385.30
2024/11/08 07:34:00,891.00,383.65
2024/11/08 07:34:00,892.00,380.51
2024/11/08 07:34:00,893.00,375.75
2024/11/08 07:34:00,894.00,371.06
2024/11/08 07:34:00,895.00,365.13
2024/11/08 07:34:00,896.00,358.07
2024/11/08 07:34:00,897.00,350.35
2024/11/08 07:34:00,898.00,343.76
2024/11/08 07:34:00,899.00,338.54
2024/11/08 07:34:00,900.00,335.00
2024/11/08 07:34:00,901.00,334.47
2024/11/08 07:34:00,902.00,336.99
2024/11/08 07:34:00,903.00,338.65
2024/11/08 07:34:00,904.00,339.87
2024/11/08 07:34:00,905.00,339.30
2024/11/08 07:34:00,906.00,335.64
2024/11/08 07:34:00,907.00,332.50
2024/11/08 07:34:00,908.00,329.49
2024/11/08 07:34:00,909.00,327.67
2024/11/08 07:34:00,910.00,326.65
2024/11/08 07:34:00,911.00,325.53
2024/11/08 07:34:00,912.00,324.51
2024/11/08 07:34:00,913.00,323.28
2024/11/08 07:34:00,914.00,321.64
2024/11/08 07:34:00,915.00,320.99
2024/11/08 07:34:00,916.00,321.90
2024/11/08 07:34:00,917.00,322.49
2024/11/08 07:34:00,918.00,325.33
2024/11/08 07:34:00,919.00,326.79
2024/11/08 07:34:00,920.00,328.66
2024/11/08 07:34:00,921.00,329.80
2024/11/08 07:34:00,922.00,328.33
2024/11/08 07:34:00,923.00,327.41
2024/11/08 07:34:00,924.00,325.43
2024/11/08 07:34:00,925.00,322.07
2024/11/08 07:34:00,926.00,317.76
2024/11/08 07:34:00,927.00,311.03
2024/11/08 07:34:00,928.00,299.86
2024/11/08 07:34:00,929.00,287.70
2024/11/08 07:34:00,930.00,271.66
2024/11/08 07:34:00,931.00,255.40
2024/11/08 07:34:00,932.00,240.07
2024/11/08 07:34:00,933.00,226.23
2024/11/08 07:34:00,934.00,214.70
2024/11/08 07:34:00,935.00,208.46
2024/11/08 07:34:00,936.00,205.97
2024/11/08 07:34:00,937.00,207.95
2024/11/08 07:34:00,938.00,211.90
2024/11/08 07:34:00,939.00,217.96
2024/11/08 07:34:00,940.00,221.99
2024/11/08 07:34:00,941.00,222.83
2024/11/08 07:34:00,942.00,221.96
2024/11/08 07:34:00,943.00,221.08
2024/11/08 07:34:00,944.00,219.34
2024/11/08 07:34:00,945.00,220.00
2024/11/08 07:34:00,946.00,219.68
2024/11/08 07:34:00,947.00,220.19
2024/11/08 07:34:00,948.00,221.31
2024/11/08 07:34:00,949.00,221.16
2024/11/08 07:34:00,950.00,221.62
2024/11/08 07:34:00,951.00,223.74
2024/11/08 07:34:00,952.00,224.38
2024/11/08 07:34:00,953.00,226.11
2024/11/08 07:34:00,954.00,227.77
2024/11/08 07:34:00,955.00,229.31
2024/11/08 07:34:00,956.00,231.46
2024/11/08 07:34:00,957.00,234.30
2024/11/08 07:34:00,958.00,237.24
2024/11/08 07:34:00,959.00,241.42
2024/11/08 07:34:00,960.00,244.81
2024/11/08 07:34:00,961.00,248.15
2024/11/08 07:34:00,962.00,251.71
2024/11/08 07:34:00,963.00,254.36
2024/11/08 07:34:00,964.00,258.52
2024/11/08 07:34:00,965.00,263.71
2024/11/08 07:34:00,966.00,268.82
2024/11/08 07:34:00,967.00,275.39
2024/11/08 07:34:00,968.00,281.99
2024/11/08 07:34:00,969.00,287.12
2024/11/08 07:34:00,970.00,291.03
2024/11/08 07:34:00,971.00,291.32
2024/11/08 07:34:00,972.00,290.85
2024/11/08 07:34:00,973.00,289.52
2024/11/08 07:34:00,974.00,287.24
2024/11/08 07:34:00,975.00,287.09
2024/11/08 07:34:00,976.00,287.64
2024/11/08 07:34:00,977.00,287.99
2024/11/08 07:34:00,978.00,290.59
2024/11/08 07:34:00,979.00,293.02
2024/11/08 07:34:00,980.00,294.99
2024/11/08 07:34:00,981.00,298.15
2024/11/08 07:34:00,982.00,299.70
2024/11/08 07:34:00,983.00,301.22
2024/11/08 07:34:00,984.00,303.34
2024/11/08 07:34:00,985.00,303.74
2024/11/08 07:34:00,986.00,304.85
2024/11/08 07:34:00,987.00,305.41
2024/11/08 07:34:00,988.00,304.84
2024/11/08 07:34:00,989.00,304.98
2024/11/08 07:34:00,990.00,304.98
2024/11/08 07:34:00,991.00,304.97
2024/11/08 07:34:00,992.00,306.31
2024/11/08 07:34:00,993.00,305.41
2024/11/08 07:34:00,994.00,306.26
2024/11/08 07:34:00,995.00,305.92
2024/11/08 07:34:00,996.00,304.68
2024/11/08 07:34:00,997.00,304.37
2024/11/08 07:34:00,998.00,304.29
2024/11/08 07:34:00,999.00,303.23
2024/11/08 07:34:00,1000.00,303.29
2024/11/08 07:34:00,1001.00,302.11
2024/11/08 07:34:00,1002.00,300.10
2024/11/08 07:34:00,1003.00,298.75
2024/11/08 07:34:00,1004.00,296.68
2024/11/08 07:34:00,1005.00,295.39
2024/11/08 07:34:00,1006.00,295.33
2024/11/08 07:34:00,1007.00,294.39
2024/11/08 07:34:00,1008.00,295.14
2024/11/08 07:34:00,1009.00,295.31
2024/11/08 07:34:00,1010.00,296.43
2024/11/08 07:34:00,1011.00,297.00
2024/11/08 07:34:00,1012.00,297.40
2024/11/08 07:34:00,1013.00,297.64
2024/11/08 07:34:00,1014.00,297.80
2024/11/08 07:34:00,1015.00,296.36
2024/11/08 07:34:00,1016.00,295.26
2024/11/08 07:34:00,1017.00,293.70
2024/11/08 07:34:00,1018.00,293.24
2024/11/08 07:34:00,1019.00,292.97
2024/11/08 07:34:00,1020.00,291.09
2024/11/08 07:34:00,1021.00,289.55
2024/11/08 07:34:00,1022.00,288.21
2024/11/08 07:34:00,1023.00,285.97
2024/11/08 07:34:00,1024.00,285.51
2024/11/08 07:34:00,1025.00,285.99
2024/11/08 07:34:00,1026.00,287.47
2024/11/08 07:34:00,1027.00,287.46
2024/11/08 07:34:00,1028.00,286.52
2024/11/08 07:34:00,1029.00,286.65
2024/11/08 07:34:00,1030.00,286.39
2024/11/08 07:34:00,1031.00,284.71
2024/11/08 07:34:00,1032.00,284.86
2024/11/08 07:34:00,1033.00,283.73
2024/11/08 07:34:00,1034.00,282.69
2024/11/08 07:34:00,1035.00,283.19
2024/11/08 07:34:00,1036.00,281.92
2024/11/08 07:34:00,1037.00,280.58
2024/11/08 07:34:00,1038.00,280.34
2024/11/08 07:34:00,1039.00,277.42
2024/11/08 07:34:00,1040.00,276.98
2024/11/08 07:34:00,1041.00,276.88
2024/11/08 07:34:00,1042.00,275.57
2024/11/08 07:34:00,1043.00,276.05
2024/11/08 07:34:00,1044.00,274.31
2024/11/08 07:34:00,1045.00,272.25
2024/11/08 07:34:00,1046.00,273.50
2024/11/08 07:34:00,1047.00,272.01
2024/11/08 07:34:00,1048.00,272.02
2024/11/08 07:34:00,1049.00,272.71
2024/11/08 07:34:00,1050.00,270.98
2024/11/08 07:34:00,1051.00,274.37
2024/11/08 07:34:00,1052.00,274.30
2024/11/08 07:34:00,1053.00,273.71
2024/11/08 07:34:00,1054.00,275.81
2024/11/08 07:34:00,1055.00,272.96
2024/11/08 07:34:00,1056.00,271.82
2024/11/08 07:34:00,1057.00,270.64
2024/11/08 07:34:00,1058.00,265.95
2024/11/08 07:34:00,1059.00,265.30
2024/11/08 07:34:00,1060.00,265.13
2024/11/08 07:34:00,1061.00,263.18
2024/11/08 07:34:00,1062.00,265.53
2024/11/08 07:34:00,1063.00,265.71
2024/11/08 07:34:00,1064.00,264.18
2024/11/08 07:34:00,1065.00,265.91
2024/11/08 07:34:00,1066.00,263.88
2024/11/08 07:34:00,1067.00,262.23
2024/11/08 07:34:00,1068.00,261.08
2024/11/08 07:34:00,1069.00,259.81
2024/11/08 07:34:00,1070.00,260.35
2024/11/08 07:34:00,1071.00,257.94
2024/11/08 07:34:00,1072.00,258.89
2024/11/08 07:34:00,1073.00,259.62
2024/11/08 07:34:00,1074.00,258.13
2024/11/08 07:34:00,1075.00,259.41
2024/11/08 07:34:00,1076.00,258.35
2024/11/08 07:34:00,1077.00,254.43
2024/11/08 07:34:00,1078.00,255.00
2024/11/08 07:34:00,1079.00,251.66
2024/11/08 07:34:00,1080.00,250.75
2024/11/08 07:34:00,1081.00,254.05
2024/11/08 07:34:00,1082.00,250.41
2024/11/08 07:34:00,1083.00,248.82
2024/11/08 07:34:00,1084.00,249.00
2024/11/08 07:34:00,1085.00,248.68
2024/11/08 07:34:00,1086.00,247.95
2024/11/08 07:34:00,1087.00,243.96
2024/11/08 07:34:00,1088.00,243.83
2024/11/08 07:34:00,1089.00,244.45
2024/11/08 07:34:00,1090.00,247.21
2024/11/08 07:34:00,1091.00,254.19
2024/11/08 07:34:00,1092.00,255.80
2024/11/08 07:34:00,1093.00,256.79
2024/11/08 07:34:00,1094.00,256.76
2024/11/08 07:34:00,1095.00,249.14
2024/11/08 07:34:00,1096.00,248.63
2024/11/08 07:34:00,1097.00,246.42
2024/11/08 07:34:00,1098.00,237.79
2024/11/08 07:34:00,1099.00,239.25
2024/11/08 07:34:00,1100.00,238.98
2024/11/08 07:35:00,Wavelength(nm),Irradiance(W/m2/um)
2024/11/08 07:35:00,300.00,8.08
2024/11/08 07:35:00,301.00,8.92
2024/11/08 07:35:00,302.00,10.37
2024/11/08 07:35:00,303.00,12.05
2024/11/08 07:35:00,304.00,13.32
2024/11/08 07:35:00,305.00,15.19
2024/11/08 07:35:00,306.00,17.59
2024/11/08 07:35:00,307.00,20.11
2024/11/08 07:35:00,308.00,23.35
2024/11/08 07:35:00,309.00,27.71
2024/11/08 07:35:00,310.00,32.50
2024/11/08 07:35:00,311.00,37.74
2024/11/08 07:35:00,312.00,43.52
2024/11/08 07:35:00,313.00,50.06
2024/11/08 07:35:00,314.00,57.06
2024/11/08 07:35:00,315.00,63.97
2024/11/08 07:35:00,316.00,71.88
2024/11/08 07:35:00,317.00,80.29
2024/11/08 07:35:00,318.00,87.97
2024/11/08 07:35:00,319.00,95.13
2024/11/08 07:35:00,320.00,102.56
2024/11/08 07:35:00,321.00,109.97
2024/11/08 07:35:00,322.00,118.86
2024/11/08 07:35:00,323.00,129.26
2024/11/08 07:35:00,324.00,140.28
2024/11/08 07:35:00,325.00,152.28
2024/11/08 07:35:00,326.00,165.07
2024/11/08 07:35:00,327.00,176.59
2024/11/08 07:35:00,328.00,186.07
2024/11/08 07:35:00,329.00,194.43
2024/11/08 07:35:00,330.00,201.38
2024/11/08 07:35:00,331.00,206.18
2024/11/08 07:35:00,332.00,209.27
2024/11/08 07:35:00,333.00,210.63
2024/11/08 07:35:00,334.00,211.25
2024/11/08 07:35:00,335.00,211.89
2024/11/08 07:35:00,336.00,213.17
2024/11/08 07:35:00,337.00,215.28
2024/11/08 07:35:00,338.00,219.31
2024/11/08 07:35:00,339.00,223.96
2024/11/08 07:35:00,340.00,227.97
2024/11/08 07:35:00,341.00,230.31
2024/11/08 07:35:00,342.00,231.08
2024/11/08 07:35:00,343.00,231.68
2024/11/08 07:35:00,344.00,231.73
2024/11/08 07:35:00,345.00,231.55
2024/11/08 07:35:00,346.00,232.64
2024/11/08 07:35:00,347.00,235.50
2024/11/08 07:35:00,348.00,239.16
2024/11/08 07:35:00,349.00,242.61
2024/11/08 07:35:00,350.00,246.85
2024/11/08 07:35:00,351.00,252.93
2024/11/08 07:35:00,352.00,258.48
2024/11/08 07:35:00,353.00,261.33
2024/11/08 07:35:00,354.00,261.68
2024/11/08 07:35:00,355.00,258.69
2024/11/08 07:35:00,356.00,254.03
2024/11/08 07:35:00,357.00,250.31
2024/11/08 07:35:00,358.00,247.36
2024/11/08 07:35:00,359.00,247.87
2024/11/08 07:35:00,360.00,253.31
2024/11/08 07:35:00,361.00,259.34
2024/11/08 07:35:00,362.00,266.71
2024/11/08 07:35:00,363.00,278.07
2024/11/08 07:35:00,364.00,290.30
2024/11/08 07:35:00,365.00,300.63
2024/11/08 07:35:00,366.00,310.16
2024/11/08 07:35:00,367.00,316.99
2024/11/08 07:35:00,368.00,320.19
2024/11/08 07:35:00,369.00,319.67
2024/11/08 07:35:00,370.00,315.34
2024/11/08 07:35:00,371.00,307.51
2024/11/08 07:35:00,372.00,299.65
2024/11/08 07:35:00,373.00,294.58
2024/11/08 07:35:00,374.00,295.11
2024/11/08 07:35:00,375.00,303.34
2024/11/08 07:35:00,376.00,314.41
2024/11/08 07:35:00,377.00,324.87
2024/11/08 07:35:00,378.00,332.35
2024/11/08 07:35:00,379.00,330.52
2024/11/08 07:35:00,380.00,316.90
2024/11/08 07:35:00,381.00,301.28
2024/11/08 07:35:00,382.00,288.79
2024/11/08 07:35:00,383.00,279.24
2024/11/08 07:35:00,384.00,276.10
2024/11/08 07:35:00,385.00,281.18
2024/11/08 07:35:00,386.00,290.77
2024/11/08 07:35:00,387.00,302.78
2024/11/08 07:35:00,388.00,316.49
2024/11/08 07:35:00,389.00,327.72
2024/11/08 07:35:00,390.00,329.88
2024/11/08 07:35:00,391.00,324.93
2024/11/08 07:35:00,392.00,320.22
2024/11/08 07:35:00,393.00,312.33
2024/11/08 07:35:00,394.00,303.11
2024/11/08 07:35:00,395.00,307.90
2024/11/08 07:35:00,396.00,330.66
2024/11/08 07:35:00,397.00,358.09
2024/11/08 07:35:00,398.00,390.58
2024/11/08 07:35:00,399.00,429.69
2024/11/08 07:35:00,400.00,464.74
2024/11/08 07:35:00,401.00,487.37
2024/11/08 07:35:00,402.00,499.93
2024/11/08 07:35:00,403.00,503.12
2024/11/08 07:35:00,404.00,500.93
2024/11/08 07:35:00,405.00,499.03
2024/11/08 07:35:00,406.00,498.68
2024/11/08 07:35:00,407.00,499.05
2024/11/08 07:35:00,408.00,502.21
2024/11/08 07:35:00,409.00,509.12
2024/11/08 07:35:00,410.00,516.18
2024/11/08 07:35:00,411.00,522.65
2024/11/08 07:35:00,412.00,529.28
2024/11/08 07:35:00,413.00,536.18
2024/11/08 07:35:00,414.00,540.68
2024/11/08 07:35:00,415.00,542.37
2024/11/08 07:35:00,416.00,541.91
2024/11/08 07:35:00,417.00,541.73
2024/11/08 07:35:00,418.00,541.90
2024/11/08 07:35:00,419.00,542.82
2024/11/08 07:35:00,420.00,543.20
2024/11/08 07:35:00,421.00,544.42
2024/11/08 07:35:00,422.00,546.23
2024/11/08 07:35:00,423.00,546.77
2024/11/08 07:35:00,424.00,544.73
2024/11/08 07:35:00,425.00,543.03
2024/11/08 07:35:00,426.00,539.41
2024/11/08 07:35:00,427.00,528.28
2024/11/08 07:35:00,428.00,513.81
2024/11/08 07:35:00,429.00,505.44
2024/11/08 07:35:00,430.00,505.37
2024/11/08 07:35:00,431.00,510.38
2024/11/08 07:35:00,432.00,524.06
2024/11/08 07:35:00,433.00,545.71
2024/11/08 07:35:00,434.00,566.14
2024/11/08 07:35:00,435.00,576.81
2024/11/08 07:35:00,436.00,581.83
2024/11/08 07:35:00,437.00,586.23
2024/11/08 07:35:00,438.00,589.95
2024/11/08 07:35:00,439.00,594.03
2024/11/08 07:35:00,440.00,603.27
2024/11/08 07:35:00,441.00,616.84
2024/11/08 07:35:00,442.00,628.91
2024/11/08 07:35:00,443.00,637.64
2024/11/08 07:35:00,444.00,643.94
2024/11/08 07:35:00,445.00,649.54
2024/11/08 07:35:00,446.00,654.92
2024/11/08 07:35:00,447.00,663.94
2024/11/08 07:35:00,448.00,676.74
2024/11/08 07:35:00,449.00,687.35
2024/11/08 07:35:00,450.00,692.34
2024/11/08 07:35:00,451.00,694.33
2024/11/08 07:35:00,452.00,693.06
2024/11/08 07:35:00,453.00,690.51
2024/11/08 07:35:00,454.00,691.86
2024/11/08 07:35:00,455.00,695.79
2024/11/08 07:35:00,456.00,700.42
2024/11/08 07:35:00,457.00,705.47
2024/11/08 07:35:00,458.00,709.71
2024/11/08 07:35:00,459.00,712.61
2024/11/08 07:35:00,460.00,715.32
2024/11/08 07:35:00,461.00,718.59
2024/11/08 07:35:00,462.00,721.93
2024/11/08 07:35:00,463.00,721.41
2024/11/08 07:35:00,464.00,718.39
2024/11/08 07:35:00,465.00,714.37
2024/11/08 07:35:00,466.00,711.50
2024/11/08 07:35:00,467.00,707.15
2024/11/08 07:35:00,468.00,706.02
2024/11/08 07:35:00,469.00,706.39
2024/11/08 07:35:00,470.00,708.08
2024/11/08 07:35:00,471.00,710.32
2024/11/08 07:35:00,472.00,713.73
2024/11/08 07:35:00,473.00,715.60
2024/11/08 07:35:00,474.00,718.11
2024/11/08 07:35:00,475.00,719.68
2024/11/08 07:35:00,476.00,720.91
2024/11/08 07:35:00,477.00,723.65
2024/11/08 07:35:00,478.00,727.64
2024/11/08 07:35:00,479.00,729.72
2024/11/08 07:35:00,480.00,733.16
2024/11/08 07:35:00,481.00,732.20
2024/11/08 07:35:00,482.00,726.74
2024/11/08 07:35:00,483.00,717.43
2024/11/08 07:35:00,484.00,702.38
2024/11/08 07:35:00,485.00,687.94
2024/11/08 07:35:00,486.00,681.15
2024/11/08 07:35:00,487.00,679.19
2024/11/08 07:35:00,488.00,682.36
2024/11/08 07:35:00,489.00,691.35
2024/11/08 07:35:00,490.00,698.10
2024/11/08 07:35:00,491.00,701.76
2024/11/08 07:35:00,492.00,704.87
2024/11/08 07:35:00,493.00,707.41
2024/11/08 07:35:00,494.00,709.32
2024/11/08 07:35:00,495.00,712.62
2024/11/08 07:35:00,496.00,713.10
2024/11/08 07:35:00,497.00,709.82
2024/11/08 07:35:00,498.00,706.17
2024/11/08 07:35:00,499.00,699.59
2024/11/08 07:35:00,500.00,693.17
2024/11/08 07:35:00,501.00,689.34
2024/11/08 07:35:00,502.00,688.21
2024/11/08 07:35:00,503.00,689.52
2024/11/08 07:35:00,504.00,693.32
2024/11/08 07:35:00,505.00,695.42
2024/11/08 07:35:00,506.00,698.16
2024/11/08 07:35:00,507.00,700.47
2024/11/08 07:35:00,508.00,700.96
2024/11/08 07:35:00,509.00,700.48
2024/11/08 07:35:00,510.00,700.73
2024/11/08 07:35:00,511.00,698.31
2024/11/08 07:35:00,512.00,694.56
2024/11/08 07:35:00,513.00,687.45
2024/11/08 07:35:00,514.00,676.96
2024/11/08 07:35:00,515.00,664.74
2024/11/08 07:35:00,516.00,654.29
2024/11/08 07:35:00,517.00,647.26
2024/11/08 07:35:00,518.00,646.36
2024/11/08 07:35:00,519.00,649.13
2024/11/08 07:35:00,520.00,657.50
2024/11/08 07:35:00,521.00,666.77
2024/11/08 07:35:00,522.00,673.46
2024/11/08 07:35:00,523.00,675.84
2024/11/08 07:35:00,524.00,675.67
2024/11/08 07:35:00,525.00,674.38
2024/11/08 07:35:00,526.00,675.23
2024/11/08 07:35:00,527.00,675.71
2024/11/08 07:35:00,528.00,678.11
2024/11/08 07:35:00,529.00,682.71
2024/11/08 07:35:00,530.00,686.69
2024/11/08 07:35:00,531.00,686.20
2024/11/08 07:35:00,532.00,687.47
2024/11/08 07:35:00,533.00,687.77
2024/11/08 07:35:00,534.00,687.44
2024/11/08 07:35:00,535.00,686.65
2024/11/08 07:35:00,536.00,687.38
2024/11/08 07:35:00,537.00,684.18
2024/11/08 07:35:00,538.00,680.48
2024/11/08 07:35:00,539.00,677.89
2024/11/08 07:35:00,540.00,676.25
2024/11/08 07:35:00,541.00,674.86
2024/11/08 07:35:00,542.00,675.30
2024/11/08 07:35:00,543.00,675.86
2024/11/08 07:35:00,544.00,676.60
2024/11/08 07:35:00,545.00,676.80
2024/11/08 07:35:00,546.00,677.50
2024/11/08 07:35:00,547.00,678.31
2024/11/08 07:35:00,548.00,678.42
2024/11/08 07:35:00,549.00,679.64
2024/11/08 07:35:00,550.00,680.59
2024/11/08 07:35:00,551.00,679.64
2024/11/08 07:35:00,552.00,680.28
2024/11/08 07:35:00,553.00,680.24
2024/11/08 07:35:00,554.00,677.32
2024/11/08 07:35:00,555.00,674.21
2024/11/08 07:35:00,556.00,670.92
2024/11/08 07:35:00,557.00,665.10
2024/11/08 07:35:00,558.00,660.82
2024/11/08 07:35:00,559.00,658.97
2024/11/08 07:35:00,560.00,657.21
2024/11/08 07:35:00,561.00,657.84
2024/11/08 07:35:00,562.00,659.01
2024/11/08 07:35:00,563.00,658.63
2024/11/08 07:35:00,564.00,658.21
2024/11/08 07:35:00,565.00,657.13
2024/11/08 07:35:00,566.00,654.33
2024/11/08 07:35:00,567.00,651.12
2024/11/08 07:35:00,568.00,648.15
2024/11/08 07:35:00,569.00,645.42
2024/11/08 07:35:00,570.00,644.34
2024/11/08 07:35:00,571.00,644.28
2024/11/08 07:35:00,572.00,644.00
2024/11/08 07:35:00,573.00,644.69
2024/11/08 07:35:00,574.00,645.15
2024/11/08 07:35:00,575.00,643.18
2024/11/08 07:35:00,576.00,641.29
2024/11/08 07:35:00,577.00,640.64
2024/11/08 07:35:00,578.00,640.87
2024/11/08 07:35:00,579.00,641.97
2024/11/08 07:35:00,580.00,644.78
2024/11/08 07:35:00,581.00,647.72
2024/11/08 07:35:00,582.00,650.17
2024/11/08 07:35:00,583.00,651.09
2024/11/08 07:35:00,584.00,651.99
2024/11/08 07:35:00,585.00,650.65
2024/11/08 07:35:00,586.00,645.10
2024/11/08 07:35:00,587.00,641.21
2024/11/08 07:35:00,588.00,637.50
2024/11/08 07:35:00,589.00,633.87
2024/11/08 07:35:00,590.00,631.40
2024/11/08 07:35:00,591.00,632.62
2024/11/08 07:35:00,592.00,633.57
2024/11/08 07:35:00,593.00,635.19
2024/11/08 07:35:00,594.00,635.46
2024/11/08 07:35:00,595.00,636.28
2024/11/08 07:35:00,596.00,636.16
2024/11/08 07:35:00,597.00,634.12
2024/11/08 07:35:00,598.00,631.82
2024/11/08 07:35:00,599.00,629.75
2024/11/08 07:35:00,600.00,627.60
2024/11/08 07:35:00,601.00,627.03
2024/11/08 07:35:00,602.00,627.28
2024/11/08 07:35:00,603.00,627.88
2024/11/08 07:35:00,604.00,628.04
2024/11/08 07:35:00,605.00,627.86
2024/11/08 07:35:00,606.00,626.78
2024/11/08 07:35:00,607.00,626.28
2024/11/08 07:35:00,608.00,625.18
2024/11/08 07:35:00,609.00,623.76
2024/11/08 07:35:00,610.00,623.11
2024/11/08 07:35:00,611.00,621.73
2024/11/08 07:35:00,612.00,619.32
2024/11/08 07:35:00,613.00,616.19
2024/11/08 07:35:00,614.00,614.18
2024/11/08 07:35:00,615.00,612.47
2024/11/08 07:35:00,616.00,611.61
2024/11/08 07:35:00,617.00,612.63
2024/11/08 07:35:00,618.00,613.51
2024/11/08 07:35:00,619.00,614.57
2024/11/08 07:35:00,620.00,614.82
2024/11/08 07:35:00,621.00,613.33
2024/11/08 07:35:00,622.00,611.42
2024/11/08 07:35:00,623.00,609.88
2024/11/08 07:35:00,624.00,606.97
2024/11/08 07:35:00,625.00,604.06
2024/11/08 07:35:00,626.00,600.63
2024/11/08 07:35:00,627.00,597.61
2024/11/08 07:35:00,628.00,595.27
2024/11/08 07:35:00,629.00,593.10
2024/11/08 07:35:00,630.00,593.04
2024/11/08 07:35:00,631.00,594.31
2024/11/08 07:35:00,632.00,596.00
2024/11/08 07:35:00,633.00,597.91
2024/11/08 07:35:00,634.00,601.07
2024/11/08 07:35:00,635.00,602.78
2024/11/08 07:35:00,636.00,603.30
2024/11/08 07:35:00,637.00,604.25
2024/11/08 07:35:00,638.00,604.78
2024/11/08 07:35:00,639.00,604.43
2024/11/08 07:35:00,640.00,605.05
2024/11/08 07:35:00,641.00,606.43
2024/11/08 07:35:00,642.00,607.17
2024/11/08 07:35:00,643.00,607.45
2024/11/08 07:35:00,644.00,607.82
2024/11/08 07:35:00,645.00,606.52
2024/11/08 07:35:00,646.00,604.61
2024/11/08 07:35:00,647.00,602.88
2024/11/08 07:35:00,648.00,601.01
2024/11/08 07:35:00,649.00,600.65
2024/11/08 07:35:00,650.00,600.22
2024/11/08 07:35:00,651.00,600.50
2024/11/08 07:35:00,652.00,597.66
2024/11/08 07:35:00,653.00,591.14
2024/11/08 07:35:00,654.00,583.67
2024/11/08 07:35:00,655.00,578.63
2024/11/08 07:35:00,656.00,575.46
2024/11/08 07:35:00,657.00,574.81
2024/11/08 07:35:00,658.00,578.77
2024/11/08 07:35:00,659.00,583.01
2024/11/08 07:35:00,660.00,586.82
2024/11/08 07:35:00,661.00,589.50
2024/11/08 07:35:00,662.00,592.90
2024/11/08 07:35:00,663.00,595.57
2024/11/08 07:35:00,664.00,598.00
2024/11/08 07:35:00,665.00,599.56
2024/11/08 07:35:00,666.00,600.97
2024/11/08 07:35:00,667.00,601.19
2024/11/08 07:35:00,668.00,601.02
2024/11/08 07:35:00,669.00,601.29
2024/11/08 07:35:00,670.00,601.00
2024/11/08 07:35:00,671.00,600.50
2024/11/08 07:35:00,672.00,599.93
2024/11/08 07:35:00,673.00,599.69
2024/11/08 07:35:00,674.00,598.76
2024/11/08 07:35:00,675.00,598.52
2024/11/08 07:35:00,676.00,598.50
2024/11/08 07:35:00,677.00,598.04
2024/11/08 07:35:00,678.00,597.02
2024/11/08 07:35:00,679.00,597.21
2024/11/08 07:35:00,680.00,596.34
2024/11/08 07:35:00,681.00,593.88
2024/11/08 07:35:00,682.00,593.22
2024/11/08 07:35:00,683.00,588.49
2024/11/08 07:35:00,684.00,575.54
2024/11/08 07:35:00,685.00,559.87
2024/11/08 07:35:00,686.00,544.36
2024/11/08 07:35:00,687.00,527.56
2024/11/08 07:35:00,688.00,515.32
2024/11/08 07:35:00,689.00,512.92
2024/11/08 07:35:00,690.00,516.96
2024/11/08 07:35:00,691.00,523.18
2024/11/08 07:35:00,692.00,531.61
2024/11/08 07:35:00,693.00,541.39
2024/11/08 07:35:00,694.00,548.23
2024/11/08 07:35:00,695.00,552.59
2024/11/08 07:35:00,696.00,556.64
2024/11/08 07:35:00,697.00,559.35
2024/11/08 07:35:00,698.00,560.03
2024/11/08 07:35:00,699.00,560.41
2024/11/08 07:35:00,700.00,560.36
2024/11/08 07:35:00,701.00,560.74
2024/11/08 07:35:00,702.00,560.48
2024/11/08 07:35:00,703.00,561.47
2024/11/08 07:35:00,704.00,563.41
2024/11/08 07:35:00,705.00,563.37
2024/11/08 07:35:00,706.00,562.42
2024/11/08 07:35:00,707.00,564.39
2024/11/08 07:35:00,708.00,563.48
2024/11/08 07:35:00,709.00,561.79
2024/11/08 07:35:00,710.00,563.38
2024/11/08 07:35:00,711.00,563.39
2024/11/08 07:35:00,712.00,560.33
2024/11/08 07:35:00,713.00,559.35
2024/11/08 07:35:00,714.00,556.57
2024/11/08 07:35:00,715.00,548.74
2024/11/08 07:35:00,716.00,540.92
2024/11/08 07:35:00,717.00,532.66
2024/11/08 07:35:00,718.00,523.34
2024/11/08 07:35:00,719.00,517.49
2024/11/08 07:35:00,720.00,514.56
2024/11/08 07:35:00,721.00,513.02
2024/11/08 07:35:00,722.00,512.25
2024/11/08 07:35:00,723.00,511.55
2024/11/08 07:35:00,724.00,511.73
2024/11/08 07:35:00,725.00,511.53
2024/11/08 07:35:00,726.00,511.56
2024/11/08 07:35:00,727.00,512.34
2024/11/08 07:35:00,728.00,513.30
2024/11/08 07:35:00,729.00,514.78
2024/11/08 07:35:00,730.00,516.26
2024/11/08 07:35:00,731.00,518.69
2024/11/08 07:35:00,732.00,521.96
2024/11/08 07:35:00,733.00,524.89
2024/11/08 07:35:00,734.00,526.91
2024/11/08 07:35:00,735.00,528.77
2024/11/08 07:35:00,736.00,529.71
2024/11/08 07:35:00,737.00,529.43
2024/11/08 07:35:00,738.00,528.81
2024/11/08 07:35:00,739.00,527.37
2024/11/08 07:35:00,740.00,525.03
2024/11/08 07:35:00,741.00,523.90
2024/11/08 07:35:00,742.00,522.13
2024/11/08 07:35:00,743.00,522.25
2024/11/08 07:35:00,744.00,522.49
2024/11/08 07:35:00,745.00,522.45
2024/11/08 07:35:00,746.00,523.65
2024/11/08 07:35:00,747.00,522.48
2024/11/08 07:35:00,748.00,522.30
2024/11/08 07:35:00,749.00,521.26
2024/11/08 07:35:00,750.00,519.24
2024/11/08 07:35:00,751.00,518.84
2024/11/08 07:35:00,752.00,520.01
2024/11/08 07:35:00,753.00,518.34
2024/11/08 07:35:00,754.00,517.97
2024/11/08 07:35:00,755.00,515.38
2024/11/08 07:35:00,756.00,501.65
2024/11/08 07:35:00,757.00,473.49
2024/11/08 07:35:00,758.00,436.05
2024/11/08 07:35:00,759.00,395.18
2024/11/08 07:35:00,760.00,357.57
2024/11/08 07:35:00,761.00,324.89
2024/11/08 07:35:00,762.00,310.13
2024/11/08 07:35:00,763.00,310.52
2024/11/08 07:35:00,764.00,316.53
2024/11/08 07:35:00,765.00,331.45
2024/11/08 07:35:00,766.00,352.33
2024/11/08 07:35:00,767.00,375.15
2024/11/08 07:35:00,768.00,397.22
2024/11/08 07:35:00,769.00,418.89
2024/11/08 07:35:00,770.00,435.78
2024/11/08 07:35:00,771.00,451.70
2024/11/08 07:35:00,772.00,462.37
2024/11/08 07:35:00,773.00,471.07
2024/11/08 07:35:00,774.00,476.62
2024/11/08 07:35:00,775.00,479.85
2024/11/08 07:35:00,776.00,481.37
2024/11/08 07:35:00,777.00,483.79
2024/11/08 07:35:00,778.00,482.74
2024/11/08 07:35:00,779.00,483.99
2024/11/08 07:35:00,780.00,484.87
2024/11/08 07:35:00,781.00,486.03
2024/11/08 07:35:00,782.00,488.50
2024/11/08 07:35:00,783.00,490.02
2024/11/08 07:35:00,784.00,488.76
2024/11/08 07:35:00,785.00,487.19
2024/11/08 07:35:00,786.00,483.95
2024/11/08 07:35:00,787.00,480.95
2024/11/08 07:35:00,788.00,479.84
2024/11/08 07:35:00,789.00,478.82
2024/11/08 07:35:00,790.00,480.59
2024/11/08 07:35:00,791.00,482.32
2024/11/08 07:35:00,792.00,480.79
2024/11/08 07:35:00,793.00,477.52
2024/11/08 07:35:00,794.00,478.18
2024/11/08 07:35:00,795.00,473.84
2024/11/08 07:35:00,796.00,472.42
2024/11/08 07:35:00,797.00,470.60
2024/11/08 07:35:00,798.00,470.28
2024/11/08 07:35:00,799.00,468.67
2024/11/08 07:35:00,800.00,469.90
2024/11/08 07:35:00,801.00,469.13
2024/11/08 07:35:00,802.00,471.03
2024/11/08 07:35:00,803.00,471.70
2024/11/08 07:35:00,804.00,472.27
2024/11/08 07:35:00,805.00,473.85
2024/11/08 07:35:00,806.00,471.64
2024/11/08 07:35:00,807.00,469.87
2024/11/08 07:35:00,808.00,470.15
2024/11/08 07:35:00,809.00,467.86
2024/11/08 07:35:00,810.00,465.14
2024/11/08 07:35:00,811.00,466.46
2024/11/08 07:35:00,812.00,463.49
2024/11/08 07:35:00,813.00,459.00
2024/11/08 07:35:00,814.00,451.62
2024/11/08 07:35:00,815.00,447.30
2024/11/08 07:35:00,816.00,442.46
2024/11/08 07:35:00,817.00,436.68
2024/11/08 07:35:00,818.00,435.78
2024/11/08 07:35:00,819.00,437.76
2024/11/08 07:35:00,820.00,435.45
2024/11/08 07:35:00,821.00,437.94
2024/11/08 07:35:00,822.00,442.32
2024/11/08 07:35:00,823.00,441.88
2024/11/08 07:35:00,824.00,445.32
2024/11/08 07:35:00,825.00,448.43
2024/11/08 07:35:00,826.00,446.86
2024/11/08 07:35:00,827.00,446.38
2024/11/08 07:35:00,828.00,443.97
2024/11/08 07:35:00,829.00,440.27
2024/11/08 07:35:00,830.00,438.08
2024/11/08 07:35:00,831.00,437.54
2024/11/08 07:35:00,832.00,436.21
2024/11/08 07:35:00,833.00,436.18
2024/11/08 07:35:00,834.00,434.98
2024/11/08 07:35:00,835.00,434.72
2024/11/08 07:35:00,836.00,433.73
2024/11/08 07:35:00,837.00,431.69
2024/11/08 07:35:00,838.00,432.56
2024/11/08 07:35:00,839.00,432.01
2024/11/08 07:35:00,840.00,430.97
2024/11/08 07:35:00,841.00,429.95
2024/11/08 07:35:00,842.00,429.07
2024/11/08 07:35:00,843.00,428.42
2024/11/08 07:35:00,844.00,428.41
2024/11/08 07:35:00,845.00,426.30
2024/11/08 07:35:00,846.00,424.65
2024/11/08 07:35:00,847.00,422.45
2024/11/08 07:35:00,848.00,417.54
2024/11/08 07:35:00,849.00,414.70
2024/11/08 07:35:00,850.00,410.89
2024/11/08 07:35:00,851.00,405.40
2024/11/08 07:35:00,852.00,401.26
2024/11/08 07:35:00,853.00,398.70
2024/11/08 07:35:00,854.00,396.96
2024/11/08 07:35:00,855.00,398.99
2024/11/08 07:35:00,856.00,400.75
2024/11/08 07:35:00,857.00,403.37
2024/11/08 07:35:00,858.00,406.39
2024/11/08 07:35:00,859.00,407.44
2024/11/08 07:35:00,860.00,408.17
2024/11/08 07:35:00,861.00,410.03
2024/11/08 07:35:00,862.00,408.86
2024/11/08 07:35:00,863.00,405.99
2024/11/08 07:35:00,864.00,401.61
2024/11/08 07:35:00,865.00,397.60
2024/11/08 07:35:00,866.00,395.84
2024/11/08 07:35:00,867.00,394.42
2024/11/08 07:35:00,868.00,395.18
2024/11/08 07:35:00,869.00,399.82
2024/11/08 07:35:00,870.00,400.65
2024/11/08 07:35:00,871.00,399.77
2024/11/08 07:35:00,872.00,400.12
2024/11/08 07:35:00,873.00,398.39
2024/11/08 07:35:00,874.00,397.41
2024/11/08 07:35:00,875.00,397.25
2024/11/08 07:35:00,876.00,397.51
2024/11/08 07:35:00,877.00,397.80
2024/11/08 07:35:00,878.00,396.34
2024/11/08 07:35:00,879.00,395.46
2024/11/08 07:35:00,880.00,395.52
2024/11/08 07:35:00,881.00,394.63
2024/11/08 07:35:00,882.00,394.52
2024/11/08 07:35:00,883.00,395.77
2024/11/08 07:35:00,884.00,394.23
2024/11/08 07:35:00,885.00,393.95
2024/11/08 07:35:00,886.00,393.59
2024/11/08 07:35:00,887.00,391.65
2024/11/08 07:35:00,888.00,391.19
2024/11/08 07:35:00,889.00,389.69
2024/11/08 07:35:00,890.00,386.41
2024/11/08 07:35:00,891.00,383.59
2024/11/08 07:35:00,892.00,379.81
2024/11/08 07:35:00,893.00,375.18
2024/11/08 07:35:00,894.00,368.96
2024/11/08 07:35:00,895.00,362.94
2024/11/08 07:35:00,896.00,356.99
2024/11/08 07:35:00,897.00,350.19
2024/11/08 07:35:00,898.00,343.33
2024/11/08 07:35:00,899.00,339.09
2024/11/08 07:35:00,900.00,335.86
2024/11/08 07:35:00,901.00,336.42
2024/11/08 07:35:00,902.00,339.03
2024/11/08 07:35:00,903.00,340.74
2024/11/08 07:35:00,904.00,341.65
2024/11/08 07:35:00,905.00,341.37
2024/11/08 07:35:00,906.00,336.61
2024/11/08 07:35:00,907.00,333.68
2024/11/08 07:35:00,908.00,331.93
2024/11/08 07:35:00,909.00,328.80
2024/11/08 07:35:00,910.00,328.14
2024/11/08 07:35:00,911.00,327.59
2024/11/08 07:35:00,912.00,325.09
2024/11/08 07:35:00,913.00,323.93
2024/11/08 07:35:00,914.00,322.54
2024/11/08 07:35:00,915.00,321.15
2024/11/08 07:35:00,916.00,322.82
2024/11/08 07:35:00,917.00,324.01
2024/11/08 07:35:00,918.00,326.46
2024/11/08 07:35:00,919.00,328.58
2024/11/08 07:35:00,920.00,328.80
2024/11/08 07:35:00,921.00,328.00
2024/11/08 07:35:00,922.00,327.93
2024/11/08 07:35:00,923.00,326.70
2024/11/08 07:35:00,924.00,326.77
2024/11/08 07:35:00,925.00,325.37
2024/11/08 07:35:00,926.00,321.78
2024/11/08 07:35:00,927.00,314.83
2024/11/08 07:35:00,928.00,304.32
2024/11/08 07:35:00,929.00,290.88
2024/11/08 07:35:00,930.00,274.35
2024/11/08 07:35:00,931.00,256.33
2024/11/08 07:35:00,932.00,240.80
2024/11/08 07:35:00,933.00,226.59
2024/11/08 07:35:00,934.00,214.70
2024/11/08 07:35:00,935.00,209.37
2024/11/08 07:35:00,936.00,207.30
2024/11/08 07:35:00,937.00,208.50
2024/11/08 07:35:00,938.00,213.00
2024/11/08 07:35:00,939.00,217.39
2024/11/08 07:35:00,940.00,221.07
2024/11/08 07:35:00,941.00,222.38
2024/11/08 07:35:00,942.00,220.85
2024/11/08 07:35:00,943.00,221.07
2024/11/08 07:35:00,944.00,219.42
2024/11/08 07:35:00,945.00,218.53
2024/11/08 07:35:00,946.00,220.05
2024/11/08 07:35:00,947.00,220.50
2024/11/08 07:35:00,948.00,220.36
2024/11/08 07:35:00,949.00,222.50
2024/11/08 07:35:00,950.00,222.98
2024/11/08 07:35:00,951.00,223.80
2024/11/08 07:35:00,952.00,224.76
2024/11/08 07:35:00,953.00,226.17
2024/11/08 07:35:00,954.00,227.83
2024/11/08 07:35:00,955.00,230.22
2024/11/08 07:35:00,956.00,232.61
2024/11/08 07:35:00,957.00,235.76
2024/11/08 07:35:00,958.00,237.56
2024/11/08 07:35:00,959.00,241.97
2024/11/08 07:35:00,960.00,245.83
2024/11/08 07:35:00,961.00,248.33
2024/11/08 07:35:00,962.00,253.16
2024/11/08 07:35:00,963.00,256.96
2024/11/08 07:35:00,964.00,259.98
2024/11/08 07:35:00,965.00,264.84
2024/11/08 07:35:00,966.00,270.42
2024/11/08 07:35:00,967.00,275.43
2024/11/08 07:35:00,968.00,281.81
2024/11/08 07:35:00,969.00,286.49
2024/11/08 07:35:00,970.00,289.77
2024/11/08 07:35:00,971.00,291.06
2024/11/08 07:35:00,972.00,290.45
2024/11/08 07:35:00,973.00,290.49
2024/11/08 07:35:00,974.00,289.22
2024/11/08 07:35:00,975.00,288.90
2024/11/08 07:35:00,976.00,290.04
2024/11/08 07:35:00,977.00,290.36
2024/11/08 07:35:00,978.00,291.27
2024/11/08 07:35:00,979.00,292.65
2024/11/08 07:35:00,980.00,294.99
2024/11/08 07:35:00,981.00,297.55
2024/11/08 07:35:00,982.00,300.64
2024/11/08 07:35:00,983.00,303.82
2024/11/08 07:35:00,984.00,306.82
2024/11/08 07:35:00,985.00,307.48
2024/11/08 07:35:00,986.00,308.56
2024/11/08 07:35:00,987.00,308.80
2024/11/08 07:35:00,988.00,307.90
2024/11/08 07:35:00,989.00,309.49
2024/11/08 07:35:00,990.00,309.02
2024/11/08 07:35:00,991.00,308.38
2024/11/08 07:35:00,992.00,309.16
2024/11/08 07:35:00,993.00,309.12
2024/11/08 07:35:00,994.00,307.98
2024/11/08 07:35:00,995.00,308.51
2024/11/08 07:35:00,996.00,307.71
2024/11/08 07:35:00,997.00,306.78
2024/11/08 07:35:00,998.00,306.14
2024/11/08 07:35:00,999.00,305.86
2024/11/08 07:35:00,1000.00,305.36
2024/11/08 07:35:00,1001.00,304.03
2024/11/08 07:35:00,1002.00,302.58
2024/11/08 07:35:00,1003.00,301.47
2024/11/08 07:35:00,1004.00,298.79
2024/11/08 07:35:00,1005.00,298.19
2024/11/08 07:35:00,1006.00,298.74
2024/11/08 07:35:00,1007.00,297.08
2024/11/08 07:35:00,1008.00,298.20
2024/11/08 07:35:00,1009.00,298.05
2024/11/08 07:35:00,1010.00,297.48
2024/11/08 07:35:00,1011.00,298.27
2024/11/08 07:35:00,1012.00,296.20
2024/11/08 07:35:00,1013.00,295.62
2024/11/08 07:35:00,1014.00,296.34
2024/11/08 07:35:00,1015.00,295.27
2024/11/08 07:35:00,1016.00,296.13
2024/11/08 07:35:00,1017.00,295.90
2024/11/08 07:35:00,1018.00,295.00
2024/11/08 07:35:00,1019.00,295.68
2024/11/08 07:35:00,1020.00,294.95
2024/11/08 07:35:00,1021.00,294.13
2024/11/08 07:35:00,1022.00,294.60
2024/11/08 07:35:00,1023.00,292.59
2024/11/08 07:35:00,1024.00,290.34
2024/11/08 07:35:00,1025.00,290.08
2024/11/08 07:35:00,1026.00,288.86
2024/11/08 07:35:00,1027.00,289.09
2024/11/08 07:35:00,1028.00,289.16
2024/11/08 07:35:00,1029.00,290.23
2024/11/08 07:35:00,1030.00,290.38
2024/11/08 07:35:00,1031.00,288.80
2024/11/08 07:35:00,1032.00,289.27
2024/11/08 07:35:00,1033.00,287.58
2024/11/08 07:35:00,1034.00,284.58
2024/11/08 07:35:00,1035.00,284.00
2024/11/08 07:35:00,1036.00,282.87
2024/11/08 07:35:00,1037.00,281.25
2024/11/08 07:35:00,1038.00,281.90
2024/11/08 07:35:00,1039.00,279.30
2024/11/08 07:35:00,1040.00,278.02
2024/11/08 07:35:00,1041.00,277.04
2024/11/08 07:35:00,1042.00,275.58
2024/11/08 07:35:00,1043.00,276.36
2024/11/08 07:35:00,1044.00,275.86
2024/11/08 07:35:00,1045.00,276.53
2024/11/08 07:35:00,1046.00,278.24
2024/11/08 07:35:00,1047.00,275.60
2024/11/08 07:35:00,1048.00,275.00
2024/11/08 07:35:00,1049.00,273.78
2024/11/08 07:35:00,1050.00,270.88
2024/11/08 07:35:00,1051.00,273.88
2024/11/08 07:35:00,1052.00,273.10
2024/11/08 07:35:00,1053.00,272.52
2024/11/08 07:35:00,1054.00,274.15
2024/11/08 07:35:00,1055.00,272.49
2024/11/08 07:35:00,1056.00,272.66
2024/11/08 07:35:00,1057.00,273.73
2024/11/08 07:35:00,1058.00,272.27
2024/11/08 07:35:00,1059.00,271.92
2024/11/08 07:35:00,1060.00,271.67
2024/11/08 07:35:00,1061.00,269.87
2024/11/08 07:35:00,1062.00,269.25
2024/11/08 07:35:00,1063.00,265.53
2024/11/08 07:35:00,1064.00,264.77
2024/11/08 07:35:00,1065.00,263.47
2024/11/08 07:35:00,1066.00,261.83
2024/11/08 07:35:00,1067.00,262.62
2024/11/08 07:35:00,1068.00,260.74
2024/11/08 07:35:00,1069.00,261.07
2024/11/08 07:35:00,1070.00,261.56
2024/11/08 07:35:00,1071.00,258.65
2024/11/08 07:35:00,1072.00,258.77
2024/11/08 07:35:00,1073.00,260.67
2024/11/08 07:35:00,1074.00,258.61
2024/11/08 07:35:00,1075.00,259.34
2024/11/08 07:35:00,1076.00,261.87
2024/11/08 07:35:00,1077.00,259.63
2024/11/08 07:35:00,1078.00,259.07
2024/11/08 07:35:00,1079.00,257.02
2024/11/08 07:35:00,1080.00,256.59
2024/11/08 07:35:00,1081.00,256.37
2024/11/08 07:35:00,1082.00,253.21
2024/11/08 07:35:00,1083.00,253.29
2024/11/08 07:35:00,1084.00,251.99
2024/11/08 07:35:00,1085.00,250.18
2024/11/08 07:35:00,1086.00,254.96
2024/11/08 07:35:00,1087.00,251.29
2024/11/08 07:35:00,1088.00,253.48
2024/11/08 07:35:00,1089.00,257.85
2024/11/08 07:35:00,1090.00,251.97
2024/11/08 07:35:00,1091.00,251.58
2024/11/08 07:35:00,1092.00,254.49
2024/11/08 07:35:00,1093.00,247.43
2024/11/08 07:35:00,1094.00,247.39
2024/11/08 07:35:00,1095.00,244.01
2024/11/08 07:35:00,1096.00,242.75
2024/11/08 07:35:00,1097.00,243.51
2024/11/08 07:35:00,1098.00,241.92
2024/11/08 07:35:00,1099.00,244.25
2024/11/08 07:35:00,1100.00,243.57
2024/11/08 07:36:00,Wavelength(nm),Irradiance(W/m2/um)
2024/11/08 07:36:00,300.00,8.33
2024/11/08 07:36:00,301.00,9.20
2024/11/08 07:36:00,302.00,10.72
2024/11/08 07:36:00,303.00,11.72
2024/11/08 07:36:00,304.00,13.39
2024/11/08 07:36:00,305.00,15.64
2024/11/08 07:36:00,306.00,17.72
2024/11/08 07:36:00,307.00,20.43
2024/11/08 07:36:00,308.00,23.81
2024/11/08 07:36:00,309.00,27.86
2024/11/08 07:36:00,310.00,32.81
2024/11/08 07:36:00,311.00,38.06
2024/11/08 07:36:00,312.00,44.03
2024/11/08 07:36:00,313.00,50.89
2024/11/08 07:36:00,314.00,57.65
2024/11/08 07:36:00,315.00,64.72
2024/11/08 07:36:00,316.00,72.78
2024/11/08 07:36:00,317.00,80.74
2024/11/08 07:36:00,318.00,88.21
2024/11/08 07:36:00,319.00,95.47
2024/11/08 07:36:00,320.00,102.85
2024/11/08 07:36:00,321.00,110.29
2024/11/08 07:36:00,322.00,119.35
2024/11/08 07:36:00,323.00,129.86
2024/11/08 07:36:00,324.00,141.29
2024/11/08 07:36:00,325.00,153.29
2024/11/08 07:36:00,326.00,166.31
2024/11/08 07:36:00,327.00,178.36
2024/11/08 07:36:00,328.00,188.21
2024/11/08 07:36:00,329.00,196.54
2024/11/08 07:36:00,330.00,203.43
2024/11/08 07:36:00,331.00,208.00
2024/11/08 07:36:00,332.00,210.34
2024/11/08 07:36:00,333.00,211.58
2024/11/08 07:36:00,334.00,212.04
2024/11/08 07:36:00,335.00,212.76
2024/11/08 07:36:00,336.00,214.29
2024/11/08 07:36:00,337.00,217.00
2024/11/08 07:36:00,338.00,220.64
2024/11/08 07:36:00,339.00,225.65
2024/11/08 07:36:00,340.00,229.77
2024/11/08 07:36:00,341.00,231.86
2024/11/08 07:36:00,342.00,232.98
2024/11/08 07:36:00,343.00,233.74
2024/11/08 07:36:00,344.00,233.87
2024/11/08 07:36:00,345.00,233.74
2024/11/08 07:36:00,346.00,234.46
2024/11/08 07:36:00,347.00,237.00
2024/11/08 07:36:00,348.00,240.78
2024/11/08 07:36:00,349.00,243.84
2024/11/08 07:36:00,350.00,248.05
2024/11/08 07:36:00,351.00,254.36
2024/11/08 07:36:00,352.00,259.66
2024/11/08 07:36:00,353.00,262.86
2024/11/08 07:36:00,354.00,263.45
2024/11/08 07:36:00,355.00,260.33
2024/11/08 07:36:00,356.00,255.94
2024/11/08 07:36:00,357.00,252.44
2024/11/08 07:36:00,358.00,249.02
2024/11/08 07:36:00,359.00,249.48
2024/11/08 07:36:00,360.00,254.66
2024/11/08 07:36:00,361.00,260.88
2024/11/08 07:36:00,362.00,268.41
2024/11/08 07:36:00,363.00,279.97
2024/11/08 07:36:00,364.00,292.60
2024/11/08 07:36:00,365.00,303.12
2024/11/08 07:36:00,366.00,312.17
2024/11/08 07:36:00,367.00,318.56
2024/11/08 07:36:00,368.00,321.68
2024/11/08 07:36:00,369.00,321.19
2024/11/08 07:36:00,370.00,317.00
2024/11/08 07:36:00,371.00,309.15
2024/11/08 07:36:00,372.00,301.62
2024/11/08 07:36:00,373.00,296.65
2024/11/08 07:36:00,374.00,297.09
2024/11/08 07:36:00,375.00,305.03
2024/11/08 07:36:00,376.00,316.46
2024/11/08 07:36:00,377.00,327.26
2024/11/08 07:36:00,378.00,334.40
2024/11/08 07:36:00,379.00,332.23
2024/11/08 07:36:00,380.00,318.89
2024/11/08 07:36:00,381.00,303.04
2024/11/08 07:36:00,382.00,290.30
2024/11/08 07:36:00,383.00,281.07
2024/11/08 07:36:00,384.00,277.75
2024/11/08 07:36:00,385.00,282.90
2024/11/08 07:36:00,386.00,292.19
2024/11/08 07:36:00,387.00,303.73
2024/11/08 07:36:00,388.00,317.54
2024/11/08 07:36:00,389.00,329.18
2024/11/08 07:36:00,390.00,331.35
2024/11/08 07:36:00,391.00,326.73
2024/11/08 07:36:00,392.00,322.24
2024/11/08 07:36:00,393.00,314.51
2024/11/08 07:36:00,394.00,305.16
2024/11/08 07:36:00,395.00,309.80
2024/11/08 07:36:00,396.00,332.69
2024/11/08 07:36:00,397.00,360.40
2024/11/08 07:36:00,398.00,392.80
2024/11/08 07:36:00,399.00,432.11
2024/11/08 07:36:00,400.00,467.63
2024/11/08 07:36:00,401.00,490.50
2024/11/08 07:36:00,402.00,502.95
2024/11/08 07:36:00,403.00,505.98
2024/11/08 07:36:00,404.00,503.70
2024/11/08 07:36:00,405.00,501.56
2024/11/08 07:36:00,406.00,501.09
2024/11/08 07:36:00,407.00,501.42
2024/11/08 07:36:00,408.00,504.68
2024/11/08 07:36:00,409.00,512.10
2024/11/08 07:36:00,410.00,519.32
2024/11/08 07:36:00,411.00,525.74
2024/11/08 07:36:00,412.00,532.89
2024/11/08 07:36:00,413.00,539.99
2024/11/08 07:36:00,414.00,543.98
2024/11/08 07:36:00,415.00,545.63
2024/11/08 07:36:00,416.00,545.39
2024/11/08 07:36:00,417.00,544.66
2024/11/08 07:36:00,418.00,544.93
2024/11/08 07:36:00,419.00,545.63
2024/11/08 07:36:00,420.00,546.11
2024/11/08 07:36:00,421.00,547.10
2024/11/08 07:36:00,422.00,548.46
2024/11/08 07:36:00,423.00,548.96
2024/11/08 07:36:00,424.00,546.71
2024/11/08 07:36:00,425.00,544.76
2024/11/08 07:36:00,426.00,541.14
2024/11/08 07:36:00,427.00,529.88
2024/11/08 07:36:00,428.00,515.42
2024/11/08 07:36:00,429.00,507.80
2024/11/08 07:36:00,430.00,507.66
2024/11/08 07:36:00,431.00,512.80
2024/11/08 07:36:00,432.00,527.00
2024/11/08 07:36:00,433.00,549.79
2024/11/08 07:36:00,434.00,569.80
2024/11/08 07:36:00,435.00,580.25
2024/11/08 07:36:00,436.00,585.71
2024/11/08 07:36:00,437.00,590.28
2024/11/08 07:36:00,438.00,593.54
2024/11/08 07:36:00,439.00,598.40
2024/11/08 07:36:00,440.00,607.82
2024/11/08 07:36:00,441.00,622.25
2024/11/08 07:36:00,442.00,634.77
2024/11/08 07:36:00,443.00,643.10
2024/11/08 07:36:00,444.00,649.56
2024/11/08 07:36:00,445.00,655.26
2024/11/08 07:36:00,446.00,659.87
2024/11/08 07:36:00,447.00,669.10
2024/11/08 07:36:00,448.00,681.48
2024/11/08 07:36:00,449.00,692.31
2024/11/08 07:36:00,450.00,697.69
2024/11/08 07:36:00,451.00,699.07
2024/11/08 07:36:00,452.00,698.83
2024/11/08 07:36:00,453.00,697.84
2024/11/08 07:36:00,454.00,697.96
2024/11/08 07:36:00,455.00,700.89
2024/11/08 07:36:00,456.00,706.23
2024/11/08 07:36:00,457.00,709.60
2024/11/08 07:36:00,458.00,713.36
2024/11/08 07:36:00,459.00,716.63
2024/11/08 07:36:00,460.00,719.97
2024/11/08 07:36:00,461.00,723.51
2024/11/08 07:36:00,462.00,727.06
2024/11/08 07:36:00,463.00,726.49
2024/11/08 07:36:00,464.00,724.00
2024/11/08 07:36:00,465.00,720.65
2024/11/08 07:36:00,466.00,716.80
2024/11/08 07:36:00,467.00,713.40
2024/11/08 07:36:00,468.00,712.11
2024/11/08 07:36:00,469.00,711.59
2024/11/08 07:36:00,470.00,712.01
2024/11/08 07:36:00,471.00,713.54
2024/11/08 07:36:00,472.00,716.52
2024/11/08 07:36:00,473.00,718.99
2024/11/08 07:36:00,474.00,720.23
2024/11/08 07:36:00,475.00,721.31
2024/11/08 07:36:00,476.00,724.36
2024/11/08 07:36:00,477.00,726.95
2024/11/08 07:36:00,478.00,729.81
2024/11/08 07:36:00,479.00,733.90
2024/11/08 07:36:00,480.00,737.81
2024/11/08 07:36:00,481.00,737.37
2024/11/08 07:36:00,482.00,732.01
2024/11/08 07:36:00,483.00,721.20
2024/11/08 07:36:00,484.00,705.47
2024/11/08 07:36:00,485.00,692.05
2024/11/08 07:36:00,486.00,683.04
2024/11/08 07:36:00,487.00,681.17
2024/11/08 07:36:00,488.00,686.15
2024/11/08 07:36:00,489.00,695.14
2024/11/08 07:36:00,490.00,702.17
2024/11/08 07:36:00,491.00,707.84
2024/11/08 07:36:00,492.00,710.66
2024/11/08 07:36:00,493.00,713.24
2024/11/08 07:36:00,494.00,715.82
2024/11/08 07:36:00,495.00,718.48
2024/11/08 07:36:00,496.00,717.24
2024/11/08 07:36:00,497.00,715.22
2024/11/08 07:36:00,498.00,709.62
2024/11/08 07:36:00,499.00,702.76
2024/11/08 07:36:00,500.00,697.55
2024/11/08 07:36:00,501.00,694.20
2024/11/08 07:36:00,502.00,692.90
2024/11/08 07:36:00,503.00,694.92
2024/11/08 07:36:00,504.00,698.13
2024/11/08 07:36:00,505.00,700.67
2024/11/08 07:36:00,506.00,702.76
2024/11/08 07:36:00,507.00,703.94
2024/11/08 07:36:00,508.00,704.95
2024/11/08 07:36:00,509.00,705.08
2024/11/08 07:36:00,510.00,703.98
2024/11/08 07:36:00,511.00,702.40
2024/11/08 07:36:00,512.00,699.44
2024/11/08 07:36:00,513.00,692.62
2024/11/08 07:36:00,514.00,681.93
2024/11/08 07:36:00,515.00,669.18
2024/11/08 07:36:00,516.00,658.98
2024/11/08 07:36:00,517.00,651.50
2024/11/08 07:36:00,518.00,648.64
2024/11/08 07:36:00,519.00,652.57
2024/11/08 07:36:00,520.00,661.37
2024/11/08 07:36:00,521.00,670.48
2024/11/08 07:36:00,522.00,678.49
2024/11/08 07:36:00,523.00,682.99
2024/11/08 07:36:00,524.00,681.60
2024/11/08 07:36:00,525.00,679.24
2024/11/08 07:36:00,526.00,679.56
2024/11/08 07:36:00,527.00,680.76
2024/11/08 07:36:00,528.00,682.64
2024/11/08 07:36:00,529.00,688.38
2024/11/08 07:36:00,530.00,691.96
2024/11/08 07:36:00,531.00,691.49
2024/11/08 07:36:00,532.00,692.21
2024/11/08 07:36:00,533.00,690.73
2024/11/08 07:36:00,534.00,690.11
2024/11/08 07:36:00,535.00,691.58
2024/11/08 07:36:00,536.00,690.96
2024/11/08 07:36:00,537.00,688.33
2024/11/08 07:36:00,538.00,685.95
2024/11/08 07:36:00,539.00,681.83
2024/11/08 07:36:00,540.00,679.13
2024/11/08 07:36:00,541.00,678.80
2024/11/08 07:36:00,542.00,678.54
2024/11/08 07:36:00,543.00,679.76
2024/11/08 07:36:00,544.00,681.97
2024/11/08 07:36:00,545.00,681.88
2024/11/08 07:36:00,546.00,682.22
2024/11/08 07:36:00,547.00,682.46
2024/11/08 07:36:00,548.00,681.68
2024/11/08 07:36:00,549.00,681.48
2024/11/08 07:36:00,550.00,681.51
2024/11/08 07:36:00,551.00,681.52
2024/11/08 07:36:00,552.00,681.80
2024/11/08 07:36:00,553.00,681.29
2024/11/08 07:36:00,554.00,680.44
2024/11/08 07:36:00,555.00,679.41
2024/11/08 07:36:00,556.00,676.76
2024/11/08 07:36:00,557.00,672.39
2024/11/08 07:36:00,558.00,668.83
2024/11/08 07:36:00,559.00,665.22
2024/11/08 07:36:00,560.00,663.35
2024/11/08 07:36:00,561.00,662.90
2024/11/08 07:36:00,562.00,662.60
2024/11/08 07:36:00,563.00,661.58
2024/11/08 07:36:00,564.00,661.87
2024/11/08 07:36:00,565.00,658.74
2024/11/08 07:36:00,566.00,656.50
2024/11/08 07:36:00,567.00,654.85
2024/11/08 07:36:00,568.00,651.20
2024/11/08 07:36:00,569.00,648.83
2024/11/08 07:36:00,570.00,649.56
2024/11/08 07:36:00,571.00,648.78
2024/11/08 07:36:00,572.00,648.38
2024/11/08 07:36:00,573.00,649.60
2024/11/08 07:36:00,574.00,649.05
2024/11/08 07:36:00,575.00,647.16
2024/11/08 07:36:00,576.00,645.36
2024/11/08 07:36:00,577.00,643.97
2024/11/08 07:36:00,578.00,644.98
2024/11/08 07:36:00,579.00,645.44
2024/11/08 07:36:00,580.00,648.03
2024/11/08 07:36:00,581.00,651.25
2024/11/08 07:36:00,582.00,652.54
2024/11/08 07:36:00,583.00,655.00
2024/11/08 07:36:00,584.00,657.19
2024/11/08 07:36:00,585.00,655.20
2024/11/08 07:36:00,586.00,650.34
2024/11/08 07:36:00,587.00,645.27
2024/11/08 07:36:00,588.00,639.50
2024/11/08 07:36:00,589.00,634.80
2024/11/08 07:36:00,590.00,632.91
2024/11/08 07:36:00,591.00,634.31
2024/11/08 07:36:00,592.00,636.85
2024/11/08 07:36:00,593.00,637.13
2024/11/08 07:36:00,594.00,638.08
2024/11/08 07:36:00,595.00,639.13
2024/11/08 07:36:00,596.00,637.73
2024/11/08 07:36:00,597.00,636.75
2024/11/08 07:36:00,598.00,636.70
2024/11/08 07:36:00,599.00,633.75
2024/11/08 07:36:00,600.00,630.05
2024/11/08 07:36:00,601.00,630.16
2024/11/08 07:36:00,602.00,630.34
2024/11/08 07:36:00,603.00,629.79
2024/11/08 07:36:00,604.00,631.64
2024/11/08 07:36:00,605.00,633.38
2024/11/08 07:36:00,606.00,632.92
2024/11/08 07:36:00,607.00,632.68
2024/11/08 07:36:00,608.00,631.73
2024/11/08 07:36:00,609.00,630.00
2024/11/08 07:36:00,610.00,627.38
2024/11/08 07:36:00,611.00,625.30
2024/11/08 07:36:00,612.00,622.73
2024/11/08 07:36:00,613.00,621.08
2024/11/08 07:36:00,614.00,618.06
2024/11/08 07:36:00,615.00,617.70
2024/11/08 07:36:00,616.00,617.56
2024/11/08 07:36:00,617.00,616.90
2024/11/08 07:36:00,618.00,617.98
2024/11/08 07:36:00,619.00,619.70
2024/11/08 07:36:00,620.00,618.38
2024/11/08 07:36:00,621.00,616.99
2024/11/08 07:36:00,622.00,616.06
2024/11/08 07:36:00,623.00,612.93
2024/11/08 07:36:00,624.00,610.29
2024/11/08 07:36:00,625.00,607.52
2024/11/08 07:36:00,626.00,604.66
2024/11/08 07:36:00,627.00,601.47
2024/11/08 07:36:00,628.00,598.75
2024/11/08 07:36:00,629.00,597.47
2024/11/08 07:36:00,630.00,597.91
2024/11/08 07:36:00,631.00,598.51
2024/11/08 07:36:00,632.00,600.82
2024/11/08 07:36:00,633.00,603.52
2024/11/08 07:36:00,634.00,604.51
2024/11/08 07:36:00,635.00,606.53
2024/11/08 07:36:00,636.00,609.08
2024/11/08 07:36:00,637.00,610.98
2024/11/08 07:36:00,638.00,610.39
2024/11/08 07:36:00,639.00,611.67
2024/11/08 07:36:00,640.00,610.68
2024/11/08 07:36:00,641.00,610.23
2024/11/08 07:36:00,642.00,609.26
2024/11/08 07:36:00,643.00,610.89
2024/11/08 07:36:00,644.00,610.12
2024/11/08 07:36:00,645.00,609.22
2024/11/08 07:36:00,646.00,607.29
2024/11/08 07:36:00,647.00,607.07
2024/11/08 07:36:00,648.00,605.21
2024/11/08 07:36:00,649.00,604.55
2024/11/08 07:36:00,650.00,605.17
2024/11/08 07:36:00,651.00,605.39
2024/11/08 07:36:00,652.00,601.03
2024/11/08 07:36:00,653.00,594.46
2024/11/08 07:36:00,654.00,588.03
2024/11/08 07:36:00,655.00,582.55
2024/11/08 07:36:00,656.00,577.99
2024/11/08 07:36:00,657.00,579.04
2024/11/08 07:36:00,658.00,584.30
2024/11/08 07:36:00,659.00,588.12
2024/11/08 07:36:00,660.00,591.23
2024/11/08 07:36:00,661.00,595.42
2024/11/08 07:36:00,662.00,597.92
2024/11/08 07:36:00,663.00,598.16
2024/11/08 07:36:00,664.00,601.45
2024/11/08 07:36:00,665.00,604.16
2024/11/08 07:36:00,666.00,604.88
2024/11/08 07:36:00,667.00,606.26
2024/11/08 07:36:00,668.00,607.59
2024/11/08 07:36:00,669.00,606.61
2024/11/08 07:36:00,670.00,605.53
2024/11/08 07:36:00,671.00,604.61
2024/11/08 07:36:00,672.00,603.39
2024/11/08 07:36:00,673.00,601.66
2024/11/08 07:36:00,674.00,602.29
2024/11/08 07:36:00,675.00,602.72
2024/11/08 07:36:00,676.00,603.90
2024/11/08 07:36:00,677.00,603.05
2024/11/08 07:36:00,678.00,605.18
2024/11/08 07:36:00,679.00,604.51
2024/11/08 07:36:00,680.00,602.20
2024/11/08 07:36:00,681.00,600.06
2024/11/08 07:36:00,682.00,599.06
2024/11/08 07:36:00,683.00,591.20
2024/11/08 07:36:00,684.00,578.56
2024/11/08 07:36:00,685.00,563.38
2024/11/08 07:36:00,686.00,546.66
2024/11/08 07:36:00,687.00,529.76
2024/11/08 07:36:00,688.00,518.20
2024/11/08 07:36:00,689.00,516.05
2024/11/08 07:36:00,690.00,520.31
2024/11/08 07:36:00,691.00,526.76
2024/11/08 07:36:00,692.00,534.72
2024/11/08 07:36:00,693.00,543.63
2024/11/08 07:36:00,694.00,549.71
2024/11/08 07:36:00,695.00,554.81
2024/11/08 07:36:00,696.00,558.82
2024/11/08 07:36:00,697.00,562.28
2024/11/08 07:36:00,698.00,561.86
2024/11/08 07:36:00,699.00,562.96
2024/11/08 07:36:00,700.00,563.30
2024/11/08 07:36:00,701.00,563.05
2024/11/08 07:36:00,702.00,563.01
2024/11/08 07:36:00,703.00,566.41
2024/11/08 07:36:00,704.00,566.13
2024/11/08 07:36:00,705.00,565.74
2024/11/08 07:36:00,706.00,567.72
2024/11/08 07:36:00,707.00,567.47
2024/11/08 07:36:00,708.00,566.35
2024/11/08 07:36:00,709.00,566.44
2024/11/08 07:36:00,710.00,566.69
2024/11/08 07:36:00,711.00,564.28
2024/11/08 07:36:00,712.00,563.48
2024/11/08 07:36:00,713.00,562.38
2024/11/08 07:36:00,714.00,559.47
2024/11/08 07:36:00,715.00,552.24
2024/11/08 07:36:00,716.00,543.52
2024/11/08 07:36:00,717.00,535.81
2024/11/08 07:36:00,718.00,525.70
2024/11/08 07:36:00,719.00,519.10
2024/11/08 07:36:00,720.00,516.86
2024/11/08 07:36:00,721.00,514.58
2024/11/08 07:36:00,722.00,511.72
2024/11/08 07:36:00,723.00,511.89
2024/11/08 07:36:00,724.00,512.57
2024/11/08 07:36:00,725.00,511.77
2024/11/08 07:36:00,726.00,513.34
2024/11/08 07:36:00,727.00,515.01
2024/11/08 07:36:00,728.00,515.29
2024/11/08 07:36:00,729.00,516.12
2024/11/08 07:36:00,730.00,518.35
2024/11/08 07:36:00,731.00,522.51
2024/11/08 07:36:00,732.00,524.96
2024/11/08 07:36:00,733.00,528.37
2024/11/08 07:36:00,734.00,531.49
2024/11/08 07:36:00,735.00,531.80
2024/11/08 07:36:00,736.00,529.98
2024/11/08 07:36:00,737.00,529.64
2024/11/08 07:36:00,738.00,528.67
2024/11/08 07:36:00,739.00,525.54
2024/11/08 07:36:00,740.00,524.67
2024/11/08 07:36:00,741.00,525.27
2024/11/08 07:36:00,742.00,524.87
2024/11/08 07:36:00,743.00,525.25
2024/11/08 07:36:00,744.00,526.61
2024/11/08 07:36:00,745.00,528.89
2024/11/08 07:36:00,746.00,528.20
2024/11/08 07:36:00,747.00,526.64
2024/11/08 07:36:00,748.00,526.66
2024/11/08 07:36:00,749.00,523.88
2024/11/08 07:36:00,750.00,521.56
2024/11/08 07:36:00,751.00,522.84
2024/11/08 07:36:00,752.00,522.65
2024/11/08 07:36:00,753.00,520.68
2024/11/08 07:36:00,754.00,522.77
2024/11/08 07:36:00,755.00,519.91
2024/11/08 07:36:00,756.00,504.99
2024/11/08 07:36:00,757.00,478.27
2024/11/08 07:36:00,758.00,441.56
2024/11/08 07:36:00,759.00,399.58
2024/11/08 07:36:00,760.00,358.20
2024/11/08 07:36:00,761.00,326.62
2024/11/08 07:36:00,762.00,312.04
2024/11/08 07:36:00,763.00,311.02
2024/11/08 07:36:00,764.00,319.80
2024/11/08 07:36:00,765.00,337.89
2024/11/08 07:36:00,766.00,358.89
2024/11/08 07:36:00,767.00,381.70
2024/11/08 07:36:00,768.00,404.74
2024/11/08 07:36:00,769.00,422.83
2024/11/08 07:36:00,770.00,437.19
2024/11/08 07:36:00,771.00,451.60
2024/11/08 07:36:00,772.00,464.00
2024/11/08 07:36:00,773.00,470.49
2024/11/08 07:36:00,774.00,476.38
2024/11/08 07:36:00,775.00,482.33
2024/11/08 07:36:00,776.00,484.32
2024/11/08 07:36:00,777.00,485.74
2024/11/08 07:36:00,778.00,488.84
2024/11/08 07:36:00,779.00,490.95
2024/11/08 07:36:00,780.00,490.07
2024/11/08 07:36:00,781.00,491.29
2024/11/08 07:36:00,782.00,492.35
2024/11/08 07:36:00,783.00,491.66
2024/11/08 07:36:00,784.00,488.91
2024/11/08 07:36:00,785.00,489.72
2024/11/08 07:36:00,786.00,489.40
2024/11/08 07:36:00,787.00,485.28
2024/11/08 07:36:00,788.00,482.69
2024/11/08 07:36:00,789.00,482.09
2024/11/08 07:36:00,790.00,478.51
2024/11/08 07:36:00,791.00,475.46
2024/11/08 07:36:00,792.00,476.84
2024/11/08 07:36:00,793.00,478.46
2024/11/08 07:36:00,794.00,475.80
2024/11/08 07:36:00,795.00,475.31
2024/11/08 07:36:00,796.00,477.06
2024/11/08 07:36:00,797.00,473.57
2024/11/08 07:36:00,798.00,472.44
2024/11/08 07:36:00,799.00,474.77
2024/11/08 07:36:00,800.00,474.86
2024/11/08 07:36:00,801.00,473.31
2024/11/08 07:36:00,802.00,474.92
2024/11/08 07:36:00,803.00,474.92
2024/11/08 07:36:00,804.00,472.32
2024/11/08 07:36:00,805.00,472.69
2024/11/08 07:36:00,806.00,473.36
2024/11/08 07:36:00,807.00,469.86
2024/11/08 07:36:00,808.00,471.80
2024/11/08 07:36:00,809.00,473.20
2024/11/08 07:36:00,810.00,469.84
2024/11/08 07:36:00,811.00,465.93
2024/11/08 07:36:00,812.00,464.67
2024/11/08 07:36:00,813.00,458.18
2024/11/08 07:36:00,814.00,452.26
2024/11/08 07:36:00,815.00,448.21
2024/11/08 07:36:00,816.00,447.78
2024/11/08 07:36:00,817.00,443.44
2024/11/08 07:36:00,818.00,441.39
2024/11/08 07:36:00,819.00,442.37
2024/11/08 07:36:00,820.00,441.38
2024/11/08 07:36:00,821.00,438.58
2024/11/08 07:36:00,822.00,443.05
2024/11/08 07:36:00,823.00,446.21
2024/11/08 07:36:00,824.00,445.13
2024/11/08 07:36:00,825.00,449.08
2024/11/08 07:36:00,826.00,450.87
2024/11/08 07:36:00,827.00,449.17
2024/11/08 07:36:00,828.00,448.63
2024/11/08 07:36:00,829.00,446.98
2024/11/08 07:36:00,830.00,444.38
2024/11/08 07:36:00,831.00,440.38
2024/11/08 07:36:00,832.00,436.01
2024/11/08 07:36:00,833.00,434.87
2024/11/08 07:36:00,834.00,433.32
2024/11/08 07:36:00,835.00,432.35
2024/11/08 07:36:00,836.00,435.44
2024/11/08 07:36:00,837.00,435.94
2024/11/08 07:36:00,838.00,436.55
2024/11/08 07:36:00,839.00,440.11
2024/11/08 07:36:00,840.00,440.77
2024/11/08 07:36:00,841.00,437.82
2024/11/08 07:36:00,842.00,439.40
2024/11/08 07:36:00,843.00,435.29
2024/11/08 07:36:00,844.00,431.51
2024/11/08 07:36:00,845.00,429.60
2024/11/08 07:36:00,846.00,426.29
2024/11/08 07:36:00,847.00,421.59
2024/11/08 07:36:00,848.00,418.94
2024/11/08 07:36:00,849.00,415.88
2024/11/08 07:36:00,850.00,414.26
2024/11/08 07:36:00,851.00,409.98
2024/11/08 07:36:00,852.00,404.56
2024/11/08 07:36:00,853.00,403.16
2024/11/08 07:36:00,854.00,401.31
2024/11/08 07:36:00,855.00,400.86
2024/11/08 07:36:00,856.00,404.88
2024/11/08 07:36:00,857.00,408.98
2024/11/08 07:36:00,858.00,410.09
2024/11/08 07:36:00,859.00,411.98
2024/11/08 07:36:00,860.00,412.94
2024/11/08 07:36:00,861.00,411.81
2024/11/08 07:36:00,862.00,410.42
2024/11/08 07:36:00,863.00,406.52
2024/11/08 07:36:00,864.00,402.55
2024/11/08 07:36:00,865.00,399.39
2024/11/08 07:36:00,866.00,395.63
2024/11/08 07:36:00,867.00,396.33
2024/11/08 07:36:00,868.00,396.88
2024/11/08 07:36:00,869.00,397.54
2024/11/08 07:36:00,870.00,399.45
2024/11/08 07:36:00,871.00,399.55
2024/11/08 07:36:00,872.00,398.35
2024/11/08 07:36:00,873.00,400.44
2024/11/08 07:36:00,874.00,400.62
2024/11/08 07:36:00,875.00,399.52
2024/11/08 07:36:00,876.00,400.94
2024/11/08 07:36:00,877.00,400.33
2024/11/08 07:36:00,878.00,399.05
2024/11/08 07:36:00,879.00,397.75
2024/11/08 07:36:00,880.00,397.85
2024/11/08 07:36:00,881.00,397.20
2024/11/08 07:36:00,882.00,396.87
2024/11/08 07:36:00,883.00,396.35
2024/11/08 07:36:00,884.00,396.27
2024/11/08 07:36:00,885.00,394.87
2024/11/08 07:36:00,886.00,393.76
2024/11/08 07:36:00,887.00,394.63
2024/11/08 07:36:00,888.00,393.64
2024/11/08 07:36:00,889.00,393.31
2024/11/08 07:36:00,890.00,392.22
2024/11/08 07:36:00,891.00,388.77
2024/11/08 07:36:00,892.00,384.91
2024/11/08 07:36:00,893.00,379.62
2024/11/08 07:36:00,894.00,373.49
2024/11/08 07:36:00,895.00,366.16
2024/11/08 07:36:00,896.00,358.96
2024/11/08 07:36:00,897.00,352.06
2024/11/08 07:36:00,898.00,345.18
2024/11/08 07:36:00,899.00,340.46
2024/11/08 07:36:00,900.00,339.55
2024/11/08 07:36:00,901.00,339.47
2024/11/08 07:36:00,902.00,340.56
2024/11/08 07:36:00,903.00,343.41
2024/11/08 07:36:00,904.00,343.98
2024/11/08 07:36:00,905.00,341.75
2024/11/08 07:36:00,906.00,339.35
2024/11/08 07:36:00,907.00,335.56
2024/11/08 07:36:00,908.00,332.37
2024/11/08 07:36:00,909.00,330.67
2024/11/08 07:36:00,910.00,329.03
2024/11/08 07:36:00,911.00,328.14
2024/11/08 07:36:00,912.00,326.96
2024/11/08 07:36:00,913.00,324.27
2024/11/08 07:36:00,914.00,323.54
2024/11/08 07:36:00,915.00,322.34
2024/11/08 07:36:00,916.00,323.32
2024/11/08 07:36:00,917.00,325.79
2024/11/08 07:36:00,918.00,328.08
2024/11/08 07:36:00,919.00,329.51
2024/11/08 07:36:00,920.00,331.43
2024/11/08 07:36:00,921.00,330.90
2024/11/08 07:36:00,922.00,330.41
2024/11/08 07:36:00,923.00,329.97
2024/11/08 07:36:00,924.00,328.20
2024/11/08 07:36:00,925.00,325.25
2024/11/08 07:36:00,926.00,320.68
2024/11/08 07:36:00,927.00,314.17
2024/11/08 07:36:00,928.00,302.96
2024/11/08 07:36:00,929.00,290.16
2024/11/08 07:36:00,930.00,274.93
2024/11/08 07:36:00,931.00,257.74
2024/11/08 07:36:00,932.00,240.35
2024/11/08 07:36:00,933.00,227.01
2024/11/08 07:36:00,934.00,215.93
2024/11/08 07:36:00,935.00,208.51
2024/11/08 07:36:00,936.00,208.24
2024/11/08 07:36:00,937.00,210.26
2024/11/08 07:36:00,938.00,213.76
2024/11/08 07:36:00,939.00,219.93
2024/11/08 07:36:00,940.00,223.67
2024/11/08 07:36:00,941.00,224.67
2024/11/08 07:36:00,942.00,224.03
2024/11/08 07:36:00,943.00,221.27
2024/11/08 07:36:00,944.00,220.05
2024/11/08 07:36:00,945.00,218.81
2024/11/08 07:36:00,946.00,218.30
2024/11/08 07:36:00,947.00,220.27
2024/11/08 07:36:00,948.00,221.50
2024/11/08 07:36:00,949.00,222.10
2024/11/08 07:36:00,950.00,225.25
2024/11/08 07:36:00,951.00,226.32
2024/11/08 07:36:00,952.00,227.32
2024/11/08 07:36:00,953.00,229.28
2024/11/08 07:36:00,954.00,230.49
2024/11/08 07:36:00,955.00,232.18
2024/11/08 07:36:00,956.00,234.19
2024/11/08 07:36:00,957.00,236.75
2024/11/08 07:36:00,958.00,239.99
2024/11/08 07:36:00,959.00,242.93
2024/11/08 07:36:00,960.00,246.40
2024/11/08 07:36:00,961.00,249.97
2024/11/08 07:36:00,962.00,253.22
2024/11/08 07:36:00,963.00,258.01
2024/11/08 07:36:00,964.00,262.52
2024/11/08 07:36:00,965.00,267.28
2024/11/08 07:36:00,966.00,273.30
2024/11/08 07:36:00,967.00,278.93
2024/11/08 07:36:00,968.00,283.32
2024/11/08 07:36:00,969.00,288.19
2024/11/08 07:36:00,970.00,290.49
2024/11/08 07:36:00,971.00,291.32
2024/11/08 07:36:00,972.00,292.01
2024/11/08 07:36:00,973.00,291.58
2024/11/08 07:36:00,974.00,291.39
2024/11/08 07:36:00,975.00,290.84
2024/11/08 07:36:00,976.00,290.75
2024/11/08 07:36:00,977.00,292.04
2024/11/08 07:36:00,978.00,293.10
2024/11/08 07:36:00,979.00,295.18
2024/11/08 07:36:00,980.00,298.51
2024/11/08 07:36:00,981.00,299.77
2024/11/08 07:36:00,982.00,301.71
2024/11/08 07:36:00,983.00,304.59
2024/11/08 07:36:00,984.00,304.96
2024/11/08 07:36:00,985.00,306.73
2024/11/08 07:36:00,986.00,308.12
2024/11/08 07:36:00,987.00,309.58
2024/11/08 07:36:00,988.00,310.00
2024/11/08 07:36:00,989.00,310.51
2024/11/08 07:36:00,990.00,311.62
2024/11/08 07:36:00,991.00,311.62
2024/11/08 07:36:00,992.00,309.78
2024/11/08 07:36:00,993.00,310.58
2024/11/08 07:36:00,994.00,309.29
2024/11/08 07:36:00,995.00,308.19
2024/11/08 07:36:00,996.00,309.08
2024/11/08 07:36:00,997.00,308.42
2024/11/08 07:36:00,998.00,307.11
2024/11/08 07:36:00,999.00,307.95
2024/11/08 07:36:00,1000.00,306.93
2024/11/08 07:36:00,1001.00,305.09
2024/11/08 07:36:00,1002.00,303.66
2024/11/08 07:36:00,1003.00,301.99
2024/11/08 07:36:00,1004.00,299.76
2024/11/08 07:36:00,1005.00,299.02
2024/11/08 07:36:00,1006.00,298.83
2024/11/08 07:36:00,1007.00,299.43
2024/11/08 07:36:00,1008.00,299.77
2024/11/08 07:36:00,1009.00,299.92
2024/11/08 07:36:00,1010.00,299.45
2024/11/08 07:36:00,1011.00,297.83
2024/11/08 07:36:00,1012.00,298.89
2024/11/08 07:36:00,1013.00,297.81
2024/11/08 07:36:00,1014.00,296.13
2024/11/08 07:36:00,1015.00,297.71
2024/11/08 07:36:00,1016.00,297.98
2024/11/08 07:36:00,1017.00,296.00
2024/11/08 07:36:00,1018.00,297.75
2024/11/08 07:36:00,1019.00,297.36
2024/11/08 07:36:00,1020.00,295.50
2024/11/08 07:36:00,1021.00,294.55
2024/11/08 07:36:00,1022.00,293.76
2024/11/08 07:36:00,1023.00,293.70
2024/11/08 07:36:00,1024.00,291.89
2024/11/08 07:36:00,1025.00,290.63
2024/11/08 07:36:00,1026.00,291.03
2024/11/08 07:36:00,1027.00,288.93
2024/11/08 07:36:00,1028.00,288.36
2024/11/08 07:36:00,1029.00,289.28
2024/11/08 07:36:00,1030.00,287.16
2024/11/08 07:36:00,1031.00,286.83
2024/11/08 07:36:00,1032.00,286.09
2024/11/08 07:36:00,1033.00,283.42
2024/11/08 07:36:00,1034.00,282.85
2024/11/08 07:36:00,1035.00,282.90
2024/11/08 07:36:00,1036.00,284.29
2024/11/08 07:36:00,1037.00,283.89
2024/11/08 07:36:00,1038.00,283.50
2024/11/08 07:36:00,1039.00,285.32
2024/11/08 07:36:00,1040.00,284.13
2024/11/08 07:36:00,1041.00,280.06
2024/11/08 07:36:00,1042.00,281.07
2024/11/08 07:36:00,1043.00,279.36
2024/11/08 07:36:00,1044.00,276.45
2024/11/08 07:36:00,1045.00,278.10
2024/11/08 07:36:00,1046.00,276.75
2024/11/08 07:36:00,1047.00,275.28
2024/11/08 07:36:00,1048.00,273.79
2024/11/08 07:36:00,1049.00,271.95
2024/11/08 07:36:00,1050.00,270.20
2024/11/08 07:36:00,1051.00,274.40
2024/11/08 07:36:00,1052.00,276.09
2024/11/08 07:36:00,1053.00,275.82
2024/11/08 07:36:00,1054.00,274.86
2024/11/08 07:36:00,1055.00,277.28
2024/11/08 07:36:00,1056.00,275.82
2024/11/08 07:36:00,1057.00,272.53
2024/11/08 07:36:00,1058.00,274.92
2024/11/08 07:36:00,1059.00,271.38
2024/11/08 07:36:00,1060.00,265.78
2024/11/08 07:36:00,1061.00,269.43
2024/11/08 07:36:00,1062.00,266.79
2024/11/08 07:36:00,1063.00,262.11
2024/11/08 07:36:00,1064.00,264.47
2024/11/08 07:36:00,1065.00,262.00
2024/11/08 07:36:00,1066.00,256.61
2024/11/08 07:36:00,1067.00,258.48
2024/11/08 07:36:00,1068.00,260.09
2024/11/08 07:36:00,1069.00,259.90
2024/11/08 07:36:00,1070.00,261.30
2024/11/08 07:36:00,1071.00,265.32
2024/11/08 07:36:00,1072.00,267.04
2024/11/08 07:36:00,1073.00,264.40
2024/11/08 07:36:00,1074.00,268.55
2024/11/08 07:36:00,1075.00,265.73
2024/11/08 07:36:00,1076.00,258.91
2024/11/08 07:36:00,1077.00,260.72
2024/11/08 07:36:00,1078.00,256.49
2024/11/08 07:36:00,1079.00,249.62
2024/11/08 07:36:00,1080.00,251.84
2024/11/08 07:36:00,1081.00,252.36
2024/11/08 07:36:00,1082.00,252.14
2024/11/08 07:36:00,1083.00,257.51
2024/11/08 07:36:00,1084.00,261.22
2024/11/08 07:36:00,1085.00,264.47
2024/11/08 07:36:00,1086.00,258.14
2024/11/08 07:36:00,1087.00,256.02
2024/11/08 07:36:00,1088.00,254.37
2024/11/08 07:36:00,1089.00,246.79
2024/11/08 07:36:00,1090.00,252.30
2024/11/08 07:36:00,1091.00,256.42
2024/11/08 07:36:00,1092.00,250.02
2024/11/08 07:36:00,1093.00,253.56
2024/11/08 07:36:00,1094.00,255.25
2024/11/08 07:36:00,1095.00,247.91
2024/11/08 07:36:00,1096.00,248.63
2024/11/08 07:36:00,1097.00,247.57
2024/11/08 07:36:00,1098.00,242.31
2024/11/08 07:36:00,1099.00,239.87
2024/11/08 07:36:00,1100.00,239.49
2024/11/08 07:37:00,Wavelength(nm),Irradiance(W/m2/um)
2024/11/08 07:37:00,300.00,8.13
2024/11/08 07:37:00,301.00,9.26
2024/11/08 07:37:00,302.00,10.66
2024/11/08 07:37:00,303.00,11.82
2024/11/08 07:37:00,304.00,13.47
2024/11/08 07:37:00,305.00,15.41
2024/11/08 07:37:00,306.00,17.59
2024/11/08 07:37:00,307.00,20.41
2024/11/08 07:37:00,308.00,23.98
2024/11/08 07:37:00,309.00,28.13
2024/11/08 07:37:00,310.00,33.29
2024/11/08 07:37:00,311.00,38.40
2024/11/08 07:37:00,312.00,44.28
2024/11/08 07:37:00,313.00,50.94
2024/11/08 07:37:00,314.00,57.70
2024/11/08 07:37:00,315.00,64.93
2024/11/08 07:37:00,316.00,73.14
2024/11/08 07:37:00,317.00,81.18
2024/11/08 07:37:00,318.00,88.96
2024/11/08 07:37:00,319.00,96.44
2024/11/08 07:37:00,320.00,103.75
2024/11/08 07:37:00,321.00,111.47
2024/11/08 07:37:00,322.00,120.56
2024/11/08 07:37:00,323.00,131.15
2024/11/08 07:37:00,324.00,142.94
2024/11/08 07:37:00,325.00,155.12
2024/11/08 07:37:00,326.00,167.80
2024/11/08 07:37:00,327.00,179.65
2024/11/08 07:37:00,328.00,189.64
2024/11/08 07:37:00,329.00,197.77
2024/11/08 07:37:00,330.00,204.67
2024/11/08 07:37:00,331.00,209.49
2024/11/08 07:37:00,332.00,212.59
2024/11/08 07:37:00,333.00,213.55
2024/11/08 07:37:00,334.00,213.79
2024/11/08 07:37:00,335.00,214.35
2024/11/08 07:37:00,336.00,215.97
2024/11/08 07:37:00,337.00,218.09
2024/11/08 07:37:00,338.00,221.92
2024/11/08 07:37:00,339.00,226.86
2024/11/08 07:37:00,340.00,231.06
2024/11/08 07:37:00,341.00,233.11
2024/11/08 07:37:00,342.00,234.28
2024/11/08 07:37:00,343.00,235.14
2024/11/08 07:37:00,344.00,235.39
2024/11/08 07:37:00,345.00,235.25
2024/11/08 07:37:00,346.00,236.24
2024/11/08 07:37:00,347.00,238.73
2024/11/08 07:37:00,348.00,242.44
2024/11/08 07:37:00,349.00,245.74
2024/11/08 07:37:00,350.00,250.00
2024/11/08 07:37:00,351.00,255.99
2024/11/08 07:37:00,352.00,261.56
2024/11/08 07:37:00,353.00,264.90
2024/11/08 07:37:00,354.00,265.30
2024/11/08 07:37:00,355.00,261.87
2024/11/08 07:37:00,356.00,257.99
2024/11/08 07:37:00,357.00,254.34
2024/11/08 07:37:00,358.00,250.87
2024/11/08 07:37:00,359.00,251.48
2024/11/08 07:37:00,360.00,257.04
2024/11/08 07:37:00,361.00,263.02
2024/11/08 07:37:00,362.00,270.57
2024/11/08 07:37:00,363.00,282.03
2024/11/08 07:37:00,364.00,294.63
2024/11/08 07:37:00,365.00,305.09
2024/11/08 07:37:00,366.00,313.87
2024/11/08 07:37:00,367.00,320.94
2024/11/08 07:37:00,368.00,324.61
2024/11/08 07:37:00,369.00,324.18
2024/11/08 07:37:00,370.00,319.87
2024/11/08 07:37:00,371.00,312.07
2024/11/08 07:37:00,372.00,303.99
2024/11/08 07:37:00,373.00,298.66
2024/11/08 07:37:00,374.00,299.12
2024/11/08 07:37:00,375.00,307.39
2024/11/08 07:37:00,376.00,318.82
2024/11/08 07:37:00,377.00,329.38
2024/11/08 07:37:00,378.00,336.93
2024/11/08 07:37:00,379.00,335.00
2024/11/08 07:37:00,380.00,321.24
2024/11/08 07:37:00,381.00,305.25
2024/11/08 07:37:00,382.00,292.63
2024/11/08 07:37:00,383.00,282.70
2024/11/08 07:37:00,384.00,278.98
2024/11/08 07:37:00,385.00,283.98
2024/11/08 07:37:00,386.00,293.66
2024/11/08 07:37:00,387.00,305.75
2024/11/08 07:37:00,388.00,319.71
2024/11/08 07:37:00,389.00,331.57
2024/11/08 07:37:00,390.00,334.11
2024/11/08 07:37:00,391.00,329.10
2024/11/08 07:37:00,392.00,324.09
2024/11/08 07:37:00,393.00,316.59
2024/11/08 07:37:00,394.00,307.08
2024/11/08 07:37:00,395.00,311.56
2024/11/08 07:37:00,396.00,334.59
2024/11/08 07:37:00,397.00,362.64
2024/11/08 07:37:00,398.00,395.00
2024/11/08 07:37:00,399.00,434.63
2024/11/08 07:37:00,400.00,470.69
2024/11/08 07:37:00,401.00,493.70
2024/11/08 07:37:00,402.00,506.38
2024/11/08 07:37:00,403.00,509.66
2024/11/08 07:37:00,404.00,507.34
2024/11/08 07:37:00,405.00,504.72
2024/11/08 07:37:00,406.00,504.42
2024/11/08 07:37:00,407.00,504.83
2024/11/08 07:37:00,408.00,508.26
2024/11/08 07:37:00,409.00,515.01
2024/11/08 07:37:00,410.00,522.70
2024/11/08 07:37:00,411.00,529.36
2024/11/08 07:37:00,412.00,536.31
2024/11/08 07:37:00,413.00,543.40
2024/11/08 07:37:00,414.00,548.91
2024/11/08 07:37:00,415.00,550.87
2024/11/08 07:37:00,416.00,549.98
2024/11/08 07:37:00,417.00,549.52
2024/11/08 07:37:00,418.00,549.75
2024/11/08 07:37:00,419.00,549.45
2024/11/08 07:37:00,420.00,549.94
2024/11/08 07:37:00,421.00,551.38
2024/11/08 07:37:00,422.00,552.46
2024/11/08 07:37:00,423.00,552.73
2024/11/08 07:37:00,424.00,551.20
2024/11/08 07:37:00,425.00,548.86
2024/11/08 07:37:00,426.00,545.38
2024/11/08 07:37:00,427.00,534.98
2024/11/08 07:37:00,428.00,520.43
2024/11/08 07:37:00,429.00,511.88
2024/11/08 07:37:00,430.00,511.42
2024/11/08 07:37:00,431.00,515.83
2024/11/08 07:37:00,432.00,529.58
2024/11/08 07:37:00,433.00,551.58
2024/11/08 07:37:00,434.00,572.32
2024/11/08 07:37:00,435.00,583.54
2024/11/08 07:37:00,436.00,589.73
2024/11/08 07:37:00,437.00,593.98
2024/11/08 07:37:00,438.00,597.57
2024/11/08 07:37:00,439.00,602.48
2024/11/08 07:37:00,440.00,611.09
2024/11/08 07:37:00,441.00,624.16
2024/11/08 07:37:00,442.00,636.78
2024/11/08 07:37:00,443.00,645.26
2024/11/08 07:37:00,444.00,651.03
2024/11/08 07:37:00,445.00,656.84
2024/11/08 07:37:00,446.00,662.56
2024/11/08 07:37:00,447.00,672.58
2024/11/08 07:37:00,448.00,684.86
2024/11/08 07:37:00,449.00,696.00
2024/11/08 07:37:00,450.00,701.43
2024/11/08 07:37:00,451.00,702.36
2024/11/08 07:37:00,452.00,700.90
2024/11/08 07:37:00,453.00,699.12
2024/11/08 07:37:00,454.00,699.53
2024/11/08 07:37:00,455.00,702.90
2024/11/08 07:37:00,456.00,707.82
2024/11/08 07:37:00,457.00,712.91
2024/11/08 07:37:00,458.00,717.57
2024/11/08 07:37:00,459.00,720.67
2024/11/08 07:37:00,460.00,723.97
2024/11/08 07:37:00,461.00,728.33
2024/11/08 07:37:00,462.00,731.08
2024/11/08 07:37:00,463.00,730.03
2024/11/08 07:37:00,464.00,728.03
2024/11/08 07:37:00,465.00,724.67
2024/11/08 07:37:00,466.00,719.91
2024/11/08 07:37:00,467.00,716.51
2024/11/08 07:37:00,468.00,715.56
2024/11/08 07:37:00,469.00,715.57
2024/11/08 07:37:00,470.00,716.15
2024/11/08 07:37:00,471.00,719.02
2024/11/08 07:37:00,472.00,721.36
2024/11/08 07:37:00,473.00,723.24
2024/11/08 07:37:00,474.00,724.50
2024/11/08 07:37:00,475.00,726.26
2024/11/08 07:37:00,476.00,727.92
2024/11/08 07:37:00,477.00,730.27
2024/11/08 07:37:00,478.00,734.34
2024/11/08 07:37:00,479.00,739.17
2024/11/08 07:37:00,480.00,741.62
2024/11/08 07:37:00,481.00,741.39
2024/11/08 07:37:00,482.00,737.65
2024/11/08 07:37:00,483.00,725.73
2024/11/08 07:37:00,484.00,708.94
2024/11/08 07:37:00,485.00,694.88
2024/11/08 07:37:00,486.00,686.41
2024/11/08 07:37:00,487.00,683.10
2024/11/08 07:37:00,488.00,687.38
2024/11/08 07:37:00,489.00,696.85
2024/11/08 07:37:00,490.00,704.79
2024/11/08 07:37:00,491.00,709.44
2024/11/08 07:37:00,492.00,713.27
2024/11/08 07:37:00,493.00,716.73
2024/11/08 07:37:00,494.00,718.73
2024/11/08 07:37:00,495.00,721.35
2024/11/08 07:37:00,496.00,721.02
2024/11/08 07:37:00,497.00,718.05
2024/11/08 07:37:00,498.00,713.04
2024/11/08 07:37:00,499.00,707.27
2024/11/08 07:37:00,500.00,701.66
2024/11/08 07:37:00,501.00,697.75
2024/11/08 07:37:00,502.00,696.54
2024/11/08 07:37:00,503.00,699.04
2024/11/08 07:37:00,504.00,702.38
2024/11/08 07:37:00,505.00,704.68
2024/11/08 07:37:00,506.00,706.76
2024/11/08 07:37:00,507.00,708.85
2024/11/08 07:37:00,508.00,708.93
2024/11/08 07:37:00,509.00,708.35
2024/11/08 07:37:00,510.00,708.44
2024/11/08 07:37:00,511.00,707.14
2024/11/08 07:37:00,512.00,703.10
2024/11/08 07:37:00,513.00,696.51
2024/11/08 07:37:00,514.00,685.97
2024/11/08 07:37:00,515.00,672.32
2024/11/08 07:37:00,516.00,662.41
2024/11/08 07:37:00,517.00,655.84
2024/11/08 07:37:00,518.00,653.92
2024/11/08 07:37:00,519.00,657.01
2024/11/08 07:37:00,520.00,665.45
2024/11/08 07:37:00,521.00,674.05
2024/11/08 07:37:00,522.00,682.76
2024/11/08 07:37:00,523.00,685.27
2024/11/08 07:37:00,524.00,685.14
2024/11/08 07:37:00,525.00,684.18
2024/11/08 07:37:00,526.00,683.49
2024/11/08 07:37:00,527.00,682.92
2024/11/08 07:37:00,528.00,685.56
2024/11/08 07:37:00,529.00,689.75
2024/11/08 07:37:00,530.00,692.23
2024/11/08 07:37:00,531.00,693.07
2024/11/08 07:37:00,532.00,694.19
2024/11/08 07:37:00,533.00,693.69
2024/11/08 07:37:00,534.00,694.07
2024/11/08 07:37:00,535.00,696.36
2024/11/08 07:37:00,536.00,696.69
2024/11/08 07:37:00,537.00,694.27
2024/11/08 07:37:00,538.00,691.35
2024/11/08 07:37:00,539.00,687.97
2024/11/08 07:37:00,540.00,685.07
2024/11/08 07:37:00,541.00,684.04
2024/11/08 07:37:00,542.00,683.95
2024/11/08 07:37:00,543.00,684.80
2024/11/08 07:37:00,544.00,684.69
2024/11/08 07:37:00,545.00,684.97
2024/11/08 07:37:00,546.00,685.82
2024/11/08 07:37:00,547.00,685.29
2024/11/08 07:37:00,548.00,685.10
2024/11/08 07:37:00,549.00,686.05
2024/11/08 07:37:00,550.00,686.21
2024/11/08 07:37:00,551.00,685.40
2024/11/08 07:37:00,552.00,685.74
2024/11/08 07:37:00,553.00,686.00
2024/11/08 07:37:00,554.00,685.34
2024/11/08 07:37:00,555.00,683.22
2024/11/08 07:37:00,556.00,680.42
2024/11/08 07:37:00,557.00,675.82
2024/11/08 07:37:00,558.00,671.10
2024/11/08 07:37:00,559.00,667.29
2024/11/08 07:37:00,560.00,665.21
2024/11/08 07:37:00,561.00,663.55
2024/11/08 07:37:00,562.00,663.11
2024/11/08 07:37:00,563.00,661.84
2024/11/08 07:37:00,564.00,662.47
2024/11/08 07:37:00,565.00,661.18
2024/11/08 07:37:00,566.00,659.67
2024/11/08 07:37:00,567.00,658.15
2024/11/08 07:37:00,568.00,655.83
2024/11/08 07:37:00,569.00,653.42
2024/11/08 07:37:00,570.00,654.20
2024/11/08 07:37:00,571.00,652.76
2024/11/08 07:37:00,572.00,651.61
2024/11/08 07:37:00,573.00,652.62
2024/11/08 07:37:00,574.00,652.97
2024/11/08 07:37:00,575.00,649.61
2024/11/08 07:37:00,576.00,648.86
2024/11/08 07:37:00,577.00,648.92
2024/11/08 07:37:00,578.00,648.72
2024/11/08 07:37:00,579.00,649.07
2024/11/08 07:37:00,580.00,652.38
2024/11/08 07:37:00,581.00,655.04
2024/11/08 07:37:00,582.00,656.11
2024/11/08 07:37:00,583.00,656.69
2024/11/08 07:37:00,584.00,658.21
2024/11/08 07:37:00,585.00,657.19
2024/11/08 07:37:00,586.00,652.58
2024/11/08 07:37:00,587.00,647.84
2024/11/08 07:37:00,588.00,645.28
2024/11/08 07:37:00,589.00,640.23
2024/11/08 07:37:00,590.00,636.92
2024/11/08 07:37:00,591.00,637.76
2024/11/08 07:37:00,592.00,640.01
2024/11/08 07:37:00,593.00,640.50
2024/11/08 07:37:00,594.00,642.99
2024/11/08 07:37:00,595.00,644.89
2024/11/08 07:37:00,596.00,643.82
2024/11/08 07:37:00,597.00,643.33
2024/11/08 07:37:00,598.00,641.79
2024/11/08 07:37:00,599.00,639.20
2024/11/08 07:37:00,600.00,635.95
2024/11/08 07:37:00,601.00,634.55
2024/11/08 07:37:00,602.00,634.76
2024/11/08 07:37:00,603.00,634.62
2024/11/08 07:37:00,604.00,635.04
2024/11/08 07:37:00,605.00,636.82
2024/11/08 07:37:00,606.00,636.20
2024/11/08 07:37:00,607.00,634.13
2024/11/08 07:37:00,608.00,633.37
2024/11/08 07:37:00,609.00,632.27
2024/11/08 07:37:00,610.00,628.76
2024/11/08 07:37:00,611.00,627.30
2024/11/08 07:37:00,612.00,625.58
2024/11/08 07:37:00,613.00,622.44
2024/11/08 07:37:00,614.00,618.92
2024/11/08 07:37:00,615.00,617.10
2024/11/08 07:37:00,616.00,616.92
2024/11/08 07:37:00,617.00,616.74
2024/11/08 07:37:00,618.00,618.13
2024/11/08 07:37:00,619.00,620.54
2024/11/08 07:37:00,620.00,621.85
2024/11/08 07:37:00,621.00,620.64
2024/11/08 07:37:00,622.00,618.98
2024/11/08 07:37:00,623.00,617.65
2024/11/08 07:37:00,624.00,613.27
2024/11/08 07:37:00,625.00,610.03
2024/11/08 07:37:00,626.00,607.58
2024/11/08 07:37:00,627.00,605.10
2024/11/08 07:37:00,628.00,601.41
2024/11/08 07:37:00,629.00,601.54
2024/11/08 07:37:00,630.00,601.73
2024/11/08 07:37:00,631.00,602.37
2024/11/08 07:37:00,632.00,602.92
2024/11/08 07:37:00,633.00,605.22
2024/11/08 07:37:00,634.00,607.63
2024/11/08 07:37:00,635.00,609.42
2024/11/08 07:37:00,636.00,610.27
2024/11/08 07:37:00,637.00,612.67
2024/11/08 07:37:00,638.00,613.01
2024/11/08 07:37:00,639.00,611.73
2024/11/08 07:37:00,640.00,612.87
2024/11/08 07:37:00,641.00,612.87
2024/11/08 07:37:00,642.00,612.19
2024/11/08 07:37:00,643.00,613.57
2024/11/08 07:37:00,644.00,614.16
2024/11/08 07:37:00,645.00,612.09
2024/11/08 07:37:00,646.00,610.62
2024/11/08 07:37:00,647.00,608.32
2024/11/08 07:37:00,648.00,605.76
2024/11/08 07:37:00,649.00,604.58
2024/11/08 07:37:00,650.00,603.84
2024/11/08 07:37:00,651.00,604.02
2024/11/08 07:37:00,652.00,601.92
2024/11/08 07:37:00,653.00,596.43
2024/11/08 07:37:00,654.00,590.72
2024/11/08 07:37:00,655.00,585.57
2024/11/08 07:37:00,656.00,581.77
2024/11/08 07:37:00,657.00,582.91
2024/11/08 07:37:00,658.00,586.84
2024/11/08 07:37:00,659.00,590.45
2024/11/08 07:37:00,660.00,594.20
2024/11/08 07:37:00,661.00,597.76
2024/11/08 07:37:00,662.00,598.58
2024/11/08 07:37:00,663.00,599.91
2024/11/08 07:37:00,664.00,602.27
2024/11/08 07:37:00,665.00,603.76
2024/11/08 07:37:00,666.00,605.23
2024/11/08 07:37:00,667.00,606.81
2024/11/08 07:37:00,668.00,608.12
2024/11/08 07:37:00,669.00,608.73
2024/11/08 07:37:00,670.00,607.98
2024/11/08 07:37:00,671.00,606.60
2024/11/08 07:37:00,672.00,606.75
2024/11/08 07:37:00,673.00,605.48
2024/11/08 07:37:00,674.00,604.02
2024/11/08 07:37:00,675.00,605.12
2024/11/08 07:37:00,676.00,604.96
2024/11/08 07:37:00,677.00,603.05
2024/11/08 07:37:00,678.00,603.46
2024/11/08 07:37:00,679.00,603.82
2024/11/08 07:37:00,680.00,602.53
2024/11/08 07:37:00,681.00,601.44
2024/11/08 07:37:00,682.00,600.53
2024/11/08 07:37:00,683.00,594.64
2024/11/08 07:37:00,684.00,582.40
2024/11/08 07:37:00,685.00,566.38
2024/11/08 07:37:00,686.00,550.96
2024/11/08 07:37:00,687.00,534.14
2024/11/08 07:37:00,688.00,521.79
2024/11/08 07:37:00,689.00,519.47
2024/11/08 07:37:00,690.00,523.04
2024/11/08 07:37:00,691.00,528.80
2024/11/08 07:37:00,692.00,537.83
2024/11/08 07:37:00,693.00,545.83
2024/11/08 07:37:00,694.00,552.70
2024/11/08 07:37:00,695.00,558.29
2024/11/08 07:37:00,696.00,561.24
2024/11/08 07:37:00,697.00,563.95
2024/11/08 07:37:00,698.00,565.72
2024/11/08 07:37:00,699.00,564.78
2024/11/08 07:37:00,700.00,564.63
2024/11/08 07:37:00,701.00,565.06
2024/11/08 07:37:00,702.00,563.92
2024/11/08 07:37:00,703.00,566.44
2024/11/08 07:37:00,704.00,568.03
2024/11/08 07:37:00,705.00,568.02
2024/11/08 07:37:00,706.00,570.01
2024/11/08 07:37:00,707.00,570.01
2024/11/08 07:37:00,708.00,569.94
2024/11/08 07:37:00,709.00,569.48
2024/11/08 07:37:00,710.00,570.00
2024/11/08 07:37:00,711.00,568.14
2024/11/08 07:37:00,712.00,568.35
2024/11/08 07:37:00,713.00,563.91
2024/11/08 07:37:00,714.00,561.41
2024/11/08 07:37:00,715.00,554.42
2024/11/08 07:37:00,716.00,545.14
2024/11/08 07:37:00,717.00,538.09
2024/11/08 07:37:00,718.00,529.68
2024/11/08 07:37:00,719.00,522.02
2024/11/08 07:37:00,720.00,519.84
2024/11/08 07:37:00,721.00,519.27
2024/11/08 07:37:00,722.00,517.40
2024/11/08 07:37:00,723.00,518.59
2024/11/08 07:37:00,724.00,518.45
2024/11/08 07:37:00,725.00,516.81
2024/11/08 07:37:00,726.00,517.48
2024/11/08 07:37:00,727.00,516.97
2024/11/08 07:37:00,728.00,517.79
2024/11/08 07:37:00,729.00,519.99
2024/11/08 07:37:00,730.00,520.99
2024/11/08 07:37:00,731.00,523.71
2024/11/08 07:37:00,732.00,527.52
2024/11/08 07:37:00,733.00,529.11
2024/11/08 07:37:00,734.00,531.37
2024/11/08 07:37:00,735.00,533.28
2024/11/08 07:37:00,736.00,532.84
2024/11/08 07:37:00,737.00,531.83
2024/11/08 07:37:00,738.00,531.65
2024/11/08 07:37:00,739.00,529.70
2024/11/08 07:37:00,740.00,530.00
2024/11/08 07:37:00,741.00,529.51
2024/11/08 07:37:00,742.00,529.26
2024/11/08 07:37:00,743.00,529.75
2024/11/08 07:37:00,744.00,529.64
2024/11/08 07:37:00,745.00,530.05
2024/11/08 07:37:00,746.00,530.29
2024/11/08 07:37:00,747.00,528.71
2024/11/08 07:37:00,748.00,527.42
2024/11/08 07:37:00,749.00,528.01
2024/11/08 07:37:00,750.00,525.86
2024/11/08 07:37:00,751.00,525.64
2024/11/08 07:37:00,752.00,526.00
2024/11/08 07:37:00,753.00,523.29
2024/11/08 07:37:00,754.00,521.90
2024/11/08 07:37:00,755.00,519.70
2024/11/08 07:37:00,756.00,505.98
2024/11/08 07:37:00,757.00,479.51
2024/11/08 07:37:00,758.00,442.74
2024/11/08 07:37:00,759.00,400.70
2024/11/08 07:37:00,760.00,359.54
2024/11/08 07:37:00,761.00,326.23
2024/11/08 07:37:00,762.00,309.54
2024/11/08 07:37:00,763.00,308.71
2024/11/08 07:37:00,764.00,315.85
2024/11/08 07:37:00,765.00,332.27
2024/11/08 07:37:00,766.00,354.64
2024/11/08 07:37:00,767.00,377.27
2024/11/08 07:37:00,768.00,401.71
2024/11/08 07:37:00,769.00,424.65
2024/11/08 07:37:00,770.00,441.45
2024/11/08 07:37:00,771.00,457.12
2024/11/08 07:37:00,772.00,470.95
2024/11/08 07:37:00,773.00,477.11
2024/11/08 07:37:00,774.00,483.77
2024/11/08 07:37:00,775.00,490.10
2024/11/08 07:37:00,776.00,490.29
2024/11/08 07:37:00,777.00,489.11
2024/11/08 07:37:00,778.00,489.72
2024/11/08 07:37:00,779.00,488.93
2024/11/08 07:37:00,780.00,489.57
2024/11/08 07:37:00,781.00,488.70
2024/11/08 07:37:00,782.00,488.76
2024/11/08 07:37:00,783.00,489.69
2024/11/08 07:37:00,784.00,489.37
2024/11/08 07:37:00,785.00,487.88
2024/11/08 07:37:00,786.00,489.44
2024/11/08 07:37:00,787.00,487.91
2024/11/08 07:37:00,788.00,487.83
2024/11/08 07:37:00,789.00,487.77
2024/11/08 07:37:00,790.00,484.09
2024/11/08 07:37:00,791.00,482.28
2024/11/08 07:37:00,792.00,481.39
2024/11/08 07:37:00,793.00,478.97
2024/11/08 07:37:00,794.00,477.80
2024/11/08 07:37:00,795.00,477.60
2024/11/08 07:37:00,796.00,477.94
2024/11/08 07:37:00,797.00,478.62
2024/11/08 07:37:00,798.00,477.74
2024/11/08 07:37:00,799.00,475.97
2024/11/08 07:37:00,800.00,475.92
2024/11/08 07:37:00,801.00,474.46
2024/11/08 07:37:00,802.00,475.18
2024/11/08 07:37:00,803.00,477.32
2024/11/08 07:37:00,804.00,476.30
2024/11/08 07:37:00,805.00,477.94
2024/11/08 07:37:00,806.00,477.96
2024/11/08 07:37:00,807.00,474.69
2024/11/08 07:37:00,808.00,473.93
2024/11/08 07:37:00,809.00,471.96
2024/11/08 07:37:00,810.00,469.90
2024/11/08 07:37:00,811.00,468.10
2024/11/08 07:37:00,812.00,464.89
2024/11/08 07:37:00,813.00,460.08
2024/11/08 07:37:00,814.00,457.12
2024/11/08 07:37:00,815.00,449.11
2024/11/08 07:37:00,816.00,444.34
2024/11/08 07:37:00,817.00,440.85
2024/11/08 07:37:00,818.00,438.00
2024/11/08 07:37:00,819.00,439.10
2024/11/08 07:37:00,820.00,440.49
2024/11/08 07:37:00,821.00,443.10
2024/11/08 07:37:00,822.00,447.81
2024/11/08 07:37:00,823.00,450.74
2024/11/08 07:37:00,824.00,451.39
2024/11/08 07:37:00,825.00,451.69
2024/11/08 07:37:00,826.00,448.38
2024/11/08 07:37:00,827.00,446.38
2024/11/08 07:37:00,828.00,446.26
2024/11/08 07:37:00,829.00,443.28
2024/11/08 07:37:00,830.00,444.52
2024/11/08 07:37:00,831.00,444.74
2024/11/08 07:37:00,832.00,440.88
2024/11/08 07:37:00,833.00,438.15
2024/11/08 07:37:00,834.00,438.81
2024/11/08 07:37:00,835.00,438.06
2024/11/08 07:37:00,836.00,437.16
2024/11/08 07:37:00,837.00,437.59
2024/11/08 07:37:00,838.00,437.63
2024/11/08 07:37:00,839.00,438.45
2024/11/08 07:37:00,840.00,435.98
2024/11/08 07:37:00,841.00,435.42
2024/11/08 07:37:00,842.00,436.14
2024/11/08 07:37:00,843.00,432.99
2024/11/08 07:37:00,844.00,430.24
2024/11/08 07:37:00,845.00,428.88
2024/11/08 07:37:00,846.00,425.11
2024/11/08 07:37:00,847.00,421.56
2024/11/08 07:37:00,848.00,420.34
2024/11/08 07:37:00,849.00,417.06
2024/11/08 07:37:00,850.00,414.75
2024/11/08 07:37:00,851.00,410.53
2024/11/08 07:37:00,852.00,406.79
2024/11/08 07:37:00,853.00,405.01
2024/11/08 07:37:00,854.00,404.16
2024/11/08 07:37:00,855.00,404.99
2024/11/08 07:37:00,856.00,408.08
2024/11/08 07:37:00,857.00,410.24
2024/11/08 07:37:00,858.00,412.42
2024/11/08 07:37:00,859.00,414.36
2024/11/08 07:37:00,860.00,413.29
2024/11/08 07:37:00,861.00,413.52
2024/11/08 07:37:00,862.00,412.29
2024/11/08 07:37:00,863.00,408.15
2024/11/08 07:37:00,864.00,404.11
2024/11/08 07:37:00,865.00,401.94
2024/11/08 07:37:00,866.00,399.34
2024/11/08 07:37:00,867.00,398.85
2024/11/08 07:37:00,868.00,400.68
2024/11/08 07:37:00,869.00,402.48
2024/11/08 07:37:00,870.00,404.10
2024/11/08 07:37:00,871.00,404.40
2024/11/08 07:37:00,872.00,404.17
2024/11/08 07:37:00,873.00,404.24
2024/11/08 07:37:00,874.00,403.11
2024/11/08 07:37:00,875.00,402.31
2024/11/08 07:37:00,876.00,402.42
2024/11/08 07:37:00,877.00,401.27
2024/11/08 07:37:00,878.00,400.26
2024/11/08 07:37:00,879.00,399.62
2024/11/08 07:37:00,880.00,399.24
2024/11/08 07:37:00,881.00,399.19
2024/11/08 07:37:00,882.00,399.25
2024/11/08 07:37:00,883.00,399.13
2024/11/08 07:37:00,884.00,398.85
2024/11/08 07:37:00,885.00,397.14
2024/11/08 07:37:00,886.00,396.34
2024/11/08 07:37:00,887.00,395.42
2024/11/08 07:37:00,888.00,393.43
2024/11/08 07:37:00,889.00,393.07
2024/11/08 07:37:00,890.00,391.67
2024/11/08 07:37:00,891.00,389.55
2024/11/08 07:37:00,892.00,386.29
2024/11/08 07:37:00,893.00,381.35
2024/11/08 07:37:00,894.00,374.99
2024/11/08 07:37:00,895.00,368.14
2024/11/08 07:37:00,896.00,359.14
2024/11/08 07:37:00,897.00,351.31
2024/11/08 07:37:00,898.00,345.31
2024/11/08 07:37:00,899.00,340.13
2024/11/08 07:37:00,900.00,338.95
2024/11/08 07:37:00,901.00,340.26
2024/11/08 07:37:00,902.00,342.93
2024/11/08 07:37:00,903.00,345.76
2024/11/08 07:37:00,904.00,345.98
2024/11/08 07:37:00,905.00,343.81
2024/11/08 07:37:00,906.00,339.97
2024/11/08 07:37:00,907.00,334.72
2024/11/08 07:37:00,908.00,332.14
2024/11/08 07:37:00,909.00,331.37
2024/11/08 07:37:00,910.00,330.25
2024/11/08 07:37:00,911.00,329.90
2024/11/08 07:37:00,912.00,329.42
2024/11/08 07:37:00,913.00,326.49
2024/11/08 07:37:00,914.00,325.59
2024/11/08 07:37:00,915.00,324.70
2024/11/08 07:37:00,916.00,324.64
2024/11/08 07:37:00,917.00,326.53
2024/11/08 07:37:00,918.00,328.96
2024/11/08 07:37:00,919.00,330.50
2024/11/08 07:37:00,920.00,331.94
2024/11/08 07:37:00,921.00,331.90
2024/11/08 07:37:00,922.00,331.09
2024/11/08 07:37:00,923.00,330.47
2024/11/08 07:37:00,924.00,329.48
2024/11/08 07:37:00,925.00,328.53
2024/11/08 07:37:00,926.00,324.21
2024/11/08 07:37:00,927.00,316.84
2024/11/08 07:37:00,928.00,305.53
2024/11/08 07:37:00,929.00,290.40
2024/11/08 07:37:00,930.00,273.14
2024/11/08 07:37:00,931.00,256.47
2024/11/08 07:37:00,932.00,240.03
2024/11/08 07:37:00,933.00,227.80
2024/11/08 07:37:00,934.00,216.91
2024/11/08 07:37:00,935.00,210.43
2024/11/08 07:37:00,936.00,209.21
2024/11/08 07:37:00,937.00,210.19
2024/11/08 07:37:00,938.00,215.05
2024/11/08 07:37:00,939.00,220.33
2024/11/08 07:37:00,940.00,222.23
2024/11/08 07:37:00,941.00,222.83
2024/11/08 07:37:00,942.00,223.10
2024/11/08 07:37:00,943.00,219.99
2024/11/08 07:37:00,944.00,218.94
2024/11/08 07:37:00,945.00,220.75
2024/11/08 07:37:00,946.00,220.16
2024/11/08 07:37:00,947.00,222.28
2024/11/08 07:37:00,948.00,224.67
2024/11/08 07:37:00,949.00,225.82
2024/11/08 07:37:00,950.00,227.57
2024/11/08 07:37:00,951.00,229.16
2024/11/08 07:37:00,952.00,228.37
2024/11/08 07:37:00,953.00,229.36
2024/11/08 07:37:00,954.00,230.81
2024/11/08 07:37:00,955.00,232.43
2024/11/08 07:37:00,956.00,234.75
2024/11/08 07:37:00,957.00,237.55
2024/11/08 07:37:00,958.00,240.77
2024/11/08 07:37:00,959.00,243.40
2024/11/08 07:37:00,960.00,246.63
2024/11/08 07:37:00,961.00,250.52
2024/11/08 07:37:00,962.00,254.06
2024/11/08 07:37:00,963.00,257.98
2024/11/08 07:37:00,964.00,262.34
2024/11/08 07:37:00,965.00,267.47
2024/11/08 07:37:00,966.00,273.82
2024/11/08 07:37:00,967.00,279.71
2024/11/08 07:37:00,968.00,285.06
2024/11/08 07:37:00,969.00,290.08
2024/11/08 07:37:00,970.00,292.08
2024/11/08 07:37:00,971.00,292.99
2024/11/08 07:37:00,972.00,292.87
2024/11/08 07:37:00,973.00,291.25
2024/11/08 07:37:00,974.00,291.26
2024/11/08 07:37:00,975.00,291.46
2024/11/08 07:37:00,976.00,290.80
2024/11/08 07:37:00,977.00,292.94
2024/11/08 07:37:00,978.00,294.20
2024/11/08 07:37:00,979.00,295.24
2024/11/08 07:37:00,980.00,297.95
2024/11/08 07:37:00,981.00,300.27
2024/11/08 07:37:00,982.00,302.86
2024/11/08 07:37:00,983.00,305.74
2024/11/08 07:37:00,984.00,306.91
2024/11/08 07:37:00,985.00,308.79
2024/11/08 07:37:00,986.00,310.41
2024/11/08 07:37:00,987.00,310.80
2024/11/08 07:37:00,988.00,311.65
2024/11/08 07:37:00,989.00,311.86
2024/11/08 07:37:00,990.00,311.70
2024/11/08 07:37:00,991.00,310.63
2024/11/08 07:37:00,992.00,309.13
2024/11/08 07:37:00,993.00,309.05
2024/11/08 07:37:00,994.00,309.37
2024/11/08 07:37:00,995.00,308.72
2024/11/08 07:37:00,996.00,310.97
2024/11/08 07:37:00,997.00,311.85
2024/11/08 07:37:00,998.00,311.03
2024/11/08 07:37:00,999.00,311.73
2024/11/08 07:37:00,1000.00,310.45
2024/11/08 07:37:00,1001.00,307.76
2024/11/08 07:37:00,1002.00,305.96
2024/11/08 07:37:00,1003.00,304.25
2024/11/08 07:37:00,1004.00,301.81
2024/11/08 07:37:00,1005.00,301.04
2024/11/08 07:37:00,1006.00,301.05
2024/11/08 07:37:00,1007.00,300.61
2024/11/08 07:37:00,1008.00,300.47
2024/11/08 07:37:00,1009.00,300.92
2024/11/08 07:37:00,1010.00,300.66
2024/11/08 07:37:00,1011.00,299.70
2024/11/08 07:37:00,1012.00,300.35
2024/11/08 07:37:00,1013.00,300.20
2024/11/08 07:37:00,1014.00,298.77
2024/11/08 07:37:00,1015.00,299.97
2024/11/08 07:37:00,1016.00,298.83
2024/11/08 07:37:00,1017.00,296.42
2024/11/08 07:37:00,1018.00,295.47
2024/11/08 07:37:00,1019.00,294.14
2024/11/08 07:37:00,1020.00,293.96
2024/11/08 07:37:00,1021.00,295.17
2024/11/08 07:37:00,1022.00,294.82
2024/11/08 07:37:00,1023.00,295.59
2024/11/08 07:37:00,1024.00,294.46
2024/11/08 07:37:00,1025.00,291.22
2024/11/08 07:37:00,1026.00,291.88
2024/11/08 07:37:00,1027.00,290.12
2024/11/08 07:37:00,1028.00,289.01
2024/11/08 07:37:00,1029.00,290.19
2024/11/08 07:37:00,1030.00,290.25
2024/11/08 07:37:00,1031.00,289.48
2024/11/08 07:37:00,1032.00,289.79
2024/11/08 07:37:00,1033.00,287.05
2024/11/08 07:37:00,1034.00,285.40
2024/11/08 07:37:00,1035.00,283.71
2024/11/08 07:37:00,1036.00,281.22
2024/11/08 07:37:00,1037.00,281.48
2024/11/08 07:37:00,1038.00,280.63
2024/11/08 07:37:00,1039.00,280.31
2024/11/08 07:37:00,1040.00,282.89
2024/11/08 07:37:00,1041.00,281.28
2024/11/08 07:37:00,1042.00,281.61
2024/11/08 07:37:00,1043.00,281.42
2024/11/08 07:37:00,1044.00,279.00
2024/11/08 07:37:00,1045.00,279.87
2024/11/08 07:37:00,1046.00,279.78
2024/11/08 07:37:00,1047.00,276.67
2024/11/08 07:37:00,1048.00,277.99
2024/11/08 07:37:00,1049.00,275.77
2024/11/08 07:37:00,1050.00,272.90
2024/11/08 07:37:00,1051.00,277.15
2024/11/08 07:37:00,1052.00,276.15
2024/11/08 07:37:00,1053.00,275.62
2024/11/08 07:37:00,1054.00,275.16
2024/11/08 07:37:00,1055.00,274.89
2024/11/08 07:37:00,1056.00,274.11
2024/11/08 07:37:00,1057.00,272.19
2024/11/08 07:37:00,1058.00,274.40
2024/11/08 07:37:00,1059.00,274.13
2024/11/08 07:37:00,1060.00,271.41
2024/11/08 07:37:00,1061.00,272.32
2024/11/08 07:37:00,1062.00,270.19
2024/11/08 07:37:00,1063.00,265.84
2024/11/08 07:37:00,1064.00,267.66
2024/11/08 07:37:00,1065.00,267.16
2024/11/08 07:37:00,1066.00,265.28
2024/11/08 07:37:00,1067.00,265.63
2024/11/08 07:37:00,1068.00,263.07
2024/11/08 07:37:00,1069.00,261.36
2024/11/08 07:37:00,1070.00,261.15
2024/11/08 07:37:00,1071.00,261.27
2024/11/08 07:37:00,1072.00,261.87
2024/11/08 07:37:00,1073.00,262.21
2024/11/08 07:37:00,1074.00,266.15
2024/11/08 07:37:00,1075.00,268.03
2024/11/08 07:37:00,1076.00,265.04
2024/11/08 07:37:00,1077.00,268.38
2024/11/08 07:37:00,1078.00,264.09
2024/11/08 07:37:00,1079.00,258.53
2024/11/08 07:37:00,1080.00,260.74
2024/11/08 07:37:00,1081.00,261.14
2024/11/08 07:37:00,1082.00,257.23
2024/11/08 07:37:00,1083.00,261.72
2024/11/08 07:37:00,1084.00,258.09
2024/11/08 07:37:00,1085.00,254.87
2024/11/08 07:37:00,1086.00,251.51
2024/11/08 07:37:00,1087.00,247.51
2024/11/08 07:37:00,1088.00,246.50
2024/11/08 07:37:00,1089.00,245.67
2024/11/08 07:37:00,1090.00,249.38
2024/11/08 07:37:00,1091.00,256.04
2024/11/08 07:37:00,1092.00,254.58
2024/11/08 07:37:00,1093.00,258.68
2024/11/08 07:37:00,1094.00,261.23
2024/11/08 07:37:00,1095.00,253.79
2024/11/08 07:37:00,1096.00,255.44
2024/11/08 07:37:00,1097.00,253.60
2024/11/08 07:37:00,1098.00,249.27
2024/11/08 07:37:00,1099.00,252.45
2024/11/08 07:37:00,1100.00,244.14
2024/11/08 07:38:00,Wavelength(nm),Irradiance(W/m2/um)
2024/11/08 07:38:00,300.00,8.70
2024/11/08 07:38:00,301.00,9.50
2024/11/08 07:38:00,302.00,10.77
2024/11/08 07:38:00,303.00,12.20
2024/11/08 07:38:00,304.00,13.84
2024/11/08 07:38:00,305.00,15.70
2024/11/08 07:38:00,306.00,18.01
2024/11/08 07:38:00,307.00,20.72
2024/11/08 07:38:00,308.00,24.13
2024/11/08 07:38:00,309.00,28.17
2024/11/08 07:38:00,310.00,33.19
2024/11/08 07:38:00,311.00,38.67
2024/11/08 07:38:00,312.00,44.66
2024/11/08 07:38:00,313.00,51.18
2024/11/08 07:38:00,314.00,58.42
2024/11/08 07:38:00,315.00,65.75
2024/11/08 07:38:00,316.00,73.50
2024/11/08 07:38:00,317.00,81.73
2024/11/08 07:38:00,318.00,89.63
2024/11/08 07:38:00,319.00,96.82
2024/11/08 07:38:00,320.00,104.34
2024/11/08 07:38:00,321.00,112.44
2024/11/08 07:38:00,322.00,121.57
2024/11/08 07:38:00,323.00,132.39
2024/11/08 07:38:00,324.00,143.92
2024/11/08 07:38:00,325.00,156.10
2024/11/08 07:38:00,326.00,168.90
2024/11/08 07:38:00,327.00,180.70
2024/11/08 07:38:00,328.00,190.63
2024/11/08 07:38:00,329.00,199.18
2024/11/08 07:38:00,330.00,206.01
2024/11/08 07:38:00,331.00,210.82
2024/11/08 07:38:00,332.00,214.01
2024/11/08 07:38:00,333.00,214.96
2024/11/08 07:38:00,334.00,215.33
2024/11/08 07:38:00,335.00,216.26
2024/11/08 07:38:00,336.00,217.70
2024/11/08 07:38:00,337.00,219.89
2024/11/08 07:38:00,338.00,223.80
2024/11/08 07:38:00,339.00,228.58
2024/11/08 07:38:00,340.00,232.59
2024/11/08 07:38:00,341.00,234.60
2024/11/08 07:38:00,342.00,235.79
2024/11/08 07:38:00,343.00,236.54
2024/11/08 07:38:00,344.00,236.86
2024/11/08 07:38:00,345.00,236.75
2024/11/08 07:38:00,346.00,237.79
2024/11/08 07:38:00,347.00,240.19
2024/11/08 07:38:00,348.00,243.85
2024/11/08 07:38:00,349.00,247.26
2024/11/08 07:38:00,350.00,251.44
2024/11/08 07:38:00,351.00,257.86
2024/11/08 07:38:00,352.00,263.61
2024/11/08 07:38:00,353.00,266.85
2024/11/08 07:38:00,354.00,267.28
2024/11/08 07:38:00,355.00,263.95
2024/11/08 07:38:00,356.00,259.16
2024/11/08 07:38:00,357.00,255.23
2024/11/08 07:38:00,358.00,251.94
2024/11/08 07:38:00,359.00,252.08
2024/11/08 07:38:00,360.00,257.87
2024/11/08 07:38:00,361.00,264.14
2024/11/08 07:38:00,362.00,271.92
2024/11/08 07:38:00,363.00,283.95
2024/11/08 07:38:00,364.00,297.00
2024/11/08 07:38:00,365.00,307.11
2024/11/08 07:38:00,366.00,316.45
2024/11/08 07:38:00,367.00,323.19
2024/11/08 07:38:00,368.00,326.08
2024/11/08 07:38:00,369.00,325.20
2024/11/08 07:38:00,370.00,321.04
2024/11/08 07:38:00,371.00,313.06
2024/11/08 07:38:00,372.00,305.26
2024/11/08 07:38:00,373.00,300.12
2024/11/08 07:38:00,374.00,300.74
2024/11/08 07:38:00,375.00,309.07
2024/11/08 07:38:00,376.00,320.59
2024/11/08 07:38:00,377.00,331.36
2024/11/08 07:38:00,378.00,338.81
2024/11/08 07:38:00,379.00,336.92
2024/11/08 07:38:00,380.00,323.13
2024/11/08 07:38:00,381.00,307.12
2024/11/08 07:38:00,382.00,294.47
2024/11/08 07:38:00,383.00,284.65
2024/11/08 07:38:00,384.00,281.22
2024/11/08 07:38:00,385.00,286.37
2024/11/08 07:38:00,386.00,296.02
2024/11/08 07:38:00,387.00,307.69
2024/11/08 07:38:00,388.00,321.62
2024/11/08 07:38:00,389.00,333.35
2024/11/08 07:38:00,390.00,335.69
2024/11/08 07:38:00,391.00,330.75
2024/11/08 07:38:00,392.00,326.44
2024/11/08 07:38:00,393.00,318.91
2024/11/08 07:38:00,394.00,309.44
2024/11/08 07:38:00,395.00,314.25
2024/11/08 07:38:00,396.00,337.10
2024/11/08 07:38:00,397.00,364.63
2024/11/08 07:38:00,398.00,397.13
2024/11/08 07:38:00,399.00,436.91
2024/11/08 07:38:00,400.00,472.85
2024/11/08 07:38:00,401.00,496.01
2024/11/08 07:38:00,402.00,508.86
2024/11/08 07:38:00,403.00,512.19
2024/11/08 07:38:00,404.00,510.00
2024/11/08 07:38:00,405.00,507.68
2024/11/08 07:38:00,406.00,507.11
2024/11/08 07:38:00,407.00,507.59
2024/11/08 07:38:00,408.00,510.60
2024/11/08 07:38:00,409.00,517.48
2024/11/08 07:38:00,410.00,524.86
2024/11/08 07:38:00,411.00,532.22
2024/11/08 07:38:00,412.00,539.12
2024/11/08 07:38:00,413.00,546.97
2024/11/08 07:38:00,414.00,552.04
2024/11/08 07:38:00,415.00,553.32
2024/11/08 07:38:00,416.00,552.44
2024/11/08 07:38:00,417.00,552.16
2024/11/08 07:38:00,418.00,551.94
2024/11/08 07:38:00,419.00,552.70
2024/11/08 07:38:00,420.00,553.64
2024/11/08 07:38:00,421.00,554.94
2024/11/08 07:38:00,422.00,556.17
2024/11/08 07:38:00,423.00,556.31
2024/11/08 07:38:00,424.00,553.75
2024/11/08 07:38:00,425.00,551.61
2024/11/08 07:38:00,426.00,547.35
2024/11/08 07:38:00,427.00,535.89
2024/11/08 07:38:00,428.00,522.08
2024/11/08 07:38:00,429.00,513.76
2024/11/08 07:38:00,430.00,513.91
2024/11/08 07:38:00,431.00,519.26
2024/11/08 07:38:00,432.00,533.71
2024/11/08 07:38:00,433.00,555.51
2024/11/08 07:38:00,434.00,576.33
2024/11/08 07:38:00,435.00,587.18
2024/11/08 07:38:00,436.00,592.83
2024/11/08 07:38:00,437.00,597.27
2024/11/08 07:38:00,438.00,601.23
2024/11/08 07:38:00,439.00,606.14
2024/11/08 07:38:00,440.00,615.04
2024/11/08 07:38:00,441.00,628.83
2024/11/08 07:38:00,442.00,642.08
2024/11/08 07:38:00,443.00,650.65
2024/11/08 07:38:00,444.00,656.70
2024/11/08 07:38:00,445.00,661.82
2024/11/08 07:38:00,446.00,667.84
2024/11/08 07:38:00,447.00,676.45
2024/11/08 07:38:00,448.00,689.19
2024/11/08 07:38:00,449.00,700.49
2024/11/08 07:38:00,450.00,705.44
2024/11/08 07:38:00,451.00,706.27
2024/11/08 07:38:00,452.00,706.67
2024/11/08 07:38:00,453.00,704.53
2024/11/08 07:38:00,454.00,704.82
2024/11/08 07:38:00,455.00,709.34
2024/11/08 07:38:00,456.00,714.99
2024/11/08 07:38:00,457.00,718.69
2024/11/08 07:38:00,458.00,722.46
2024/11/08 07:38:00,459.00,725.94
2024/11/08 07:38:00,460.00,729.69
2024/11/08 07:38:00,461.00,733.02
2024/11/08 07:38:00,462.00,735.32
2024/11/08 07:38:00,463.00,735.40
2024/11/08 07:38:00,464.00,732.65
2024/11/08 07:38:00,465.00,727.01
2024/11/08 07:38:00,466.00,724.58
2024/11/08 07:38:00,467.00,721.99
2024/11/08 07:38:00,468.00,719.52
2024/11/08 07:38:00,469.00,719.40
2024/11/08 07:38:00,470.00,722.35
2024/11/08 07:38:00,471.00,723.67
2024/11/08 07:38:00,472.00,725.33
2024/11/08 07:38:00,473.00,728.07
2024/11/08 07:38:00,474.00,730.10
2024/11/08 07:38:00,475.00,730.47
2024/11/08 07:38:00,476.00,731.75
2024/11/08 07:38:00,477.00,734.95
2024/11/08 07:38:00,478.00,739.05
2024/11/08 07:38:00,479.00,741.59
2024/11/08 07:38:00,480.00,744.41
2024/11/08 07:38:00,481.00,744.94
2024/11/08 07:38:00,482.00,740.48
2024/11/08 07:38:00,483.00,728.33
2024/11/08 07:38:00,484.00,713.28
2024/11/08 07:38:00,485.00,698.99
2024/11/08 07:38:00,486.00,689.46
2024/11/08 07:38:00,487.00,687.19
2024/11/08 07:38:00,488.00,692.90
2024/11/08 07:38:00,489.00,702.19
2024/11/08 07:38:00,490.00,709.29
2024/11/08 07:38:00,491.00,715.68
2024/11/08 07:38:00,492.00,719.35
2024/11/08 07:38:00,493.00,722.46
2024/11/08 07:38:00,494.00,724.72
2024/11/08 07:38:00,495.00,728.03
2024/11/08 07:38:00,496.00,728.01
2024/11/08 07:38:00,497.00,723.63
2024/11/08 07:38:00,498.00,717.95
2024/11/08 07:38:00,499.00,711.88
2024/11/08 07:38:00,500.00,705.06
2024/11/08 07:38:00,501.00,700.87
2024/11/08 07:38:00,502.00,700.49
2024/11/08 07:38:00,503.00,700.81
2024/11/08 07:38:00,504.00,704.63
2024/11/08 07:38:00,505.00,708.34
2024/11/08 07:38:00,506.00,710.85
2024/11/08 07:38:00,507.00,713.36
2024/11/08 07:38:00,508.00,715.01
2024/11/08 07:38:00,509.00,714.77
2024/11/08 07:38:00,510.00,713.78
2024/11/08 07:38:00,511.00,710.87
2024/11/08 07:38:00,512.00,706.14
2024/11/08 07:38:00,513.00,699.68
2024/11/08 07:38:00,514.00,687.21
2024/11/08 07:38:00,515.00,673.90
2024/11/08 07:38:00,516.00,665.36
2024/11/08 07:38:00,517.00,659.21
2024/11/08 07:38:00,518.00,656.09
2024/11/08 07:38:00,519.00,661.96
2024/11/08 07:38:00,520.00,671.44
2024/11/08 07:38:00,521.00,678.48
2024/11/08 07:38:00,522.00,686.26
2024/11/08 07:38:00,523.00,689.46
2024/11/08 07:38:00,524.00,688.51
2024/11/08 07:38:00,525.00,686.96
2024/11/08 07:38:00,526.00,687.56
2024/11/08 07:38:00,527.00,687.74
2024/11/08 07:38:00,528.00,692.11
2024/11/08 07:38:00,529.00,695.71
2024/11/08 07:38:00,530.00,699.17
2024/11/08 07:38:00,531.00,700.40
2024/11/08 07:38:00,532.00,700.01
2024/11/08 07:38:00,533.00,698.36
2024/11/08 07:38:00,534.00,698.89
2024/11/08 07:38:00,535.00,698.93
2024/11/08 07:38:00,536.00,699.03
2024/11/08 07:38:00,537.00,697.15
2024/11/08 07:38:00,538.00,693.03
2024/11/08 07:38:00,539.00,689.63
2024/11/08 07:38:00,540.00,688.32
2024/11/08 07:38:00,541.00,686.68
2024/11/08 07:38:00,542.00,686.88
2024/11/08 07:38:00,543.00,688.77
2024/11/08 07:38:00,544.00,689.73
2024/11/08 07:38:00,545.00,690.15
2024/11/08 07:38:00,546.00,689.69
2024/11/08 07:38:00,547.00,689.78
2024/11/08 07:38:00,548.00,690.12
2024/11/08 07:38:00,549.00,690.35
2024/11/08 07:38:00,550.00,689.23
2024/11/08 07:38:00,551.00,689.91
2024/11/08 07:38:00,552.00,690.69
2024/11/08 07:38:00,553.00,688.72
2024/11/08 07:38:00,554.00,689.03
2024/11/08 07:38:00,555.00,687.43
2024/11/08 07:38:00,556.00,682.74
2024/11/08 07:38:00,557.00,678.05
2024/11/08 07:38:00,558.00,675.12
2024/11/08 07:38:00,559.00,671.09
2024/11/08 07:38:00,560.00,670.50
2024/11/08 07:38:00,561.00,670.90
2024/11/08 07:38:00,562.00,670.63
2024/11/08 07:38:00,563.00,669.72
2024/11/08 07:38:00,564.00,668.10
2024/11/08 07:38:00,565.00,665.98
2024/11/08 07:38:00,566.00,664.03
2024/11/08 07:38:00,567.00,660.82
2024/11/08 07:38:00,568.00,658.49
2024/11/08 07:38:00,569.00,657.78
2024/11/08 07:38:00,570.00,656.13
2024/11/08 07:38:00,571.00,656.34
2024/11/08 07:38:00,572.00,657.52
2024/11/08 07:38:00,573.00,657.34
2024/11/08 07:38:00,574.00,656.53
2024/11/08 07:38:00,575.00,655.44
2024/11/08 07:38:00,576.00,652.88
2024/11/08 07:38:00,577.00,652.06
2024/11/08 07:38:00,578.00,652.21
2024/11/08 07:38:00,579.00,653.82
2024/11/08 07:38:00,580.00,656.46
2024/11/08 07:38:00,581.00,659.08
2024/11/08 07:38:00,582.00,660.42
2024/11/08 07:38:00,583.00,662.66
2024/11/08 07:38:00,584.00,662.54
2024/11/08 07:38:00,585.00,659.75
2024/11/08 07:38:00,586.00,657.18
2024/11/08 07:38:00,587.00,652.82
2024/11/08 07:38:00,588.00,647.43
2024/11/08 07:38:00,589.00,645.15
2024/11/08 07:38:00,590.00,644.37
2024/11/08 07:38:00,591.00,643.37
2024/11/08 07:38:00,592.00,644.83
2024/11/08 07:38:00,593.00,646.66
2024/11/08 07:38:00,594.00,645.41
2024/11/08 07:38:00,595.00,646.00
2024/11/08 07:38:00,596.00,645.49
2024/11/08 07:38:00,597.00,646.16
2024/11/08 07:38:00,598.00,644.15
2024/11/08 07:38:00,599.00,640.86
2024/11/08 07:38:00,600.00,638.87
2024/11/08 07:38:00,601.00,638.78
2024/11/08 07:38:00,602.00,636.31
2024/11/08 07:38:00,603.00,637.61
2024/11/08 07:38:00,604.00,640.41
2024/11/08 07:38:00,605.00,639.03
2024/11/08 07:38:00,606.00,637.86
2024/11/08 07:38:00,607.00,638.49
2024/11/08 07:38:00,608.00,636.58
2024/11/08 07:38:00,609.00,633.78
2024/11/08 07:38:00,610.00,633.62
2024/11/08 07:38:00,611.00,631.82
2024/11/08 07:38:00,612.00,629.01
2024/11/08 07:38:00,613.00,626.19
2024/11/08 07:38:00,614.00,624.71
2024/11/08 07:38:00,615.00,622.12
2024/11/08 07:38:00,616.00,620.82
2024/11/08 07:38:00,617.00,621.83
2024/11/08 07:38:00,618.00,623.82
2024/11/08 07:38:00,619.00,624.86
2024/11/08 07:38:00,620.00,625.21
2024/11/08 07:38:00,621.00,625.50
2024/11/08 07:38:00,622.00,623.33
2024/11/08 07:38:00,623.00,619.27
2024/11/08 07:38:00,624.00,617.12
2024/11/08 07:38:00,625.00,615.08
2024/11/08 07:38:00,626.00,610.28
2024/11/08 07:38:00,627.00,608.16
2024/11/08 07:38:00,628.00,606.99
2024/11/08 07:38:00,629.00,604.49
2024/11/08 07:38:00,630.00,604.37
2024/11/08 07:38:00,631.00,606.21
2024/11/08 07:38:00,632.00,606.83
2024/11/08 07:38:00,633.00,608.48
2024/11/08 07:38:00,634.00,609.92
2024/11/08 07:38:00,635.00,611.81
2024/11/08 07:38:00,636.00,614.62
2024/11/08 07:38:00,637.00,615.42
2024/11/08 07:38:00,638.00,616.81
2024/11/08 07:38:00,639.00,618.86
2024/11/08 07:38:00,640.00,617.80
2024/11/08 07:38:00,641.00,616.75
2024/11/08 07:38:00,642.00,617.95
2024/11/08 07:38:00,643.00,616.18
2024/11/08 07:38:00,644.00,614.63
2024/11/08 07:38:00,645.00,615.10
2024/11/08 07:38:00,646.00,612.90
2024/11/08 07:38:00,647.00,610.79
2024/11/08 07:38:00,648.00,610.13
2024/11/08 07:38:00,649.00,610.07
2024/11/08 07:38:00,650.00,609.20
2024/11/08 07:38:00,651.00,609.64
2024/11/08 07:38:00,652.00,606.93
2024/11/08 07:38:00,653.00,601.65
2024/11/08 07:38:00,654.00,594.21
2024/11/08 07:38:00,655.00,588.74
2024/11/08 07:38:00,656.00,586.41
2024/11/08 07:38:00,657.00,585.71
2024/11/08 07:38:00,658.00,588.43
2024/11/08 07:38:00,659.00,594.06
2024/11/08 07:38:00,660.00,598.10
2024/11/08 07:38:00,661.00,598.69
2024/11/08 07:38:00,662.00,601.83
2024/11/08 07:38:00,663.00,605.79
2024/11/08 07:38:00,664.00,607.36
2024/11/08 07:38:00,665.00,609.19
2024/11/08 07:38:00,666.00,611.95
2024/11/08 07:38:00,667.00,614.20
2024/11/08 07:38:00,668.00,613.78
2024/11/08 07:38:00,669.00,613.87
2024/11/08 07:38:00,670.00,613.85
2024/11/08 07:38:00,671.00,612.93
2024/11/08 07:38:00,672.00,610.81
2024/11/08 07:38:00,673.00,610.07
2024/11/08 07:38:00,674.00,610.81
2024/11/08 07:38:00,675.00,609.37
2024/11/08 07:38:00,676.00,610.21
2024/11/08 07:38:00,677.00,610.96
2024/11/08 07:38:00,678.00,609.92
2024/11/08 07:38:00,679.00,608.07
2024/11/08 07:38:00,680.00,607.25
2024/11/08 07:38:00,681.00,604.28
2024/11/08 07:38:00,682.00,601.80
2024/11/08 07:38:00,683.00,596.23
2024/11/08 07:38:00,684.00,583.54
2024/11/08 07:38:00,685.00,567.54
2024/11/08 07:38:00,686.00,552.31
2024/11/08 07:38:00,687.00,536.71
2024/11/08 07:38:00,688.00,525.12
2024/11/08 07:38:00,689.00,522.16
2024/11/08 07:38:00,690.00,526.96
2024/11/08 07:38:00,691.00,533.99
2024/11/08 07:38:00,692.00,540.74
2024/11/08 07:38:00,693.00,549.89
2024/11/08 07:38:00,694.00,558.96
2024/11/08 07:38:00,695.00,563.63
2024/11/08 07:38:00,696.00,566.67
2024/11/08 07:38:00,697.00,570.02
2024/11/08 07:38:00,698.00,570.83
2024/11/08 07:38:00,699.00,569.80
2024/11/08 07:38:00,700.00,570.72
2024/11/08 07:38:00,701.00,570.97
2024/11/08 07:38:00,702.00,570.99
2024/11/08 07:38:00,703.00,572.10
2024/11/08 07:38:00,704.00,572.37
2024/11/08 07:38:00,705.00,571.18
2024/11/08 07:38:00,706.00,570.14
2024/11/08 07:38:00,707.00,570.29
2024/11/08 07:38:00,708.00,570.98
2024/11/08 07:38:00,709.00,571.82
2024/11/08 07:38:00,710.00,571.44
2024/11/08 07:38:00,711.00,572.40
2024/11/08 07:38:00,712.00,571.96
2024/11/08 07:38:00,713.00,567.08
2024/11/08 07:38:00,714.00,563.35
2024/11/08 07:38:00,715.00,558.43
2024/11/08 07:38:00,716.00,548.19
2024/11/08 07:38:00,717.00,538.60
2024/11/08 07:38:00,718.00,532.07
2024/11/08 07:38:00,719.00,524.28
2024/11/08 07:38:00,720.00,520.25
2024/11/08 07:38:00,721.00,519.00
2024/11/08 07:38:00,722.00,518.33
2024/11/08 07:38:00,723.00,518.07
2024/11/08 07:38:00,724.00,517.79
2024/11/08 07:38:00,725.00,519.13
2024/11/08 07:38:00,726.00,519.88
2024/11/08 07:38:00,727.00,518.28
2024/11/08 07:38:00,728.00,520.12
2024/11/08 07:38:00,729.00,523.30
2024/11/08 07:38:00,730.00,524.27
2024/11/08 07:38:00,731.00,527.68
2024/11/08 07:38:00,732.00,534.11
2024/11/08 07:38:00,733.00,535.13
2024/11/08 07:38:00,734.00,536.61
2024/11/08 07:38:00,735.00,538.85
2024/11/08 07:38:00,736.00,537.51
2024/11/08 07:38:00,737.00,536.01
2024/11/08 07:38:00,738.00,535.05
2024/11/08 07:38:00,739.00,532.55
2024/11/08 07:38:00,740.00,529.36
2024/11/08 07:38:00,741.00,530.13
2024/11/08 07:38:00,742.00,530.81
2024/11/08 07:38:00,743.00,532.42
2024/11/08 07:38:00,744.00,532.87
2024/11/08 07:38:00,745.00,535.21
2024/11/08 07:38:00,746.00,535.04
2024/11/08 07:38:00,747.00,530.98
2024/11/08 07:38:00,748.00,530.09
2024/11/08 07:38:00,749.00,531.46
2024/11/08 07:38:00,750.00,527.60
2024/11/08 07:38:00,751.00,528.28
2024/11/08 07:38:00,752.00,530.12
2024/11/08 07:38:00,753.00,528.36
2024/11/08 07:38:00,754.00,525.40
2024/11/08 07:38:00,755.00,523.22
2024/11/08 07:38:00,756.00,508.73
2024/11/08 07:38:00,757.00,479.17
2024/11/08 07:38:00,758.00,441.14
2024/11/08 07:38:00,759.00,401.49
2024/11/08 07:38:00,760.00,360.63
2024/11/08 07:38:00,761.00,327.84
2024/11/08 07:38:00,762.00,313.83
2024/11/08 07:38:00,763.00,314.20
2024/11/08 07:38:00,764.00,321.05
2024/11/08 07:38:00,765.00,337.48
2024/11/08 07:38:00,766.00,361.61
2024/11/08 07:38:00,767.00,383.36
2024/11/08 07:38:00,768.00,406.71
2024/11/08 07:38:00,769.00,428.29
2024/11/08 07:38:00,770.00,445.46
2024/11/08 07:38:00,771.00,458.66
2024/11/08 07:38:00,772.00,472.86
2024/11/08 07:38:00,773.00,482.04
2024/11/08 07:38:00,774.00,486.14
2024/11/08 07:38:00,775.00,487.20
2024/11/08 07:38:00,776.00,489.50
2024/11/08 07:38:00,777.00,489.84
2024/11/08 07:38:00,778.00,487.98
2024/11/08 07:38:00,779.00,489.44
2024/11/08 07:38:00,780.00,493.52
2024/11/08 07:38:00,781.00,492.98
2024/11/08 07:38:00,782.00,492.80
2024/11/08 07:38:00,783.00,497.38
2024/11/08 07:38:00,784.00,496.63
2024/11/08 07:38:00,785.00,496.52
2024/11/08 07:38:00,786.00,497.81
2024/11/08 07:38:00,787.00,496.36
2024/11/08 07:38:00,788.00,492.04
2024/11/08 07:38:00,789.00,492.15
2024/11/08 07:38:00,790.00,489.77
2024/11/08 07:38:00,791.00,485.19
2024/11/08 07:38:00,792.00,482.49
2024/11/08 07:38:00,793.00,480.97
2024/11/08 07:38:00,794.00,478.68
2024/11/08 07:38:00,795.00,474.83
2024/11/08 07:38:00,796.00,476.65
2024/11/08 07:38:00,797.00,478.62
2024/11/08 07:38:00,798.00,478.56
2024/11/08 07:38:00,799.00,480.18
2024/11/08 07:38:00,800.00,484.67
2024/11/08 07:38:00,801.00,481.78
2024/11/08 07:38:00,802.00,480.47
2024/11/08 07:38:00,803.00,480.87
2024/11/08 07:38:00,804.00,476.72
2024/11/08 07:38:00,805.00,474.96
2024/11/08 07:38:00,806.00,476.52
2024/11/08 07:38:00,807.00,475.35
2024/11/08 07:38:00,808.00,472.41
2024/11/08 07:38:00,809.00,471.52
2024/11/08 07:38:00,810.00,470.67
2024/11/08 07:38:00,811.00,469.14
2024/11/08 07:38:00,812.00,465.43
2024/11/08 07:38:00,813.00,463.06
2024/11/08 07:38:00,814.00,460.41
2024/11/08 07:38:00,815.00,452.54
2024/11/08 07:38:00,816.00,448.68
2024/11/08 07:38:00,817.00,449.10
2024/11/08 07:38:00,818.00,443.66
2024/11/08 07:38:00,819.00,443.34
2024/11/08 07:38:00,820.00,446.70
2024/11/08 07:38:00,821.00,444.90
2024/11/08 07:38:00,822.00,446.57
2024/11/08 07:38:00,823.00,453.09
2024/11/08 07:38:00,824.00,454.72
2024/11/08 07:38:00,825.00,454.19
2024/11/08 07:38:00,826.00,451.26
2024/11/08 07:38:00,827.00,448.61
2024/11/08 07:38:00,828.00,445.37
2024/11/08 07:38:00,829.00,442.83
2024/11/08 07:38:00,830.00,442.55
2024/11/08 07:38:00,831.00,443.91
2024/11/08 07:38:00,832.00,440.77
2024/11/08 07:38:00,833.00,440.23
2024/11/08 07:38:00,834.00,441.68
2024/11/08 07:38:00,835.00,438.35
2024/11/08 07:38:00,836.00,437.69
2024/11/08 07:38:00,837.00,441.36
2024/11/08 07:38:00,838.00,438.93
2024/11/08 07:38:00,839.00,440.36
2024/11/08 07:38:00,840.00,442.69
2024/11/08 07:38:00,841.00,441.31
2024/11/08 07:38:00,842.00,438.07
2024/11/08 07:38:00,843.00,434.85
2024/11/08 07:38:00,844.00,430.24
2024/11/08 07:38:00,845.00,425.94
2024/11/08 07:38:00,846.00,422.76
2024/11/08 07:38:00,847.00,421.79
2024/11/08 07:38:00,848.00,420.12
2024/11/08 07:38:00,849.00,419.40
2024/11/08 07:38:00,850.00,417.18
2024/11/08 07:38:00,851.00,414.55
2024/11/08 07:38:00,852.00,409.07
2024/11/08 07:38:00,853.00,407.37
2024/11/08 07:38:00,854.00,406.61
2024/11/08 07:38:00,855.00,406.60
2024/11/08 07:38:00,856.00,408.77
2024/11/08 07:38:00,857.00,413.11
2024/11/08 07:38:00,858.00,413.70
2024/11/08 07:38:00,859.00,413.97
2024/11/08 07:38:00,860.00,415.07
2024/11/08 07:38:00,861.00,414.96
2024/11/08 07:38:00,862.00,413.70
2024/11/08 07:38:00,863.00,410.93
2024/11/08 07:38:00,864.00,408.02
2024/11/08 07:38:00,865.00,405.06
2024/11/08 07:38:00,866.00,401.96
2024/11/08 07:38:00,867.00,403.00
2024/11/08 07:38:00,868.00,404.90
2024/11/08 07:38:00,869.00,405.16
2024/11/08 07:38:00,870.00,406.99
2024/11/08 07:38:00,871.00,408.30
2024/11/08 07:38:00,872.00,405.86
2024/11/08 07:38:00,873.00,407.11
2024/11/08 07:38:00,874.00,407.69
2024/11/08 07:38:00,875.00,405.75
2024/11/08 07:38:00,876.00,405.30
2024/11/08 07:38:00,877.00,404.61
2024/11/08 07:38:00,878.00,402.87
2024/11/08 07:38:00,879.00,402.11
2024/11/08 07:38:00,880.00,401.07
2024/11/08 07:38:00,881.00,400.80
2024/11/08 07:38:00,882.00,398.63
2024/11/08 07:38:00,883.00,397.15
2024/11/08 07:38:00,884.00,396.80
2024/11/08 07:38:00,885.00,395.80
2024/11/08 07:38:00,886.00,395.34
2024/11/08 07:38:00,887.00,396.68
2024/11/08 07:38:00,888.00,396.47
2024/11/08 07:38:00,889.00,396.65
2024/11/08 07:38:00,890.00,396.65
2024/11/08 07:38:00,891.00,393.12
2024/11/08 07:38:00,892.00,388.90
2024/11/08 07:38:00,893.00,384.67
2024/11/08 07:38:00,894.00,377.69
2024/11/08 07:38:00,895.00,370.30
2024/11/08 07:38:00,896.00,363.23
2024/11/08 07:38:00,897.00,355.97
2024/11/08 07:38:00,898.00,349.15
2024/11/08 07:38:00,899.00,343.49
2024/11/08 07:38:00,900.00,341.89
2024/11/08 07:38:00,901.00,342.39
2024/11/08 07:38:00,902.00,343.56
2024/11/08 07:38:00,903.00,345.85
2024/11/08 07:38:00,904.00,347.77
2024/11/08 07:38:00,905.00,344.68
2024/11/08 07:38:00,906.00,341.35
2024/11/08 07:38:00,907.00,339.27
2024/11/08 07:38:00,908.00,335.85
2024/11/08 07:38:00,909.00,334.24
2024/11/08 07:38:00,910.00,333.90
2024/11/08 07:38:00,911.00,332.69
2024/11/08 07:38:00,912.00,330.86
2024/11/08 07:38:00,913.00,329.00
2024/11/08 07:38:00,914.00,328.60
2024/11/08 07:38:00,915.00,327.34
2024/11/08 07:38:00,916.00,327.15
2024/11/08 07:38:00,917.00,329.98
2024/11/08 07:38:00,918.00,333.22
2024/11/08 07:38:00,919.00,333.97
2024/11/08 07:38:00,920.00,336.45
2024/11/08 07:38:00,921.00,336.89
2024/11/08 07:38:00,922.00,334.29
2024/11/08 07:38:00,923.00,333.50
2024/11/08 07:38:00,924.00,332.73
2024/11/08 07:38:00,925.00,329.48
2024/11/08 07:38:00,926.00,325.69
2024/11/08 07:38:00,927.00,319.80
2024/11/08 07:38:00,928.00,308.62
2024/11/08 07:38:00,929.00,294.46
2024/11/08 07:38:00,930.00,278.62
2024/11/08 07:38:00,931.00,260.83
2024/11/08 07:38:00,932.00,243.12
2024/11/08 07:38:00,933.00,229.19
2024/11/08 07:38:00,934.00,219.48
2024/11/08 07:38:00,935.00,211.94
2024/11/08 07:38:00,936.00,211.23
2024/11/08 07:38:00,937.00,214.79
2024/11/08 07:38:00,938.00,218.60
2024/11/08 07:38:00,939.00,223.44
2024/11/08 07:38:00,940.00,227.43
2024/11/08 07:38:00,941.00,227.37
2024/11/08 07:38:00,942.00,225.12
2024/11/08 07:38:00,943.00,223.14
2024/11/08 07:38:00,944.00,221.59
2024/11/08 07:38:00,945.00,221.94
2024/11/08 07:38:00,946.00,221.83
2024/11/08 07:38:00,947.00,224.65
2024/11/08 07:38:00,948.00,226.42
2024/11/08 07:38:00,949.00,226.29
2024/11/08 07:38:00,950.00,228.32
2024/11/08 07:38:00,951.00,230.50
2024/11/08 07:38:00,952.00,229.61
2024/11/08 07:38:00,953.00,231.32
2024/11/08 07:38:00,954.00,233.98
2024/11/08 07:38:00,955.00,234.55
2024/11/08 07:38:00,956.00,237.68
2024/11/08 07:38:00,957.00,241.16
2024/11/08 07:38:00,958.00,244.07
2024/11/08 07:38:00,959.00,247.75
2024/11/08 07:38:00,960.00,251.44
2024/11/08 07:38:00,961.00,254.86
2024/11/08 07:38:00,962.00,257.86
2024/11/08 07:38:00,963.00,260.83
2024/11/08 07:38:00,964.00,264.52
2024/11/08 07:38:00,965.00,268.47
2024/11/08 07:38:00,966.00,273.76
2024/11/08 07:38:00,967.00,281.31
2024/11/08 07:38:00,968.00,286.21
2024/11/08 07:38:00,969.00,290.99
2024/11/08 07:38:00,970.00,295.23
2024/11/08 07:38:00,971.00,294.69
2024/11/08 07:38:00,972.00,294.44
2024/11/08 07:38:00,973.00,295.12
2024/11/08 07:38:00,974.00,294.15
2024/11/08 07:38:00,975.00,294.44
2024/11/08 07:38:00,976.00,295.95
2024/11/08 07:38:00,977.00,296.27
2024/11/08 07:38:00,978.00,297.28
2024/11/08 07:38:00,979.00,298.87
2024/11/08 07:38:00,980.00,300.18
2024/11/08 07:38:00,981.00,302.94
2024/11/08 07:38:00,982.00,304.52
2024/11/08 07:38:00,983.00,307.77
2024/11/08 07:38:00,984.00,309.50
2024/11/08 07:38:00,985.00,310.06
2024/11/08 07:38:00,986.00,313.39
2024/11/08 07:38:00,987.00,314.14
2024/11/08 07:38:00,988.00,313.63
2024/11/08 07:38:00,989.00,315.23
2024/11/08 07:38:00,990.00,314.66
2024/11/08 07:38:00,991.00,313.66
2024/11/08 07:38:00,992.00,314.48
2024/11/08 07:38:00,993.00,314.36
2024/11/08 07:38:00,994.00,314.40
2024/11/08 07:38:00,995.00,313.83
2024/11/08 07:38:00,996.00,313.08
2024/11/08 07:38:00,997.00,312.92
2024/11/08 07:38:00,998.00,310.71
2024/11/08 07:38:00,999.00,309.89
2024/11/08 07:38:00,1000.00,310.07
2024/11/08 07:38:00,1001.00,307.40
2024/11/08 07:38:00,1002.00,306.08
2024/11/08 07:38:00,1003.00,306.19
2024/11/08 07:38:00,1004.00,303.43
2024/11/08 07:38:00,1005.00,303.14
2024/11/08 07:38:00,1006.00,304.59
2024/11/08 07:38:00,1007.00,304.24
2024/11/08 07:38:00,1008.00,304.40
2024/11/08 07:38:00,1009.00,305.26
2024/11/08 07:38:00,1010.00,304.51
2024/11/08 07:38:00,1011.00,302.24
2024/11/08 07:38:00,1012.00,301.37
2024/11/08 07:38:00,1013.00,301.18
2024/11/08 07:38:00,1014.00,299.24
2024/11/08 07:38:00,1015.00,299.52
2024/11/08 07:38:00,1016.00,301.76
2024/11/08 07:38:00,1017.00,299.66
2024/11/08 07:38:00,1018.00,298.76
2024/11/08 07:38:00,1019.00,299.19
2024/11/08 07:38:00,1020.00,297.29
2024/11/08 07:38:00,1021.00,295.34
2024/11/08 07:38:00,1022.00,296.15
2024/11/08 07:38:00,1023.00,295.90
2024/11/08 07:38:00,1024.00,294.71
2024/11/08 07:38:00,1025.00,294.64
2024/11/08 07:38:00,1026.00,294.96
2024/11/08 07:38:00,1027.00,293.68
2024/11/08 07:38:00,1028.00,292.47
2024/11/08 07:38:00,1029.00,294.24
2024/11/08 07:38:00,1030.00,293.28
2024/11/08 07:38:00,1031.00,290.85
2024/11/08 07:38:00,1032.00,291.66
2024/11/08 07:38:00,1033.00,289.84
2024/11/08 07:38:00,1034.00,287.79
2024/11/08 07:38:00,1035.00,288.99
2024/11/08 07:38:00,1036.00,287.88
2024/11/08 07:38:00,1037.00,285.77
2024/11/08 07:38:00,1038.00,285.84
2024/11/08 07:38:00,1039.00,283.97
2024/11/08 07:38:00,1040.00,282.81
2024/11/08 07:38:00,1041.00,282.52
2024/11/08 07:38:00,1042.00,282.89
2024/11/08 07:38:00,1043.00,283.23
2024/11/08 07:38:00,1044.00,281.48
2024/11/08 07:38:00,1045.00,281.63
2024/11/08 07:38:00,1046.00,281.33
2024/11/08 07:38:00,1047.00,278.46
2024/11/08 07:38:00,1048.00,278.72
2024/11/08 07:38:00,1049.00,279.03
2024/11/08 07:38:00,1050.00,277.35
2024/11/08 07:38:00,1051.00,282.73
2024/11/08 07:38:00,1052.00,282.94
2024/11/08 07:38:00,1053.00,280.08
2024/11/08 07:38:00,1054.00,279.73
2024/11/08 07:38:00,1055.00,278.29
2024/11/08 07:38:00,1056.00,274.29
2024/11/08 07:38:00,1057.00,273.55
2024/11/08 07:38:00,1058.00,273.86
2024/11/08 07:38:00,1059.00,271.42
2024/11/08 07:38:00,1060.00,269.02
2024/11/08 07:38:00,1061.00,270.03
2024/11/08 07:38:00,1062.00,269.73
2024/11/08 07:38:00,1063.00,265.55
2024/11/08 07:38:00,1064.00,268.27
2024/11/08 07:38:00,1065.00,269.66
2024/11/08 07:38:00,1066.00,264.25
2024/11/08 07:38:00,1067.00,266.23
2024/11/08 07:38:00,1068.00,269.72
2024/11/08 07:38:00,1069.00,265.92
2024/11/08 07:38:00,1070.00,266.34
2024/11/08 07:38:00,1071.00,267.59
2024/11/08 07:38:00,1072.00,264.85
2024/11/08 07:38:00,1073.00,263.56
2024/11/08 07:38:00,1074.00,263.78
2024/11/08 07:38:00,1075.00,262.59
2024/11/08 07:38:00,1076.00,259.69
2024/11/08 07:38:00,1077.00,259.67
2024/11/08 07:38:00,1078.00,261.74
2024/11/08 07:38:00,1079.00,258.67
2024/11/08 07:38:00,1080.00,260.07
2024/11/08 07:38:00,1081.00,266.80
2024/11/08 07:38:00,1082.00,260.44
2024/11/08 07:38:00,1083.00,258.60
2024/11/08 07:38:00,1084.00,265.77
2024/11/08 07:38:00,1085.00,259.25
2024/11/08 07:38:00,1086.00,255.07
2024/11/08 07:38:00,1087.00,261.11
2024/11/08 07:38:00,1088.00,253.95
2024/11/08 07:38:00,1089.00,253.73
2024/11/08 07:38:00,1090.00,255.22
2024/11/08 07:38:00,1091.00,253.82
2024/11/08 07:38:00,1092.00,250.11
2024/11/08 07:38:00,1093.00,253.28
2024/11/08 07:38:00,1094.00,257.33
2024/11/08 07:38:00,1095.00,250.59
2024/11/08 07:38:00,1096.00,254.09
2024/11/08 07:38:00,1097.00,258.70
2024/11/08 07:38:00,1098.00,246.44
2024/11/08 07:38:00,1099.00,240.48
2024/11/08 07:38:00,1100.00,245.36
2024/11/08 07:39:00,Wavelength(nm),Irradiance(W/m2/um)
2024/11/08 07:39:00,300.00,8.92
2024/11/08 07:39:00,301.00,9.75
2024/11/08 07:39:00,302.00,10.39
2024/11/08 07:39:00,303.00,11.95
2024/11/08 07:39:00,304.00,13.89
2024/11/08 07:39:00,305.00,15.78
2024/11/08 07:39:00,306.00,18.33
2024/11/08 07:39:00,307.00,21.25
2024/11/08 07:39:00,308.00,24.82
2024/11/08 07:39:00,309.00,29.11
2024/11/08 07:39:00,310.00,33.98
2024/11/08 07:39:00,311.00,39.58
2024/11/08 07:39:00,312.00,45.75
2024/11/08 07:39:00,313.00,51.96
2024/11/08 07:39:00,314.00,58.92
2024/11/08 07:39:00,315.00,66.54
2024/11/08 07:39:00,316.00,74.23
2024/11/08 07:39:00,317.00,82.98
2024/11/08 07:39:00,318.00,91.22
2024/11/08 07:39:00,319.00,98.37
2024/11/08 07:39:00,320.00,105.90
2024/11/08 07:39:00,321.00,113.94
2024/11/08 07:39:00,322.00,122.72
2024/11/08 07:39:00,323.00,133.30
2024/11/08 07:39:00,324.00,145.17
2024/11/08 07:39:00,325.00,157.26
2024/11/08 07:39:00,326.00,170.02
2024/11/08 07:39:00,327.00,181.80
2024/11/08 07:39:00,328.00,191.71
2024/11/08 07:39:00,329.00,200.17
2024/11/08 07:39:00,330.00,207.11
2024/11/08 07:39:00,331.00,212.01
2024/11/08 07:39:00,332.00,215.51
2024/11/08 07:39:00,333.00,216.72
2024/11/08 07:39:00,334.00,216.98
2024/11/08 07:39:00,335.00,217.71
2024/11/08 07:39:00,336.00,219.17
2024/11/08 07:39:00,337.00,221.11
2024/11/08 07:39:00,338.00,224.88
2024/11/08 07:39:00,339.00,230.06
2024/11/08 07:39:00,340.00,234.12
2024/11/08 07:39:00,341.00,236.20
2024/11/08 07:39:00,342.00,237.18
2024/11/08 07:39:00,343.00,238.22
2024/11/08 07:39:00,344.00,238.32
2024/11/08 07:39:00,345.00,238.30
2024/11/08 07:39:00,346.00,239.12
2024/11/08 07:39:00,347.00,241.78
2024/11/08 07:39:00,348.00,245.07
2024/11/08 07:39:00,349.00,248.69
2024/11/08 07:39:00,350.00,252.95
2024/11/08 07:39:00,351.00,259.17
2024/11/08 07:39:00,352.00,265.03
2024/11/08 07:39:00,353.00,268.61
2024/11/08 07:39:00,354.00,268.52
2024/11/08 07:39:00,355.00,265.21
2024/11/08 07:39:00,356.00,260.74
2024/11/08 07:39:00,357.00,256.83
2024/11/08 07:39:00,358.00,253.51
2024/11/08 07:39:00,359.00,254.18
2024/11/08 07:39:00,360.00,259.77
2024/11/08 07:39:00,361.00,266.29
2024/11/08 07:39:00,362.00,273.67
2024/11/08 07:39:00,363.00,285.57
2024/11/08 07:39:00,364.00,298.42
2024/11/08 07:39:00,365.00,308.45
2024/11/08 07:39:00,366.00,317.69
2024/11/08 07:39:00,367.00,324.73
2024/11/08 07:39:00,368.00,327.67
2024/11/08 07:39:00,369.00,326.84
2024/11/08 07:39:00,370.00,322.94
2024/11/08 07:39:00,371.00,315.12
2024/11/08 07:39:00,372.00,307.21
2024/11/08 07:39:00,373.00,301.95
2024/11/08 07:39:00,374.00,302.72
2024/11/08 07:39:00,375.00,310.85
2024/11/08 07:39:00,376.00,322.12
2024/11/08 07:39:00,377.00,332.72
2024/11/08 07:39:00,378.00,340.27
2024/11/08 07:39:00,379.00,338.35
2024/11/08 07:39:00,380.00,324.45
2024/11/08 07:39:00,381.00,308.66
2024/11/08 07:39:00,382.00,296.02
2024/11/08 07:39:00,383.00,286.06
2024/11/08 07:39:00,384.00,282.32
2024/11/08 07:39:00,385.00,287.62
2024/11/08 07:39:00,386.00,296.87
2024/11/08 07:39:00,387.00,308.85
2024/11/08 07:39:00,388.00,323.08
2024/11/08 07:39:00,389.00,334.80
2024/11/08 07:39:00,390.00,336.99
2024/11/08 07:39:00,391.00,332.20
2024/11/08 07:39:00,392.00,327.46
2024/11/08 07:39:00,393.00,319.60
2024/11/08 07:39:00,394.00,310.16
2024/11/08 07:39:00,395.00,315.23
2024/11/08 07:39:00,396.00,338.51
2024/11/08 07:39:00,397.00,366.73
2024/11/08 07:39:00,398.00,399.75
2024/11/08 07:39:00,399.00,439.98
2024/11/08 07:39:00,400.00,476.04
2024/11/08 07:39:00,401.00,499.24
2024/11/08 07:39:00,402.00,512.09
2024/11/08 07:39:00,403.00,515.71
2024/11/08 07:39:00,404.00,513.52
2024/11/08 07:39:00,405.00,511.42
2024/11/08 07:39:00,406.00,511.09
2024/11/08 07:39:00,407.00,511.34
2024/11/08 07:39:00,408.00,513.81
2024/11/08 07:39:00,409.00,520.79
2024/11/08 07:39:00,410.00,528.17
2024/11/08 07:39:00,411.00,534.58
2024/11/08 07:39:00,412.00,541.32
2024/11/08 07:39:00,413.00,549.20
2024/11/08 07:39:00,414.00,554.19
2024/11/08 07:39:00,415.00,555.08
2024/11/08 07:39:00,416.00,555.02
2024/11/08 07:39:00,417.00,554.96
2024/11/08 07:39:00,418.00,554.78
2024/11/08 07:39:00,419.00,555.25
2024/11/08 07:39:00,420.00,556.75
2024/11/08 07:39:00,421.00,557.41
2024/11/08 07:39:00,422.00,558.93
2024/11/08 07:39:00,423.00,559.48
2024/11/08 07:39:00,424.00,557.56
2024/11/08 07:39:00,425.00,554.95
2024/11/08 07:39:00,426.00,551.03
2024/11/08 07:39:00,427.00,540.19
2024/11/08 07:39:00,428.00,525.73
2024/11/08 07:39:00,429.00,516.85
2024/11/08 07:39:00,430.00,516.35
2024/11/08 07:39:00,431.00,521.86
2024/11/08 07:39:00,432.00,535.64
2024/11/08 07:39:00,433.00,557.91
2024/11/08 07:39:00,434.00,579.40
2024/11/08 07:39:00,435.00,590.70
2024/11/08 07:39:00,436.00,596.22
2024/11/08 07:39:00,437.00,601.09
2024/11/08 07:39:00,438.00,604.94
2024/11/08 07:39:00,439.00,609.37
2024/11/08 07:39:00,440.00,618.55
2024/11/08 07:39:00,441.00,632.61
2024/11/08 07:39:00,442.00,645.01
2024/11/08 07:39:00,443.00,653.48
2024/11/08 07:39:00,444.00,659.30
2024/11/08 07:39:00,445.00,664.67
2024/11/08 07:39:00,446.00,670.24
2024/11/08 07:39:00,447.00,679.22
2024/11/08 07:39:00,448.00,691.76
2024/11/08 07:39:00,449.00,703.12
2024/11/08 07:39:00,450.00,708.03
2024/11/08 07:39:00,451.00,709.56
2024/11/08 07:39:00,452.00,709.96
2024/11/08 07:39:00,453.00,708.04
2024/11/08 07:39:00,454.00,709.43
2024/11/08 07:39:00,455.00,713.98
2024/11/08 07:39:00,456.00,718.84
2024/11/08 07:39:00,457.00,722.15
2024/11/08 07:39:00,458.00,726.57
2024/11/08 07:39:00,459.00,729.77
2024/11/08 07:39:00,460.00,732.22
2024/11/08 07:39:00,461.00,735.59
2024/11/08 07:39:00,462.00,739.35
2024/11/08 07:39:00,463.00,738.37
2024/11/08 07:39:00,464.00,735.71
2024/11/08 07:39:00,465.00,731.93
2024/11/08 07:39:00,466.00,729.86
2024/11/08 07:39:00,467.00,726.53
2024/11/08 07:39:00,468.00,725.30
2024/11/08 07:39:00,469.00,725.63
2024/11/08 07:39:00,470.00,726.72
2024/11/08 07:39:00,471.00,727.23
2024/11/08 07:39:00,472.00,728.30
2024/11/08 07:39:00,473.00,731.50
2024/11/08 07:39:00,474.00,731.75
2024/11/08 07:39:00,475.00,733.94
2024/11/08 07:39:00,476.00,736.71
2024/11/08 07:39:00,477.00,740.38
2024/11/08 07:39:00,478.00,743.76
2024/11/08 07:39:00,479.00,747.57
2024/11/08 07:39:00,480.00,749.40
2024/11/08 07:39:00,481.00,748.97
2024/11/08 07:39:00,482.00,743.86
2024/11/08 07:39:00,483.00,732.60
2024/11/08 07:39:00,484.00,716.82
2024/11/08 07:39:00,485.00,702.33
2024/11/08 07:39:00,486.00,694.10
2024/11/08 07:39:00,487.00,693.27
2024/11/08 07:39:00,488.00,697.82
2024/11/08 07:39:00,489.00,706.49
2024/11/08 07:39:00,490.00,714.05
2024/11/08 07:39:00,491.00,718.97
2024/11/08 07:39:00,492.00,719.80
2024/11/08 07:39:00,493.00,722.56
2024/11/08 07:39:00,494.00,726.17
2024/11/08 07:39:00,495.00,729.35
2024/11/08 07:39:00,496.00,729.53
2024/11/08 07:39:00,497.00,726.72
2024/11/08 07:39:00,498.00,720.73
2024/11/08 07:39:00,499.00,713.81
2024/11/08 07:39:00,500.00,707.11
2024/11/08 07:39:00,501.00,702.96
2024/11/08 07:39:00,502.00,701.53
2024/11/08 07:39:00,503.00,703.52
2024/11/08 07:39:00,504.00,707.41
2024/11/08 07:39:00,505.00,711.19
2024/11/08 07:39:00,506.00,713.63
2024/11/08 07:39:00,507.00,716.82
2024/11/08 07:39:00,508.00,718.97
2024/11/08 07:39:00,509.00,717.83
2024/11/08 07:39:00,510.00,717.59
2024/11/08 07:39:00,511.00,715.74
2024/11/08 07:39:00,512.00,711.15
2024/11/08 07:39:00,513.00,703.55
2024/11/08 07:39:00,514.00,692.55
2024/11/08 07:39:00,515.00,679.11
2024/11/08 07:39:00,516.00,668.82
2024/11/08 07:39:00,517.00,662.71
2024/11/08 07:39:00,518.00,661.28
2024/11/08 07:39:00,519.00,665.95
2024/11/08 07:39:00,520.00,674.43
2024/11/08 07:39:00,521.00,682.23
2024/11/08 07:39:00,522.00,691.31
2024/11/08 07:39:00,523.00,693.85
2024/11/08 07:39:00,524.00,692.17
2024/11/08 07:39:00,525.00,690.86
2024/11/08 07:39:00,526.00,691.11
2024/11/08 07:39:00,527.00,689.46
2024/11/08 07:39:00,528.00,692.69
2024/11/08 07:39:00,529.00,698.30
2024/11/08 07:39:00,530.00,700.17
2024/11/08 07:39:00,531.00,702.21
2024/11/08 07:39:00,532.00,704.32
2024/11/08 07:39:00,533.00,701.85
2024/11/08 07:39:00,534.00,701.38
2024/11/08 07:39:00,535.00,703.47
2024/11/08 07:39:00,536.00,702.60
2024/11/08 07:39:00,537.00,698.61
2024/11/08 07:39:00,538.00,695.67
2024/11/08 07:39:00,539.00,692.56
2024/11/08 07:39:00,540.00,689.96
2024/11/08 07:39:00,541.00,688.33
2024/11/08 07:39:00,542.00,690.13
2024/11/08 07:39:00,543.00,691.89
2024/11/08 07:39:00,544.00,692.94
2024/11/08 07:39:00,545.00,693.35
2024/11/08 07:39:00,546.00,694.75
2024/11/08 07:39:00,547.00,694.28
2024/11/08 07:39:00,548.00,694.04
2024/11/08 07:39:00,549.00,695.12
2024/11/08 07:39:00,550.00,696.02
2024/11/08 07:39:00,551.00,695.09
2024/11/08 07:39:00,552.00,695.61
2024/11/08 07:39:00,553.00,696.00
2024/11/08 07:39:00,554.00,694.21
2024/11/08 07:39:00,555.00,691.47
2024/11/08 07:39:00,556.00,687.19
2024/11/08 07:39:00,557.00,681.72
2024/11/08 07:39:00,558.00,677.02
2024/11/08 07:39:00,559.00,674.01
2024/11/08 07:39:00,560.00,671.78
2024/11/08 07:39:00,561.00,672.96
2024/11/08 07:39:00,562.00,673.07
2024/11/08 07:39:00,563.00,672.61
2024/11/08 07:39:00,564.00,672.96
2024/11/08 07:39:00,565.00,671.49
2024/11/08 07:39:00,566.00,668.42
2024/11/08 07:39:00,567.00,666.39
2024/11/08 07:39:00,568.00,663.33
2024/11/08 07:39:00,569.00,660.29
2024/11/08 07:39:00,570.00,659.34
2024/11/08 07:39:00,571.00,659.57
2024/11/08 07:39:00,572.00,658.06
2024/11/08 07:39:00,573.00,658.07
2024/11/08 07:39:00,574.00,658.53
2024/11/08 07:39:00,575.00,657.12
2024/11/08 07:39:00,576.00,654.81
2024/11/08 07:39:00,577.00,655.36
2024/11/08 07:39:00,578.00,656.45
2024/11/08 07:39:00,579.00,657.72
2024/11/08 07:39:00,580.00,660.55
2024/11/08 07:39:00,581.00,663.69
2024/11/08 07:39:00,582.00,666.84
2024/11/08 07:39:00,583.00,668.07
2024/11/08 07:39:00,584.00,667.18
2024/11/08 07:39:00,585.00,665.74
2024/11/08 07:39:00,586.00,660.64
2024/11/08 07:39:00,587.00,654.06
2024/11/08 07:39:00,588.00,650.21
2024/11/08 07:39:00,589.00,648.31
2024/11/08 07:39:00,590.00,645.42
2024/11/08 07:39:00,591.00,646.29
2024/11/08 07:39:00,592.00,648.49
2024/11/08 07:39:00,593.00,649.97
2024/11/08 07:39:00,594.00,648.92
2024/11/08 07:39:00,595.00,650.03
2024/11/08 07:39:00,596.00,651.06
2024/11/08 07:39:00,597.00,650.25
2024/11/08 07:39:00,598.00,648.13
2024/11/08 07:39:00,599.00,646.38
2024/11/08 07:39:00,600.00,643.24
2024/11/08 07:39:00,601.00,642.20
2024/11/08 07:39:00,602.00,641.89
2024/11/08 07:39:00,603.00,643.05
2024/11/08 07:39:00,604.00,643.93
2024/11/08 07:39:00,605.00,644.58
2024/11/08 07:39:00,606.00,643.84
2024/11/08 07:39:00,607.00,641.71
2024/11/08 07:39:00,608.00,638.61
2024/11/08 07:39:00,609.00,637.22
2024/11/08 07:39:00,610.00,634.82
2024/11/08 07:39:00,611.00,632.05
2024/11/08 07:39:00,612.00,631.15
2024/11/08 07:39:00,613.00,629.77
2024/11/08 07:39:00,614.00,627.15
2024/11/08 07:39:00,615.00,625.70
2024/11/08 07:39:00,616.00,625.49
2024/11/08 07:39:00,617.00,625.72
2024/11/08 07:39:00,618.00,625.95
2024/11/08 07:39:00,619.00,627.09
2024/11/08 07:39:00,620.00,628.57
2024/11/08 07:39:00,621.00,628.52
2024/11/08 07:39:00,622.00,626.50
2024/11/08 07:39:00,623.00,624.71
2024/11/08 07:39:00,624.00,622.23
2024/11/08 07:39:00,625.00,618.48
2024/11/08 07:39:00,626.00,614.77
2024/11/08 07:39:00,627.00,611.72
2024/11/08 07:39:00,628.00,609.27
2024/11/08 07:39:00,629.00,607.13
2024/11/08 07:39:00,630.00,607.48
2024/11/08 07:39:00,631.00,608.51
2024/11/08 07:39:00,632.00,610.45
2024/11/08 07:39:00,633.00,612.57
2024/11/08 07:39:00,634.00,615.24
2024/11/08 07:39:00,635.00,616.66
2024/11/08 07:39:00,636.00,618.60
2024/11/08 07:39:00,637.00,619.84
2024/11/08 07:39:00,638.00,619.45
2024/11/08 07:39:00,639.00,619.11
2024/11/08 07:39:00,640.00,619.42
2024/11/08 07:39:00,641.00,619.24
2024/11/08 07:39:00,642.00,619.63
2024/11/08 07:39:00,643.00,620.53
2024/11/08 07:39:00,644.00,620.47
2024/11/08 07:39:00,645.00,619.09
2024/11/08 07:39:00,646.00,616.70
2024/11/08 07:39:00,647.00,614.32
2024/11/08 07:39:00,648.00,612.22
2024/11/08 07:39:00,649.00,611.23
2024/11/08 07:39:00,650.00,611.16
2024/11/08 07:39:00,651.00,611.03
2024/11/08 07:39:00,652.00,608.94
2024/11/08 07:39:00,653.00,603.34
2024/11/08 07:39:00,654.00,596.34
2024/11/08 07:39:00,655.00,591.77
2024/11/08 07:39:00,656.00,588.23
2024/11/08 07:39:00,657.00,586.61
2024/11/08 07:39:00,658.00,591.15
2024/11/08 07:39:00,659.00,596.26
2024/11/08 07:39:00,660.00,599.66
2024/11/08 07:39:00,661.00,603.50
2024/11/08 07:39:00,662.00,607.75
2024/11/08 07:39:00,663.00,609.80
2024/11/08 07:39:00,664.00,611.27
2024/11/08 07:39:00,665.00,613.26
2024/11/08 07:39:00,666.00,613.97
2024/11/08 07:39:00,667.00,613.85
2024/11/08 07:39:00,668.00,613.51
2024/11/08 07:39:00,669.00,613.41
2024/11/08 07:39:00,670.00,612.57
2024/11/08 07:39:00,671.00,612.30
2024/11/08 07:39:00,672.00,612.25
2024/11/08 07:39:00,673.00,612.65
2024/11/08 07:39:00,674.00,613.13
2024/11/08 07:39:00,675.00,612.84
2024/11/08 07:39:00,676.00,611.88
2024/11/08 07:39:00,677.00,611.23
2024/11/08 07:39:00,678.00,610.28
2024/11/08 07:39:00,679.00,610.04
2024/11/08 07:39:00,680.00,609.25
2024/11/08 07:39:00,681.00,608.53
2024/11/08 07:39:00,682.00,607.67
2024/11/08 07:39:00,683.00,601.45
2024/11/08 07:39:00,684.00,587.94
2024/11/08 07:39:00,685.00,571.87
2024/11/08 07:39:00,686.00,555.53
2024/11/08 07:39:00,687.00,539.08
2024/11/08 07:39:00,688.00,528.32
2024/11/08 07:39:00,689.00,525.31
2024/11/08 07:39:00,690.00,530.11
2024/11/08 07:39:00,691.00,536.45
2024/11/08 07:39:00,692.00,542.88
2024/11/08 07:39:00,693.00,551.46
2024/11/08 07:39:00,694.00,558.68
2024/11/08 07:39:00,695.00,562.46
2024/11/08 07:39:00,696.00,566.59
2024/11/08 07:39:00,697.00,569.60
2024/11/08 07:39:00,698.00,571.70
2024/11/08 07:39:00,699.00,572.70
2024/11/08 07:39:00,700.00,573.07
2024/11/08 07:39:00,701.00,572.22
2024/11/08 07:39:00,702.00,573.70
2024/11/08 07:39:00,703.00,572.99
2024/11/08 07:39:00,704.00,573.06
2024/11/08 07:39:00,705.00,573.83
2024/11/08 07:39:00,706.00,575.44
2024/11/08 07:39:00,707.00,576.41
2024/11/08 07:39:00,708.00,577.51
2024/11/08 07:39:00,709.00,577.16
2024/11/08 07:39:00,710.00,577.68
2024/11/08 07:39:00,711.00,575.02
2024/11/08 07:39:00,712.00,572.24
2024/11/08 07:39:00,713.00,570.93
2024/11/08 07:39:00,714.00,566.43
2024/11/08 07:39:00,715.00,558.92
2024/11/08 07:39:00,716.00,551.39
2024/11/08 07:39:00,717.00,541.75
2024/11/08 07:39:00,718.00,532.09
2024/11/08 07:39:00,719.00,527.86
2024/11/08 07:39:00,720.00,525.58
2024/11/08 07:39:00,721.00,525.15
2024/11/08 07:39:00,722.00,524.62
2024/11/08 07:39:00,723.00,523.91
2024/11/08 07:39:00,724.00,523.42
2024/11/08 07:39:00,725.00,522.09
2024/11/08 07:39:00,726.00,519.92
2024/11/08 07:39:00,727.00,521.36
2024/11/08 07:39:00,728.00,522.43
2024/11/08 07:39:00,729.00,523.12
2024/11/08 07:39:00,730.00,527.05
2024/11/08 07:39:00,731.00,531.46
2024/11/08 07:39:00,732.00,534.62
2024/11/08 07:39:00,733.00,537.70
2024/11/08 07:39:00,734.00,539.57
2024/11/08 07:39:00,735.00,538.70
2024/11/08 07:39:00,736.00,539.02
2024/11/08 07:39:00,737.00,536.85
2024/11/08 07:39:00,738.00,536.71
2024/11/08 07:39:00,739.00,535.01
2024/11/08 07:39:00,740.00,534.38
2024/11/08 07:39:00,741.00,534.24
2024/11/08 07:39:00,742.00,535.34
2024/11/08 07:39:00,743.00,533.11
2024/11/08 07:39:00,744.00,534.75
2024/11/08 07:39:00,745.00,535.18
2024/11/08 07:39:00,746.00,534.07
2024/11/08 07:39:00,747.00,533.63
2024/11/08 07:39:00,748.00,534.72
2024/11/08 07:39:00,749.00,532.29
2024/11/08 07:39:00,750.00,531.58
2024/11/08 07:39:00,751.00,529.36
2024/11/08 07:39:00,752.00,527.96
2024/11/08 07:39:00,753.00,527.05
2024/11/08 07:39:00,754.00,525.05
2024/11/08 07:39:00,755.00,521.23
2024/11/08 07:39:00,756.00,510.88
2024/11/08 07:39:00,757.00,483.08
2024/11/08 07:39:00,758.00,445.17
2024/11/08 07:39:00,759.00,407.13
2024/11/08 07:39:00,760.00,367.38
2024/11/08 07:39:00,761.00,334.92
2024/11/08 07:39:00,762.00,320.03
2024/11/08 07:39:00,763.00,319.53
2024/11/08 07:39:00,764.00,327.72
2024/11/08 07:39:00,765.00,343.91
2024/11/08 07:39:00,766.00,363.84
2024/11/08 07:39:00,767.00,387.69
2024/11/08 07:39:00,768.00,409.65
2024/11/08 07:39:00,769.00,427.06
2024/11/08 07:39:00,770.00,445.00
2024/11/08 07:39:00,771.00,459.91
2024/11/08 07:39:00,772.00,469.31
2024/11/08 07:39:00,773.00,478.96
2024/11/08 07:39:00,774.00,484.87
2024/11/08 07:39:00,775.00,487.28
2024/11/08 07:39:00,776.00,490.81
2024/11/08 07:39:00,777.00,493.69
2024/11/08 07:39:00,778.00,492.99
2024/11/08 07:39:00,779.00,495.46
2024/11/08 07:39:00,780.00,497.93
2024/11/08 07:39:00,781.00,497.60
2024/11/08 07:39:00,782.00,499.01
2024/11/08 07:39:00,783.00,499.50
2024/11/08 07:39:00,784.00,498.55
2024/11/08 07:39:00,785.00,496.46
2024/11/08 07:39:00,786.00,495.78
2024/11/08 07:39:00,787.00,492.87
2024/11/08 07:39:00,788.00,491.87
2024/11/08 07:39:00,789.00,489.33
2024/11/08 07:39:00,790.00,488.27
2024/11/08 07:39:00,791.00,484.66
2024/11/08 07:39:00,792.00,484.58
2024/11/08 07:39:00,793.00,482.46
2024/11/08 07:39:00,794.00,483.44
2024/11/08 07:39:00,795.00,481.63
2024/11/08 07:39:00,796.00,483.42
2024/11/08 07:39:00,797.00,482.15
2024/11/08 07:39:00,798.00,481.72
2024/11/08 07:39:00,799.00,480.81
2024/11/08 07:39:00,800.00,480.74
2024/11/08 07:39:00,801.00,479.80
2024/11/08 07:39:00,802.00,479.59
2024/11/08 07:39:00,803.00,480.16
2024/11/08 07:39:00,804.00,480.27
2024/11/08 07:39:00,805.00,482.37
2024/11/08 07:39:00,806.00,484.71
2024/11/08 07:39:00,807.00,484.42
2024/11/08 07:39:00,808.00,483.12
2024/11/08 07:39:00,809.00,482.48
2024/11/08 07:39:00,810.00,478.34
2024/11/08 07:39:00,811.00,473.87
2024/11/08 07:39:00,812.00,469.40
2024/11/08 07:39:00,813.00,464.64
2024/11/08 07:39:00,814.00,458.39
2024/11/08 07:39:00,815.00,455.27
2024/11/08 07:39:00,816.00,452.97
2024/11/08 07:39:00,817.00,450.30
2024/11/08 07:39:00,818.00,450.50
2024/11/08 07:39:00,819.00,450.27
2024/11/08 07:39:00,820.00,447.53
2024/11/08 07:39:00,821.00,450.30
2024/11/08 07:39:00,822.00,450.46
2024/11/08 07:39:00,823.00,452.10
2024/11/08 07:39:00,824.00,453.81
2024/11/08 07:39:00,825.00,453.16
2024/11/08 07:39:00,826.00,452.18
2024/11/08 07:39:00,827.00,451.40
2024/11/08 07:39:00,828.00,448.14
2024/11/08 07:39:00,829.00,449.90
2024/11/08 07:39:00,830.00,451.18
2024/11/08 07:39:00,831.00,449.39
2024/11/08 07:39:00,832.00,448.86
2024/11/08 07:39:00,833.00,447.89
2024/11/08 07:39:00,834.00,444.48
2024/11/08 07:39:00,835.00,444.36
2024/11/08 07:39:00,836.00,443.92
2024/11/08 07:39:00,837.00,443.43
2024/11/08 07:39:00,838.00,444.67
2024/11/08 07:39:00,839.00,444.19
2024/11/08 07:39:00,840.00,442.16
2024/11/08 07:39:00,841.00,440.40
2024/11/08 07:39:00,842.00,436.99
2024/11/08 07:39:00,843.00,435.10
2024/11/08 07:39:00,844.00,433.02
2024/11/08 07:39:00,845.00,430.75
2024/11/08 07:39:00,846.00,431.13
2024/11/08 07:39:00,847.00,428.71
2024/11/08 07:39:00,848.00,424.99
2024/11/08 07:39:00,849.00,423.58
2024/11/08 07:39:00,850.00,420.30
2024/11/08 07:39:00,851.00,414.28
2024/11/08 07:39:00,852.00,410.95
2024/11/08 07:39:00,853.00,409.15
2024/11/08 07:39:00,854.00,406.27
2024/11/08 07:39:00,855.00,408.27
2024/11/08 07:39:00,856.00,411.71
2024/11/08 07:39:00,857.00,414.80
2024/11/08 07:39:00,858.00,417.09
2024/11/08 07:39:00,859.00,417.72
2024/11/08 07:39:00,860.00,418.93
2024/11/08 07:39:00,861.00,419.50
2024/11/08 07:39:00,862.00,417.30
2024/11/08 07:39:00,863.00,414.74
2024/11/08 07:39:00,864.00,410.15
2024/11/08 07:39:00,865.00,405.07
2024/11/08 07:39:00,866.00,403.64
2024/11/08 07:39:00,867.00,402.60
2024/11/08 07:39:00,868.00,402.08
2024/11/08 07:39:00,869.00,406.05
2024/11/08 07:39:00,870.00,406.06
2024/11/08 07:39:00,871.00,405.60
2024/11/08 07:39:00,872.00,407.05
2024/11/08 07:39:00,873.00,406.34
2024/11/08 07:39:00,874.00,405.97
2024/11/08 07:39:00,875.00,408.19
2024/11/08 07:39:00,876.00,407.21
2024/11/08 07:39:00,877.00,406.10
2024/11/08 07:39:00,878.00,405.54
2024/11/08 07:39:00,879.00,403.95
2024/11/08 07:39:00,880.00,402.39
2024/11/08 07:39:00,881.00,402.09
2024/11/08 07:39:00,882.00,401.47
2024/11/08 07:39:00,883.00,402.00
2024/11/08 07:39:00,884.00,401.53
2024/11/08 07:39:00,885.00,400.88
2024/11/08 07:39:00,886.00,401.31
2024/11/08 07:39:00,887.00,400.68
2024/11/08 07:39:00,888.00,399.83
2024/11/08 07:39:00,889.00,399.21
2024/11/08 07:39:00,890.00,396.34
2024/11/08 07:39:00,891.00,393.99
2024/11/08 07:39:00,892.00,390.34
2024/11/08 07:39:00,893.00,384.31
2024/11/08 07:39:00,894.00,379.23
2024/11/08 07:39:00,895.00,372.72
2024/11/08 07:39:00,896.00,364.21
2024/11/08 07:39:00,897.00,357.83
2024/11/08 07:39:00,898.00,350.79
2024/11/08 07:39:00,899.00,344.82
2024/11/08 07:39:00,900.00,342.37
2024/11/08 07:39:00,901.00,342.30
2024/11/08 07:39:00,902.00,343.56
2024/11/08 07:39:00,903.00,347.24
2024/11/08 07:39:00,904.00,348.67
2024/11/08 07:39:00,905.00,348.68
2024/11/08 07:39:00,906.00,345.96
2024/11/08 07:39:00,907.00,342.40
2024/11/08 07:39:00,908.00,339.86
2024/11/08 07:39:00,909.00,337.25
2024/11/08 07:39:00,910.00,335.25
2024/11/08 07:39:00,911.00,335.32
2024/11/08 07:39:00,912.00,333.01
2024/11/08 07:39:00,913.00,330.68
2024/11/08 07:39:00,914.00,330.16
2024/11/08 07:39:00,915.00,327.89
2024/11/08 07:39:00,916.00,328.18
2024/11/08 07:39:00,917.00,330.35
2024/11/08 07:39:00,918.00,331.93
2024/11/08 07:39:00,919.00,333.97
2024/11/08 07:39:00,920.00,335.95
2024/11/08 07:39:00,921.00,336.38
2024/11/08 07:39:00,922.00,336.73
2024/11/08 07:39:00,923.00,334.74
2024/11/08 07:39:00,924.00,333.65
2024/11/08 07:39:00,925.00,332.42
2024/11/08 07:39:00,926.00,326.05
2024/11/08 07:39:00,927.00,319.21
2024/11/08 07:39:00,928.00,310.68
2024/11/08 07:39:00,929.00,295.68
2024/11/08 07:39:00,930.00,279.38
2024/11/08 07:39:00,931.00,262.73
2024/11/08 07:39:00,932.00,244.38
2024/11/08 07:39:00,933.00,229.64
2024/11/08 07:39:00,934.00,218.67
2024/11/08 07:39:00,935.00,211.36
2024/11/08 07:39:00,936.00,210.58
2024/11/08 07:39:00,937.00,213.77
2024/11/08 07:39:00,938.00,219.13
2024/11/08 07:39:00,939.00,224.12
2024/11/08 07:39:00,940.00,227.62
2024/11/08 07:39:00,941.00,228.91
2024/11/08 07:39:00,942.00,227.35
2024/11/08 07:39:00,943.00,224.42
2024/11/08 07:39:00,944.00,223.10
2024/11/08 07:39:00,945.00,222.44
2024/11/08 07:39:00,946.00,222.19
2024/11/08 07:39:00,947.00,225.13
2024/11/08 07:39:00,948.00,226.05
2024/11/08 07:39:00,949.00,227.51
2024/11/08 07:39:00,950.00,229.85
2024/11/08 07:39:00,951.00,230.56
2024/11/08 07:39:00,952.00,229.75
2024/11/08 07:39:00,953.00,231.07
2024/11/08 07:39:00,954.00,231.57
2024/11/08 07:39:00,955.00,233.87
2024/11/08 07:39:00,956.00,236.33
2024/11/08 07:39:00,957.00,239.76
2024/11/08 07:39:00,958.00,243.44
2024/11/08 07:39:00,959.00,246.08
2024/11/08 07:39:00,960.00,249.58
2024/11/08 07:39:00,961.00,254.48
2024/11/08 07:39:00,962.00,257.08
2024/11/08 07:39:00,963.00,261.06
2024/11/08 07:39:00,964.00,266.65
2024/11/08 07:39:00,965.00,270.05
2024/11/08 07:39:00,966.00,276.74
2024/11/08 07:39:00,967.00,284.05
2024/11/08 07:39:00,968.00,289.68
2024/11/08 07:39:00,969.00,294.69
2024/11/08 07:39:00,970.00,298.10
2024/11/08 07:39:00,971.00,297.88
2024/11/08 07:39:00,972.00,296.88
2024/11/08 07:39:00,973.00,295.37
2024/11/08 07:39:00,974.00,293.97
2024/11/08 07:39:00,975.00,293.11
2024/11/08 07:39:00,976.00,293.64
2024/11/08 07:39:00,977.00,294.99
2024/11/08 07:39:00,978.00,296.80
2024/11/08 07:39:00,979.00,299.00
2024/11/08 07:39:00,980.00,302.75
2024/11/08 07:39:00,981.00,304.77
2024/11/08 07:39:00,982.00,307.01
2024/11/08 07:39:00,983.00,310.41
2024/11/08 07:39:00,984.00,311.08
2024/11/08 07:39:00,985.00,311.53
2024/11/08 07:39:00,986.00,313.48
2024/11/08 07:39:00,987.00,313.93
2024/11/08 07:39:00,988.00,313.93
2024/11/08 07:39:00,989.00,315.52
2024/11/08 07:39:00,990.00,315.82
2024/11/08 07:39:00,991.00,315.61
2024/11/08 07:39:00,992.00,315.43
2024/11/08 07:39:00,993.00,315.35
2024/11/08 07:39:00,994.00,315.12
2024/11/08 07:39:00,995.00,313.30
2024/11/08 07:39:00,996.00,313.67
2024/11/08 07:39:00,997.00,313.46
2024/11/08 07:39:00,998.00,311.58
2024/11/08 07:39:00,999.00,311.25
2024/11/08 07:39:00,1000.00,312.05
2024/11/08 07:39:00,1001.00,309.97
2024/11/08 07:39:00,1002.00,308.37
2024/11/08 07:39:00,1003.00,307.42
2024/11/08 07:39:00,1004.00,305.16
2024/11/08 07:39:00,1005.00,304.29
2024/11/08 07:39:00,1006.00,303.79
2024/11/08 07:39:00,1007.00,303.18
2024/11/08 07:39:00,1008.00,303.65
2024/11/08 07:39:00,1009.00,304.17
2024/11/08 07:39:00,1010.00,304.42
2024/11/08 07:39:00,1011.00,303.64
2024/11/08 07:39:00,1012.00,303.76
2024/11/08 07:39:00,1013.00,304.27
2024/11/08 07:39:00,1014.00,302.32
2024/11/08 07:39:00,1015.00,301.99
2024/11/08 07:39:00,1016.00,303.82
2024/11/08 07:39:00,1017.00,301.39
2024/11/08 07:39:00,1018.00,300.56
2024/11/08 07:39:00,1019.00,301.43
2024/11/08 07:39:00,1020.00,300.14
2024/11/08 07:39:00,1021.00,299.09
2024/11/08 07:39:00,1022.00,298.89
2024/11/08 07:39:00,1023.00,298.00
2024/11/08 07:39:00,1024.00,295.69
2024/11/08 07:39:00,1025.00,295.11
2024/11/08 07:39:00,1026.00,294.14
2024/11/08 07:39:00,1027.00,292.15
2024/11/08 07:39:00,1028.00,290.96
2024/11/08 07:39:00,1029.00,291.67
2024/11/08 07:39:00,1030.00,289.95
2024/11/08 07:39:00,1031.00,289.17
2024/11/08 07:39:00,1032.00,290.25
2024/11/08 07:39:00,1033.00,289.51
2024/11/08 07:39:00,1034.00,289.47
2024/11/08 07:39:00,1035.00,291.39
2024/11/08 07:39:00,1036.00,289.63
2024/11/08 07:39:00,1037.00,287.51
2024/11/08 07:39:00,1038.00,289.39
2024/11/08 07:39:00,1039.00,286.56
2024/11/08 07:39:00,1040.00,284.62
2024/11/08 07:39:00,1041.00,286.15
2024/11/08 07:39:00,1042.00,286.19
2024/11/08 07:39:00,1043.00,284.29
2024/11/08 07:39:00,1044.00,285.38
2024/11/08 07:39:00,1045.00,285.17
2024/11/08 07:39:00,1046.00,284.01
2024/11/08 07:39:00,1047.00,281.98
2024/11/08 07:39:00,1048.00,282.99
2024/11/08 07:39:00,1049.00,281.51
2024/11/08 07:39:00,1050.00,278.44
2024/11/08 07:39:00,1051.00,282.05
2024/11/08 07:39:00,1052.00,279.52
2024/11/08 07:39:00,1053.00,276.03
2024/11/08 07:39:00,1054.00,277.77
2024/11/08 07:39:00,1055.00,275.93
2024/11/08 07:39:00,1056.00,274.13
2024/11/08 07:39:00,1057.00,276.80
2024/11/08 07:39:00,1058.00,276.50
2024/11/08 07:39:00,1059.00,274.93
2024/11/08 07:39:00,1060.00,272.92
2024/11/08 07:39:00,1061.00,272.22
2024/11/08 07:39:00,1062.00,269.82
2024/11/08 07:39:00,1063.00,266.30
2024/11/08 07:39:00,1064.00,266.98
2024/11/08 07:39:00,1065.00,264.78
2024/11/08 07:39:00,1066.00,261.58
2024/11/08 07:39:00,1067.00,263.33
2024/11/08 07:39:00,1068.00,263.72
2024/11/08 07:39:00,1069.00,261.16
2024/11/08 07:39:00,1070.00,263.97
2024/11/08 07:39:00,1071.00,265.68
2024/11/08 07:39:00,1072.00,263.93
2024/11/08 07:39:00,1073.00,264.70
2024/11/08 07:39:00,1074.00,268.07
2024/11/08 07:39:00,1075.00,266.44
2024/11/08 07:39:00,1076.00,267.15
2024/11/08 07:39:00,1077.00,270.55
2024/11/08 07:39:00,1078.00,267.38
2024/11/08 07:39:00,1079.00,264.64
2024/11/08 07:39:00,1080.00,265.09
2024/11/08 07:39:00,1081.00,260.00
2024/11/08 07:39:00,1082.00,256.74
2024/11/08 07:39:00,1083.00,259.35
2024/11/08 07:39:00,1084.00,262.33
2024/11/08 07:39:00,1085.00,261.25
2024/11/08 07:39:00,1086.00,265.27
2024/11/08 07:39:00,1087.00,266.13
2024/11/08 07:39:00,1088.00,259.71
2024/11/08 07:39:00,1089.00,258.08
2024/11/08 07:39:00,1090.00,259.32
2024/11/08 07:39:00,1091.00,253.82
2024/11/08 07:39:00,1092.00,251.25
2024/11/08 07:39:00,1093.00,257.07
2024/11/08 07:39:00,1094.00,253.12
2024/11/08 07:39:00,1095.00,249.49
2024/11/08 07:39:00,1096.00,254.20
2024/11/08 07:39:00,1097.00,250.59
2024/11/08 07:39:00,1098.00,241.31
2024/11/08 07:39:00,1099.00,247.23
2024/11/08 07:39:00,1100.00,249.16
2024/11/08 07:40:00,Wavelength(nm),Irradiance(W/m2/um)
2024/11/08 07:40:00,300.00,9.12
2024/11/08 07:40:00,301.00,9.78
2024/11/08 07:40:00,302.00,10.93
2024/11/08 07:40:00,303.00,12.24
2024/11/08 07:40:00,304.00,13.68
2024/11/08 07:40:00,305.00,15.67
2024/11/08 07:40:00,306.00,18.22
2024/11/08 07:40:00,307.00,21.10
2024/11/08 07:40:00,308.00,24.45
2024/11/08 07:40:00,309.00,28.99
2024/11/08 07:40:00,310.00,34.42
2024/11/08 07:40:00,311.00,39.96
2024/11/08 07:40:00,312.00,46.15
2024/11/08 07:40:00,313.00,53.16
2024/11/08 07:40:00,314.00,60.45
2024/11/08 07:40:00,315.00,67.67
2024/11/08 07:40:00,316.00,75.81
2024/11/08 07:40:00,317.00,84.32
2024/11/08 07:40:00,318.00,91.94
2024/11/08 07:40:00,319.00,98.87
2024/11/08 07:40:00,320.00,106.36
2024/11/08 07:40:00,321.00,114.25
2024/11/08 07:40:00,322.00,123.44
2024/11/08 07:40:00,323.00,134.36
2024/11/08 07:40:00,324.00,146.49
2024/11/08 07:40:00,325.00,158.66
2024/11/08 07:40:00,326.00,171.35
2024/11/08 07:40:00,327.00,183.65
2024/11/08 07:40:00,328.00,193.83
2024/11/08 07:40:00,329.00,201.93
2024/11/08 07:40:00,330.00,209.21
2024/11/08 07:40:00,331.00,214.39
2024/11/08 07:40:00,332.00,216.90
2024/11/08 07:40:00,333.00,217.88
2024/11/08 07:40:00,334.00,218.75
2024/11/08 07:40:00,335.00,219.28
2024/11/08 07:40:00,336.00,220.63
2024/11/08 07:40:00,337.00,222.97
2024/11/08 07:40:00,338.00,226.73
2024/11/08 07:40:00,339.00,231.28
2024/11/08 07:40:00,340.00,235.40
2024/11/08 07:40:00,341.00,237.65
2024/11/08 07:40:00,342.00,238.66
2024/11/08 07:40:00,343.00,239.78
2024/11/08 07:40:00,344.00,240.27
2024/11/08 07:40:00,345.00,240.40
2024/11/08 07:40:00,346.00,241.45
2024/11/08 07:40:00,347.00,244.21
2024/11/08 07:40:00,348.00,247.95
2024/11/08 07:40:00,349.00,251.33
2024/11/08 07:40:00,350.00,255.43
2024/11/08 07:40:00,351.00,261.64
2024/11/08 07:40:00,352.00,267.36
2024/11/08 07:40:00,353.00,270.36
2024/11/08 07:40:00,354.00,270.78
2024/11/08 07:40:00,355.00,267.63
2024/11/08 07:40:00,356.00,263.04
2024/11/08 07:40:00,357.00,259.13
2024/11/08 07:40:00,358.00,255.98
2024/11/08 07:40:00,359.00,256.27
2024/11/08 07:40:00,360.00,262.04
2024/11/08 07:40:00,361.00,268.44
2024/11/08 07:40:00,362.00,276.29
2024/11/08 07:40:00,363.00,287.93
2024/11/08 07:40:00,364.00,300.97
2024/11/08 07:40:00,365.00,311.38
2024/11/08 07:40:00,366.00,320.75
2024/11/08 07:40:00,367.00,327.81
2024/11/08 07:40:00,368.00,331.28
2024/11/08 07:40:00,369.00,330.67
2024/11/08 07:40:00,370.00,326.09
2024/11/08 07:40:00,371.00,317.81
2024/11/08 07:40:00,372.00,309.67
2024/11/08 07:40:00,373.00,304.25
2024/11/08 07:40:00,374.00,304.69
2024/11/08 07:40:00,375.00,313.11
2024/11/08 07:40:00,376.00,324.95
2024/11/08 07:40:00,377.00,335.70
2024/11/08 07:40:00,378.00,343.28
2024/11/08 07:40:00,379.00,341.32
2024/11/08 07:40:00,380.00,327.46
2024/11/08 07:40:00,381.00,311.26
2024/11/08 07:40:00,382.00,298.50
2024/11/08 07:40:00,383.00,288.57
2024/11/08 07:40:00,384.00,284.94
2024/11/08 07:40:00,385.00,290.01
2024/11/08 07:40:00,386.00,299.73
2024/11/08 07:40:00,387.00,311.77
2024/11/08 07:40:00,388.00,325.92
2024/11/08 07:40:00,389.00,337.83
2024/11/08 07:40:00,390.00,340.48
2024/11/08 07:40:00,391.00,335.11
2024/11/08 07:40:00,392.00,330.38
2024/11/08 07:40:00,393.00,322.36
2024/11/08 07:40:00,394.00,312.56
2024/11/08 07:40:00,395.00,317.14
2024/11/08 07:40:00,396.00,340.67
2024/11/08 07:40:00,397.00,369.00
2024/11/08 07:40:00,398.00,402.43
2024/11/08 07:40:00,399.00,442.68
2024/11/08 07:40:00,400.00,479.16
2024/11/08 07:40:00,401.00,502.82
2024/11/08 07:40:00,402.00,515.68
2024/11/08 07:40:00,403.00,519.18
2024/11/08 07:40:00,404.00,517.08
2024/11/08 07:40:00,405.00,515.13
2024/11/08 07:40:00,406.00,514.43
2024/11/08 07:40:00,407.00,514.79
2024/11/08 07:40:00,408.00,517.59
2024/11/08 07:40:00,409.00,524.74
2024/11/08 07:40:00,410.00,531.69
2024/11/08 07:40:00,411.00,538.42
2024/11/08 07:40:00,412.00,545.51
2024/11/08 07:40:00,413.00,553.30
2024/11/08 07:40:00,414.00,558.33
2024/11/08 07:40:00,415.00,560.10
2024/11/08 07:40:00,416.00,559.96
2024/11/08 07:40:00,417.00,559.25
2024/11/08 07:40:00,418.00,559.16
2024/11/08 07:40:00,419.00,559.55
2024/11/08 07:40:00,420.00,560.20
2024/11/08 07:40:00,421.00,561.52
2024/11/08 07:40:00,422.00,563.09
2024/11/08 07:40:00,423.00,563.41
2024/11/08 07:40:00,424.00,561.44
2024/11/08 07:40:00,425.00,559.77
2024/11/08 07:40:00,426.00,555.66
2024/11/08 07:40:00,427.00,545.19
2024/11/08 07:40:00,428.00,530.45
2024/11/08 07:40:00,429.00,522.10
2024/11/08 07:40:00,430.00,521.60
2024/11/08 07:40:00,431.00,526.82
2024/11/08 07:40:00,432.00,540.16
2024/11/08 07:40:00,433.00,562.23
2024/11/08 07:40:00,434.00,583.06
2024/11/08 07:40:00,435.00,594.08
2024/11/08 07:40:00,436.00,599.75
2024/11/08 07:40:00,437.00,604.68
2024/11/08 07:40:00,438.00,608.64
2024/11/08 07:40:00,439.00,613.06
2024/11/08 07:40:00,440.00,622.42
2024/11/08 07:40:00,441.00,636.18
2024/11/08 07:40:00,442.00,648.45
2024/11/08 07:40:00,443.00,657.69
2024/11/08 07:40:00,444.00,664.33
2024/11/08 07:40:00,445.00,670.04
2024/11/08 07:40:00,446.00,675.50
2024/11/08 07:40:00,447.00,684.90
2024/11/08 07:40:00,448.00,697.70
2024/11/08 07:40:00,449.00,708.80
2024/11/08 07:40:00,450.00,714.07
2024/11/08 07:40:00,451.00,715.80
2024/11/08 07:40:00,452.00,715.14
2024/11/08 07:40:00,453.00,712.98
2024/11/08 07:40:00,454.00,713.50
2024/11/08 07:40:00,455.00,717.52
2024/11/08 07:40:00,456.00,722.34
2024/11/08 07:40:00,457.00,727.40
2024/11/08 07:40:00,458.00,731.11
2024/11/08 07:40:00,459.00,734.62
2024/11/08 07:40:00,460.00,738.14
2024/11/08 07:40:00,461.00,741.32
2024/11/08 07:40:00,462.00,743.88
2024/11/08 07:40:00,463.00,743.47
2024/11/08 07:40:00,464.00,740.80
2024/11/08 07:40:00,465.00,736.22
2024/11/08 07:40:00,466.00,734.05
2024/11/08 07:40:00,467.00,730.51
2024/11/08 07:40:00,468.00,729.42
2024/11/08 07:40:00,469.00,729.84
2024/11/08 07:40:00,470.00,731.12
2024/11/08 07:40:00,471.00,732.08
2024/11/08 07:40:00,472.00,734.60
2024/11/08 07:40:00,473.00,737.51
2024/11/08 07:40:00,474.00,738.11
2024/11/08 07:40:00,475.00,739.93
2024/11/08 07:40:00,476.00,741.81
2024/11/08 07:40:00,477.00,745.82
2024/11/08 07:40:00,478.00,748.48
2024/11/08 07:40:00,479.00,752.22
2024/11/08 07:40:00,480.00,755.42
2024/11/08 07:40:00,481.00,755.49
2024/11/08 07:40:00,482.00,749.07
2024/11/08 07:40:00,483.00,738.55
2024/11/08 07:40:00,484.00,723.02
2024/11/08 07:40:00,485.00,707.58
2024/11/08 07:40:00,486.00,698.41
2024/11/08 07:40:00,487.00,696.06
2024/11/08 07:40:00,488.00,700.49
2024/11/08 07:40:00,489.00,709.61
2024/11/08 07:40:00,490.00,716.55
2024/11/08 07:40:00,491.00,722.33
2024/11/08 07:40:00,492.00,726.19
2024/11/08 07:40:00,493.00,728.48
2024/11/08 07:40:00,494.00,730.70
2024/11/08 07:40:00,495.00,734.67
2024/11/08 07:40:00,496.00,734.14
2024/11/08 07:40:00,497.00,730.55
2024/11/08 07:40:00,498.00,725.44
2024/11/08 07:40:00,499.00,719.20
2024/11/08 07:40:00,500.00,712.25
2024/11/08 07:40:00,501.00,709.22
2024/11/08 07:40:00,502.00,708.37
2024/11/08 07:40:00,503.00,710.09
2024/11/08 07:40:00,504.00,715.09
2024/11/08 07:40:00,505.00,719.39
2024/11/08 07:40:00,506.00,720.42
2024/11/08 07:40:00,507.00,721.78
2024/11/08 07:40:00,508.00,722.05
2024/11/08 07:40:00,509.00,720.39
2024/11/08 07:40:00,510.00,719.60
2024/11/08 07:40:00,511.00,716.78
2024/11/08 07:40:00,512.00,714.36
2024/11/08 07:40:00,513.00,707.73
2024/11/08 07:40:00,514.00,696.02
2024/11/08 07:40:00,515.00,682.17
2024/11/08 07:40:00,516.00,672.86
2024/11/08 07:40:00,517.00,664.83
2024/11/08 07:40:00,518.00,663.09
2024/11/08 07:40:00,519.00,667.59
2024/11/08 07:40:00,520.00,676.57
2024/11/08 07:40:00,521.00,686.40
2024/11/08 07:40:00,522.00,694.68
2024/11/08 07:40:00,523.00,698.11
2024/11/08 07:40:00,524.00,697.12
2024/11/08 07:40:00,525.00,695.60
2024/11/08 07:40:00,526.00,694.31
2024/11/08 07:40:00,527.00,694.59
2024/11/08 07:40:00,528.00,698.59
2024/11/08 07:40:00,529.00,703.33
2024/11/08 07:40:00,530.00,707.07
2024/11/08 07:40:00,531.00,708.22
2024/11/08 07:40:00,532.00,708.06
2024/11/08 07:40:00,533.00,707.01
2024/11/08 07:40:00,534.00,707.36
2024/11/08 07:40:00,535.00,707.54
2024/11/08 07:40:00,536.00,708.30
2024/11/08 07:40:00,537.00,706.16
2024/11/08 07:40:00,538.00,702.36
2024/11/08 07:40:00,539.00,698.81
2024/11/08 07:40:00,540.00,696.18
2024/11/08 07:40:00,541.00,694.08
2024/11/08 07:40:00,542.00,696.18
2024/11/08 07:40:00,543.00,697.71
2024/11/08 07:40:00,544.00,698.89
2024/11/08 07:40:00,545.00,699.75
2024/11/08 07:40:00,546.00,698.84
2024/11/08 07:40:00,547.00,697.93
2024/11/08 07:40:00,548.00,697.68
2024/11/08 07:40:00,549.00,697.53
2024/11/08 07:40:00,550.00,697.51
2024/11/08 07:40:00,551.00,698.67
2024/11/08 07:40:00,552.00,698.54
2024/11/08 07:40:00,553.00,697.68
2024/11/08 07:40:00,554.00,696.56
2024/11/08 07:40:00,555.00,694.38
2024/11/08 07:40:00,556.00,690.50
2024/11/08 07:40:00,557.00,684.99
2024/11/08 07:40:00,558.00,681.15
2024/11/08 07:40:00,559.00,678.63
2024/11/08 07:40:00,560.00,675.92
2024/11/08 07:40:00,561.00,675.06
2024/11/08 07:40:00,562.00,675.98
2024/11/08 07:40:00,563.00,675.62
2024/11/08 07:40:00,564.00,674.47
2024/11/08 07:40:00,565.00,674.06
2024/11/08 07:40:00,566.00,673.08
2024/11/08 07:40:00,567.00,669.84
2024/11/08 07:40:00,568.00,667.52
2024/11/08 07:40:00,569.00,665.55
2024/11/08 07:40:00,570.00,663.80
2024/11/08 07:40:00,571.00,663.55
2024/11/08 07:40:00,572.00,663.93
2024/11/08 07:40:00,573.00,663.50
2024/11/08 07:40:00,574.00,664.37
2024/11/08 07:40:00,575.00,663.35
2024/11/08 07:40:00,576.00,660.80
2024/11/08 07:40:00,577.00,661.42
2024/11/08 07:40:00,578.00,662.11
2024/11/08 07:40:00,579.00,662.59
2024/11/08 07:40:00,580.00,665.56
2024/11/08 07:40:00,581.00,667.31
2024/11/08 07:40:00,582.00,668.49
2024/11/08 07:40:00,583.00,669.19
2024/11/08 07:40:00,584.00,668.74
2024/11/08 07:40:00,585.00,665.99
2024/11/08 07:40:00,586.00,662.61
2024/11/08 07:40:00,587.00,657.06
2024/11/08 07:40:00,588.00,654.01
2024/11/08 07:40:00,589.00,651.13
2024/11/08 07:40:00,590.00,649.14
2024/11/08 07:40:00,591.00,649.88
2024/11/08 07:40:00,592.00,652.39
2024/11/08 07:40:00,593.00,652.48
2024/11/08 07:40:00,594.00,653.54
2024/11/08 07:40:00,595.00,654.24
2024/11/08 07:40:00,596.00,653.22
2024/11/08 07:40:00,597.00,652.33
2024/11/08 07:40:00,598.00,651.81
2024/11/08 07:40:00,599.00,647.59
2024/11/08 07:40:00,600.00,646.09
2024/11/08 07:40:00,601.00,646.40
2024/11/08 07:40:00,602.00,645.33
2024/11/08 07:40:00,603.00,646.17
2024/11/08 07:40:00,604.00,647.59
2024/11/08 07:40:00,605.00,647.42
2024/11/08 07:40:00,606.00,647.12
2024/11/08 07:40:00,607.00,646.68
2024/11/08 07:40:00,608.00,644.81
2024/11/08 07:40:00,609.00,644.34
2024/11/08 07:40:00,610.00,641.19
2024/11/08 07:40:00,611.00,638.44
2024/11/08 07:40:00,612.00,635.79
2024/11/08 07:40:00,613.00,632.20
2024/11/08 07:40:00,614.00,630.07
2024/11/08 07:40:00,615.00,630.10
2024/11/08 07:40:00,616.00,629.77
2024/11/08 07:40:00,617.00,631.13
2024/11/08 07:40:00,618.00,632.80
2024/11/08 07:40:00,619.00,632.03
2024/11/08 07:40:00,620.00,631.89
2024/11/08 07:40:00,621.00,632.01
2024/11/08 07:40:00,622.00,629.47
2024/11/08 07:40:00,623.00,627.34
2024/11/08 07:40:00,624.00,627.01
2024/11/08 07:40:00,625.00,624.68
2024/11/08 07:40:00,626.00,620.91
2024/11/08 07:40:00,627.00,618.47
2024/11/08 07:40:00,628.00,616.72
2024/11/08 07:40:00,629.00,614.53
2024/11/08 07:40:00,630.00,613.84
2024/11/08 07:40:00,631.00,614.28
2024/11/08 07:40:00,632.00,616.19
2024/11/08 07:40:00,633.00,617.00
2024/11/08 07:40:00,634.00,616.89
2024/11/08 07:40:00,635.00,620.47
2024/11/08 07:40:00,636.00,622.68
2024/11/08 07:40:00,637.00,622.77
2024/11/08 07:40:00,638.00,623.98
2024/11/08 07:40:00,639.00,626.29
2024/11/08 07:40:00,640.00,624.59
2024/11/08 07:40:00,641.00,624.50
2024/11/08 07:40:00,642.00,625.23
2024/11/08 07:40:00,643.00,625.65
2024/11/08 07:40:00,644.00,624.71
2024/11/08 07:40:00,645.00,623.03
2024/11/08 07:40:00,646.00,621.30
2024/11/08 07:40:00,647.00,620.00
2024/11/08 07:40:00,648.00,617.10
2024/11/08 07:40:00,649.00,616.99
2024/11/08 07:40:00,650.00,618.16
2024/11/08 07:40:00,651.00,616.93
2024/11/08 07:40:00,652.00,614.25
2024/11/08 07:40:00,653.00,608.31
2024/11/08 07:40:00,654.00,599.64
2024/11/08 07:40:00,655.00,594.04
2024/11/08 07:40:00,656.00,591.26
2024/11/08 07:40:00,657.00,589.84
2024/11/08 07:40:00,658.00,595.14
2024/11/08 07:40:00,659.00,601.06
2024/11/08 07:40:00,660.00,603.74
2024/11/08 07:40:00,661.00,606.93
2024/11/08 07:40:00,662.00,609.58
2024/11/08 07:40:00,663.00,610.53
2024/11/08 07:40:00,664.00,614.01
2024/11/08 07:40:00,665.00,615.90
2024/11/08 07:40:00,666.00,617.37
2024/11/08 07:40:00,667.00,619.27
2024/11/08 07:40:00,668.00,619.57
2024/11/08 07:40:00,669.00,618.28
2024/11/08 07:40:00,670.00,618.29
2024/11/08 07:40:00,671.00,617.48
2024/11/08 07:40:00,672.00,615.71
2024/11/08 07:40:00,673.00,615.75
2024/11/08 07:40:00,674.00,615.62
2024/11/08 07:40:00,675.00,615.91
2024/11/08 07:40:00,676.00,615.75
2024/11/08 07:40:00,677.00,616.44
2024/11/08 07:40:00,678.00,616.46
2024/11/08 07:40:00,679.00,615.34
2024/11/08 07:40:00,680.00,614.34
2024/11/08 07:40:00,681.00,612.99
2024/11/08 07:40:00,682.00,610.00
2024/11/08 07:40:00,683.00,603.26
2024/11/08 07:40:00,684.00,591.98
2024/11/08 07:40:00,685.00,575.33
2024/11/08 07:40:00,686.00,557.85
2024/11/08 07:40:00,687.00,542.93
2024/11/08 07:40:00,688.00,530.87
2024/11/08 07:40:00,689.00,526.57
2024/11/08 07:40:00,690.00,532.05
2024/11/08 07:40:00,691.00,539.95
2024/11/08 07:40:00,692.00,546.58
2024/11/08 07:40:00,693.00,555.84
2024/11/08 07:40:00,694.00,564.03
2024/11/08 07:40:00,695.00,568.33
2024/11/08 07:40:00,696.00,571.48
2024/11/08 07:40:00,697.00,573.78
2024/11/08 07:40:00,698.00,574.71
2024/11/08 07:40:00,699.00,575.37
2024/11/08 07:40:00,700.00,573.91
2024/11/08 07:40:00,701.00,574.74
2024/11/08 07:40:00,702.00,577.35
2024/11/08 07:40:00,703.00,576.45
2024/11/08 07:40:00,704.00,577.68
2024/11/08 07:40:00,705.00,579.54
2024/11/08 07:40:00,706.00,578.23
2024/11/08 07:40:00,707.00,578.21
2024/11/08 07:40:00,708.00,580.65
2024/11/08 07:40:00,709.00,578.71
2024/11/08 07:40:00,710.00,578.04
2024/11/08 07:40:00,711.00,578.84
2024/11/08 07:40:00,712.00,576.45
2024/11/08 07:40:00,713.00,573.21
2024/11/08 07:40:00,714.00,570.34
2024/11/08 07:40:00,715.00,564.19
2024/11/08 07:40:00,716.00,555.35
2024/11/08 07:40:00,717.00,545.80
2024/11/08 07:40:00,718.00,538.44
2024/11/08 07:40:00,719.00,531.89
2024/11/08 07:40:00,720.00,527.35
2024/11/08 07:40:00,721.00,526.39
2024/11/08 07:40:00,722.00,526.44
2024/11/08 07:40:00,723.00,525.81
2024/11/08 07:40:00,724.00,523.89
2024/11/08 07:40:00,725.00,525.29
2024/11/08 07:40:00,726.00,524.37
2024/11/08 07:40:00,727.00,525.10
2024/11/08 07:40:00,728.00,526.78
2024/11/08 07:40:00,729.00,529.15
2024/11/08 07:40:00,730.00,531.68
2024/11/08 07:40:00,731.00,534.47
2024/11/08 07:40:00,732.00,537.17
2024/11/08 07:40:00,733.00,538.61
2024/11/08 07:40:00,734.00,539.34
2024/11/08 07:40:00,735.00,540.78
2024/11/08 07:40:00,736.00,541.57
2024/11/08 07:40:00,737.00,540.29
2024/11/08 07:40:00,738.00,539.15
2024/11/08 07:40:00,739.00,539.59
2024/11/08 07:40:00,740.00,537.40
2024/11/08 07:40:00,741.00,536.56
2024/11/08 07:40:00,742.00,538.83
2024/11/08 07:40:00,743.00,540.25
2024/11/08 07:40:00,744.00,538.82
2024/11/08 07:40:00,745.00,540.47
2024/11/08 07:40:00,746.00,540.60
2024/11/08 07:40:00,747.00,537.58
2024/11/08 07:40:00,748.00,535.62
2024/11/08 07:40:00,749.00,536.42
2024/11/08 07:40:00,750.00,533.12
2024/11/08 07:40:00,751.00,529.98
2024/11/08 07:40:00,752.00,530.83
2024/11/08 07:40:00,753.00,529.92
2024/11/08 07:40:00,754.00,526.60
2024/11/08 07:40:00,755.00,524.08
2024/11/08 07:40:00,756.00,514.02
2024/11/08 07:40:00,757.00,485.50
2024/11/08 07:40:00,758.00,447.11
2024/11/08 07:40:00,759.00,409.89
2024/11/08 07:40:00,760.00,370.53
2024/11/08 07:40:00,761.00,335.71
2024/11/08 07:40:00,762.00,322.09
2024/11/08 07:40:00,763.00,322.76
2024/11/08 07:40:00,764.00,327.89
2024/11/08 07:40:00,765.00,341.11
2024/11/08 07:40:00,766.00,363.34
2024/11/08 07:40:00,767.00,384.57
2024/11/08 07:40:00,768.00,405.23
2024/11/08 07:40:00,769.00,427.58
2024/11/08 07:40:00,770.00,445.18
2024/11/08 07:40:00,771.00,458.61
2024/11/08 07:40:00,772.00,471.32
2024/11/08 07:40:00,773.00,480.48
2024/11/08 07:40:00,774.00,484.26
2024/11/08 07:40:00,775.00,490.02
2024/11/08 07:40:00,776.00,493.82
2024/11/08 07:40:00,777.00,497.08
2024/11/08 07:40:00,778.00,497.97
2024/11/08 07:40:00,779.00,499.40
2024/11/08 07:40:00,780.00,501.49
2024/11/08 07:40:00,781.00,497.96
2024/11/08 07:40:00,782.00,497.99
2024/11/08 07:40:00,783.00,500.86
2024/11/08 07:40:00,784.00,498.51
2024/11/08 07:40:00,785.00,496.98
2024/11/08 07:40:00,786.00,499.07
2024/11/08 07:40:00,787.00,497.58
2024/11/08 07:40:00,788.00,493.23
2024/11/08 07:40:00,789.00,492.66
2024/11/08 07:40:00,790.00,490.26
2024/11/08 07:40:00,791.00,485.64
2024/11/08 07:40:00,792.00,482.87
2024/11/08 07:40:00,793.00,484.96
2024/11/08 07:40:00,794.00,484.69
2024/11/08 07:40:00,795.00,484.38
2024/11/08 07:40:00,796.00,488.06
2024/11/08 07:40:00,797.00,490.77
2024/11/08 07:40:00,798.00,488.16
2024/11/08 07:40:00,799.00,489.24
2024/11/08 07:40:00,800.00,489.50
2024/11/08 07:40:00,801.00,485.80
2024/11/08 07:40:00,802.00,483.41
2024/11/08 07:40:00,803.00,483.59
2024/11/08 07:40:00,804.00,482.05
2024/11/08 07:40:00,805.00,480.38
2024/11/08 07:40:00,806.00,482.67
2024/11/08 07:40:00,807.00,483.36
2024/11/08 07:40:00,808.00,481.92
2024/11/08 07:40:00,809.00,481.66
2024/11/08 07:40:00,810.00,481.67
2024/11/08 07:40:00,811.00,477.27
2024/11/08 07:40:00,812.00,471.76
2024/11/08 07:40:00,813.00,469.06
2024/11/08 07:40:00,814.00,465.51
2024/11/08 07:40:00,815.00,457.98
2024/11/08 07:40:00,816.00,454.85
2024/11/08 07:40:00,817.00,454.19
2024/11/08 07:40:00,818.00,449.70
2024/11/08 07:40:00,819.00,447.58
2024/11/08 07:40:00,820.00,447.87
2024/11/08 07:40:00,821.00,447.56
2024/11/08 07:40:00,822.00,446.66
2024/11/08 07:40:00,823.00,452.10
2024/11/08 07:40:00,824.00,454.56
2024/11/08 07:40:00,825.00,454.69
2024/11/08 07:40:00,826.00,456.10
2024/11/08 07:40:00,827.00,458.23
2024/11/08 07:40:00,828.00,456.61
2024/11/08 07:40:00,829.00,455.73
2024/11/08 07:40:00,830.00,457.93
2024/11/08 07:40:00,831.00,455.59
2024/11/08 07:40:00,832.00,451.61
2024/11/08 07:40:00,833.00,449.79
2024/11/08 07:40:00,834.00,448.32
2024/11/08 07:40:00,835.00,443.88
2024/11/08 07:40:00,836.00,443.65
2024/11/08 07:40:00,837.00,444.40
2024/11/08 07:40:00,838.00,443.01
2024/11/08 07:40:00,839.00,443.33
2024/11/08 07:40:00,840.00,444.37
2024/11/08 07:40:00,841.00,444.12
2024/11/08 07:40:00,842.00,441.85
2024/11/08 07:40:00,843.00,441.91
2024/11/08 07:40:00,844.00,439.27
2024/11/08 07:40:00,845.00,435.11
2024/11/08 07:40:00,846.00,432.43
2024/11/08 07:40:00,847.00,429.48
2024/11/08 07:40:00,848.00,425.03
2024/11/08 07:40:00,849.00,424.16
2024/11/08 07:40:00,850.00,422.50
2024/11/08 07:40:00,851.00,418.99
2024/11/08 07:40:00,852.00,414.86
2024/11/08 07:40:00,853.00,413.37
2024/11/08 07:40:00,854.00,411.72
2024/11/08 07:40:00,855.00,411.84
2024/11/08 07:40:00,856.00,414.12
2024/11/08 07:40:00,857.00,417.99
2024/11/08 07:40:00,858.00,418.06
2024/11/08 07:40:00,859.00,418.53
2024/11/08 07:40:00,860.00,419.61
2024/11/08 07:40:00,861.00,419.84
2024/11/08 07:40:00,862.00,418.61
2024/11/08 07:40:00,863.00,417.75
2024/11/08 07:40:00,864.00,414.25
2024/11/08 07:40:00,865.00,409.54
2024/11/08 07:40:00,866.00,407.17
2024/11/08 07:40:00,867.00,406.42
2024/11/08 07:40:00,868.00,406.26
2024/11/08 07:40:00,869.00,407.02
2024/11/08 07:40:00,870.00,408.13
2024/11/08 07:40:00,871.00,407.79
2024/11/08 07:40:00,872.00,407.14
2024/11/08 07:40:00,873.00,407.94
2024/11/08 07:40:00,874.00,409.05
2024/11/08 07:40:00,875.00,409.28
2024/11/08 07:40:00,876.00,409.79
2024/11/08 07:40:00,877.00,410.53
2024/11/08 07:40:00,878.00,408.26
2024/11/08 07:40:00,879.00,406.48
2024/11/08 07:40:00,880.00,406.25
2024/11/08 07:40:00,881.00,405.83
2024/11/08 07:40:00,882.00,404.41
2024/11/08 07:40:00,883.00,405.21
2024/11/08 07:40:00,884.00,405.43
2024/11/08 07:40:00,885.00,403.73
2024/11/08 07:40:00,886.00,402.92
2024/11/08 07:40:00,887.00,402.91
2024/11/08 07:40:00,888.00,401.39
2024/11/08 07:40:00,889.00,400.10
2024/11/08 07:40:00,890.00,399.62
2024/11/08 07:40:00,891.00,396.78
2024/11/08 07:40:00,892.00,392.92
2024/11/08 07:40:00,893.00,388.53
2024/11/08 07:40:00,894.00,382.62
2024/11/08 07:40:00,895.00,374.85
2024/11/08 07:40:00,896.00,367.68
2024/11/08 07:40:00,897.00,359.87
2024/11/08 07:40:00,898.00,352.52
2024/11/08 07:40:00,899.00,346.04
2024/11/08 07:40:00,900.00,343.31
2024/11/08 07:40:00,901.00,343.40
2024/11/08 07:40:00,902.00,345.07
2024/11/08 07:40:00,903.00,348.19
2024/11/08 07:40:00,904.00,350.48
2024/11/08 07:40:00,905.00,349.04
2024/11/08 07:40:00,906.00,346.53
2024/11/08 07:40:00,907.00,344.03
2024/11/08 07:40:00,908.00,340.92
2024/11/08 07:40:00,909.00,338.93
2024/11/08 07:40:00,910.00,337.98
2024/11/08 07:40:00,911.00,335.86
2024/11/08 07:40:00,912.00,333.65
2024/11/08 07:40:00,913.00,332.11
2024/11/08 07:40:00,914.00,330.72
2024/11/08 07:40:00,915.00,329.45
2024/11/08 07:40:00,916.00,330.70
2024/11/08 07:40:00,917.00,332.16
2024/11/08 07:40:00,918.00,333.62
2024/11/08 07:40:00,919.00,335.30
2024/11/08 07:40:00,920.00,338.29
2024/11/08 07:40:00,921.00,338.48
2024/11/08 07:40:00,922.00,338.70
2024/11/08 07:40:00,923.00,338.80
2024/11/08 07:40:00,924.00,337.37
2024/11/08 07:40:00,925.00,333.87
2024/11/08 07:40:00,926.00,329.32
2024/11/08 07:40:00,927.00,321.57
2024/11/08 07:40:00,928.00,309.13
2024/11/08 07:40:00,929.00,295.13
2024/11/08 07:40:00,930.00,278.59
2024/11/08 07:40:00,931.00,260.81
2024/11/08 07:40:00,932.00,244.54
2024/11/08 07:40:00,933.00,231.55
2024/11/08 07:40:00,934.00,220.57
2024/11/08 07:40:00,935.00,213.17
2024/11/08 07:40:00,936.00,212.28
2024/11/08 07:40:00,937.00,214.68
2024/11/08 07:40:00,938.00,218.78
2024/11/08 07:40:00,939.00,224.68
2024/11/08 07:40:00,940.00,229.00
2024/11/08 07:40:00,941.00,229.05
2024/11/08 07:40:00,942.00,227.93
2024/11/08 07:40:00,943.00,226.78
2024/11/08 07:40:00,944.00,223.69
2024/11/08 07:40:00,945.00,223.59
2024/11/08 07:40:00,946.00,224.48
2024/11/08 07:40:00,947.00,224.66
2024/11/08 07:40:00,948.00,225.07
2024/11/08 07:40:00,949.00,227.84
2024/11/08 07:40:00,950.00,228.64
2024/11/08 07:40:00,951.00,229.74
2024/11/08 07:40:00,952.00,231.97
2024/11/08 07:40:00,953.00,233.99
2024/11/08 07:40:00,954.00,234.87
2024/11/08 07:40:00,955.00,237.80
2024/11/08 07:40:00,956.00,240.36
2024/11/08 07:40:00,957.00,242.30
2024/11/08 07:40:00,958.00,246.28
2024/11/08 07:40:00,959.00,250.39
2024/11/08 07:40:00,960.00,253.42
2024/11/08 07:40:00,961.00,256.85
2024/11/08 07:40:00,962.00,260.15
2024/11/08 07:40:00,963.00,263.74
2024/11/08 07:40:00,964.00,267.21
2024/11/08 07:40:00,965.00,272.60
2024/11/08 07:40:00,966.00,279.36
2024/11/08 07:40:00,967.00,285.00
2024/11/08 07:40:00,968.00,290.47
2024/11/08 07:40:00,969.00,296.39
2024/11/08 07:40:00,970.00,298.07
2024/11/08 07:40:00,971.00,297.75
2024/11/08 07:40:00,972.00,298.53
2024/11/08 07:40:00,973.00,297.32
2024/11/08 07:40:00,974.00,294.97
2024/11/08 07:40:00,975.00,296.45
2024/11/08 07:40:00,976.00,297.58
2024/11/08 07:40:00,977.00,297.39
2024/11/08 07:40:00,978.00,299.08
2024/11/08 07:40:00,979.00,301.58
2024/11/08 07:40:00,980.00,302.59
2024/11/08 07:40:00,981.00,304.21
2024/11/08 07:40:00,982.00,308.00
2024/11/08 07:40:00,983.00,310.08
2024/11/08 07:40:00,984.00,310.98
2024/11/08 07:40:00,985.00,312.85
2024/11/08 07:40:00,986.00,313.98
2024/11/08 07:40:00,987.00,314.21
2024/11/08 07:40:00,988.00,316.50
2024/11/08 07:40:00,989.00,317.65
2024/11/08 07:40:00,990.00,317.73
2024/11/08 07:40:00,991.00,318.55
2024/11/08 07:40:00,992.00,318.91
2024/11/08 07:40:00,993.00,317.37
2024/11/08 07:40:00,994.00,317.23
2024/11/08 07:40:00,995.00,316.10
2024/11/08 07:40:00,996.00,314.93
2024/11/08 07:40:00,997.00,313.54
2024/11/08 07:40:00,998.00,313.63
2024/11/08 07:40:00,999.00,313.73
2024/11/08 07:40:00,1000.00,312.95
2024/11/08 07:40:00,1001.00,313.09
2024/11/08 07:40:00,1002.00,312.42
2024/11/08 07:40:00,1003.00,309.20
2024/11/08 07:40:00,1004.00,307.75
2024/11/08 07:40:00,1005.00,307.13
2024/11/08 07:40:00,1006.00,305.92
2024/11/08 07:40:00,1007.00,305.30
2024/11/08 07:40:00,1008.00,306.35
2024/11/08 07:40:00,1009.00,305.32
2024/11/08 07:40:00,1010.00,304.48
2024/11/08 07:40:00,1011.00,303.92
2024/11/08 07:40:00,1012.00,304.37
2024/11/08 07:40:00,1013.00,303.10
2024/11/08 07:40:00,1014.00,303.31
2024/11/08 07:40:00,1015.00,304.26
2024/11/08 07:40:00,1016.00,303.61
2024/11/08 07:40:00,1017.00,301.93
2024/11/08 07:40:00,1018.00,302.48
2024/11/08 07:40:00,1019.00,301.35
2024/11/08 07:40:00,1020.00,299.45
2024/11/08 07:40:00,1021.00,301.10
2024/11/08 07:40:00,1022.00,300.56
2024/11/08 07:40:00,1023.00,300.25
2024/11/08 07:40:00,1024.00,300.90
2024/11/08 07:40:00,1025.00,300.01
2024/11/08 07:40:00,1026.00,298.95
2024/11/08 07:40:00,1027.00,298.47
2024/11/08 07:40:00,1028.00,297.63
2024/11/08 07:40:00,1029.00,296.01
2024/11/08 07:40:00,1030.00,294.29
2024/11/08 07:40:00,1031.00,294.09
2024/11/08 07:40:00,1032.00,291.46
2024/11/08 07:40:00,1033.00,288.80
2024/11/08 07:40:00,1034.00,289.47
2024/11/08 07:40:00,1035.00,289.02
2024/11/08 07:40:00,1036.00,286.12
2024/11/08 07:40:00,1037.00,288.70
2024/11/08 07:40:00,1038.00,289.23
2024/11/08 07:40:00,1039.00,286.01
2024/11/08 07:40:00,1040.00,287.58
2024/11/08 07:40:00,1041.00,287.32
2024/11/08 07:40:00,1042.00,284.36
2024/11/08 07:40:00,1043.00,286.04
2024/11/08 07:40:00,1044.00,284.73
2024/11/08 07:40:00,1045.00,281.80
2024/11/08 07:40:00,1046.00,281.21
2024/11/08 07:40:00,1047.00,279.52
2024/11/08 07:40:00,1048.00,278.55
2024/11/08 07:40:00,1049.00,278.27
2024/11/08 07:40:00,1050.00,279.08
2024/11/08 07:40:00,1051.00,282.98
2024/11/08 07:40:00,1052.00,282.16
2024/11/08 07:40:00,1053.00,282.79
2024/11/08 07:40:00,1054.00,282.41
2024/11/08 07:40:00,1055.00,278.37
2024/11/08 07:40:00,1056.00,278.50
2024/11/08 07:40:00,1057.00,276.47
2024/11/08 07:40:00,1058.00,271.75
2024/11/08 07:40:00,1059.00,273.74
2024/11/08 07:40:00,1060.00,273.48
2024/11/08 07:40:00,1061.00,271.17
2024/11/08 07:40:00,1062.00,273.00
2024/11/08 07:40:00,1063.00,273.62
2024/11/08 07:40:00,1064.00,272.97
2024/11/08 07:40:00,1065.00,272.26
2024/11/08 07:40:00,1066.00,271.26
2024/11/08 07:40:00,1067.00,273.48
2024/11/08 07:40:00,1068.00,269.70
2024/11/08 07:40:00,1069.00,266.40
2024/11/08 07:40:00,1070.00,269.05
2024/11/08 07:40:00,1071.00,263.54
2024/11/08 07:40:00,1072.00,265.73
2024/11/08 07:40:00,1073.00,270.03
2024/11/08 07:40:00,1074.00,265.41
2024/11/08 07:40:00,1075.00,269.41
2024/11/08 07:40:00,1076.00,269.31
2024/11/08 07:40:00,1077.00,266.16
2024/11/08 07:40:00,1078.00,267.43
2024/11/08 07:40:00,1079.00,266.35
2024/11/08 07:40:00,1080.00,264.86
2024/11/08 07:40:00,1081.00,262.83
2024/11/08 07:40:00,1082.00,260.76
2024/11/08 07:40:00,1083.00,265.09
2024/11/08 07:40:00,1084.00,263.27
2024/11/08 07:40:00,1085.00,259.33
2024/11/08 07:40:00,1086.00,264.41
2024/11/08 07:40:00,1087.00,259.40
2024/11/08 07:40:00,1088.00,257.98
2024/11/08 07:40:00,1089.00,263.30
2024/11/08 07:40:00,1090.00,262.57
2024/11/08 07:40:00,1091.00,263.45
2024/11/08 07:40:00,1092.00,265.98
2024/11/08 07:40:00,1093.00,259.24
2024/11/08 07:40:00,1094.00,256.40
2024/11/08 07:40:00,1095.00,252.92
2024/11/08 07:40:00,1096.00,254.20
2024/11/08 07:40:00,1097.00,252.43
2024/11/08 07:40:00,1098.00,251.49
2024/11/08 07:40:00,1099.00,257.25
2024/11/08 07:40:00,1100.00,253.24
2024/11/08 07:41:00,Wavelength(nm),Irradiance(W/m2/um)
2024/11/08 07:41:00,300.00,8.88
2024/11/08 07:41:00,301.00,9.74
2024/11/08 07:41:00,302.00,10.78
2024/11/08 07:41:00,303.00,12.33
2024/11/08 07:41:00,304.00,14.16
2024/11/08 07:41:00,305.00,16.12
2024/11/08 07:41:00,306.00,18.46
2024/11/08 07:41:00,307.00,21.30
2024/11/08 07:41:00,308.00,24.92
2024/11/08 07:41:00,309.00,29.33
2024/11/08 07:41:00,310.00,34.46
2024/11/08 07:41:00,311.00,40.17
2024/11/08 07:41:00,312.00,46.41
2024/11/08 07:41:00,313.00,53.18
2024/11/08 07:41:00,314.00,60.43
2024/11/08 07:41:00,315.00,68.21
2024/11/08 07:41:00,316.00,76.15
2024/11/08 07:41:00,317.00,84.74
2024/11/08 07:41:00,318.00,92.75
2024/11/08 07:41:00,319.00,100.02
2024/11/08 07:41:00,320.00,107.44
2024/11/08 07:41:00,321.00,115.73
2024/11/08 07:41:00,322.00,124.98
2024/11/08 07:41:00,323.00,135.77
2024/11/08 07:41:00,324.00,147.67
2024/11/08 07:41:00,325.00,160.15
2024/11/08 07:41:00,326.00,172.92
2024/11/08 07:41:00,327.00,185.07
2024/11/08 07:41:00,328.00,195.36
2024/11/08 07:41:00,329.00,203.89
2024/11/08 07:41:00,330.00,210.97
2024/11/08 07:41:00,331.00,215.75
2024/11/08 07:41:00,332.00,218.90
2024/11/08 07:41:00,333.00,219.94
2024/11/08 07:41:00,334.00,220.48
2024/11/08 07:41:00,335.00,221.17
2024/11/08 07:41:00,336.00,222.72
2024/11/08 07:41:00,337.00,224.71
2024/11/08 07:41:00,338.00,228.70
2024/11/08 07:41:00,339.00,233.75
2024/11/08 07:41:00,340.00,237.86
2024/11/08 07:41:00,341.00,240.02
2024/11/08 07:41:00,342.00,241.23
2024/11/08 07:41:00,343.00,242.12
2024/11/08 07:41:00,344.00,242.32
2024/11/08 07:41:00,345.00,242.16
2024/11/08 07:41:00,346.00,243.24
2024/11/08 07:41:00,347.00,245.97
2024/11/08 07:41:00,348.00,249.49
2024/11/08 07:41:00,349.00,252.89
2024/11/08 07:41:00,350.00,257.19
2024/11/08 07:41:00,351.00,263.35
2024/11/08 07:41:00,352.00,269.08
2024/11/08 07:41:00,353.00,272.46
2024/11/08 07:41:00,354.00,272.81
2024/11/08 07:41:00,355.00,269.78
2024/11/08 07:41:00,356.00,265.33
2024/11/08 07:41:00,357.00,261.37
2024/11/08 07:41:00,358.00,257.96
2024/11/08 07:41:00,359.00,258.41
2024/11/08 07:41:00,360.00,264.01
2024/11/08 07:41:00,361.00,270.54
2024/11/08 07:41:00,362.00,278.31
2024/11/08 07:41:00,363.00,290.45
2024/11/08 07:41:00,364.00,303.55
2024/11/08 07:41:00,365.00,314.11
2024/11/08 07:41:00,366.00,323.69
2024/11/08 07:41:00,367.00,330.99
2024/11/08 07:41:00,368.00,334.07
2024/11/08 07:41:00,369.00,333.27
2024/11/08 07:41:00,370.00,328.90
2024/11/08 07:41:00,371.00,320.60
2024/11/08 07:41:00,372.00,312.16
2024/11/08 07:41:00,373.00,306.97
2024/11/08 07:41:00,374.00,307.81
2024/11/08 07:41:00,375.00,316.04
2024/11/08 07:41:00,376.00,327.55
2024/11/08 07:41:00,377.00,338.65
2024/11/08 07:41:00,378.00,346.29
2024/11/08 07:41:00,379.00,344.06
2024/11/08 07:41:00,380.00,330.24
2024/11/08 07:41:00,381.00,314.03
2024/11/08 07:41:00,382.00,301.01
2024/11/08 07:41:00,383.00,290.92
2024/11/08 07:41:00,384.00,287.26
2024/11/08 07:41:00,385.00,292.39
2024/11/08 07:41:00,386.00,302.08
2024/11/08 07:41:00,387.00,314.26
2024/11/08 07:41:00,388.00,328.28
2024/11/08 07:41:00,389.00,340.23
2024/11/08 07:41:00,390.00,342.46
2024/11/08 07:41:00,391.00,337.30
2024/11/08 07:41:00,392.00,332.62
2024/11/08 07:41:00,393.00,324.99
2024/11/08 07:41:00,394.00,315.31
2024/11/08 07:41:00,395.00,320.25
2024/11/08 07:41:00,396.00,343.82
2024/11/08 07:41:00,397.00,372.14
2024/11/08 07:41:00,398.00,405.59
2024/11/08 07:41:00,399.00,446.13
2024/11/08 07:41:00,400.00,482.71
2024/11/08 07:41:00,401.00,506.55
2024/11/08 07:41:00,402.00,519.42
2024/11/08 07:41:00,403.00,522.76
2024/11/08 07:41:00,404.00,520.93
2024/11/08 07:41:00,405.00,518.81
2024/11/08 07:41:00,406.00,518.27
2024/11/08 07:41:00,407.00,518.69
2024/11/08 07:41:00,408.00,521.69
2024/11/08 07:41:00,409.00,528.41
2024/11/08 07:41:00,410.00,535.91
2024/11/08 07:41:00,411.00,542.36
2024/11/08 07:41:00,412.00,549.39
2024/11/08 07:41:00,413.00,556.95
2024/11/08 07:41:00,414.00,562.24
2024/11/08 07:41:00,415.00,563.75
2024/11/08 07:41:00,416.00,563.54
2024/11/08 07:41:00,417.00,563.35
2024/11/08 07:41:00,418.00,563.65
2024/11/08 07:41:00,419.00,564.02
2024/11/08 07:41:00,420.00,564.22
2024/11/08 07:41:00,421.00,565.96
2024/11/08 07:41:00,422.00,567.19
2024/11/08 07:41:00,423.00,567.56
2024/11/08 07:41:00,424.00,565.49
2024/11/08 07:41:00,425.00,563.82
2024/11/08 07:41:00,426.00,559.74
2024/11/08 07:41:00,427.00,548.76
2024/11/08 07:41:00,428.00,533.72
2024/11/08 07:41:00,429.00,525.53
2024/11/08 07:41:00,430.00,525.50
2024/11/08 07:41:00,431.00,530.44
2024/11/08 07:41:00,432.00,544.67
2024/11/08 07:41:00,433.00,567.58
2024/11/08 07:41:00,434.00,588.54
2024/11/08 07:41:00,435.00,598.96
2024/11/08 07:41:00,436.00,605.14
2024/11/08 07:41:00,437.00,609.27
2024/11/08 07:41:00,438.00,612.86
2024/11/08 07:41:00,439.00,617.59
2024/11/08 07:41:00,440.00,627.55
2024/11/08 07:41:00,441.00,640.41
2024/11/08 07:41:00,442.00,653.93
2024/11/08 07:41:00,443.00,662.51
2024/11/08 07:41:00,444.00,669.46
2024/11/08 07:41:00,445.00,674.96
2024/11/08 07:41:00,446.00,681.32
2024/11/08 07:41:00,447.00,690.70
2024/11/08 07:41:00,448.00,703.79
2024/11/08 07:41:00,449.00,713.91
2024/11/08 07:41:00,450.00,719.53
2024/11/08 07:41:00,451.00,721.15
2024/11/08 07:41:00,452.00,719.51
2024/11/08 07:41:00,453.00,717.32
2024/11/08 07:41:00,454.00,718.42
2024/11/08 07:41:00,455.00,721.47
2024/11/08 07:41:00,456.00,726.70
2024/11/08 07:41:00,457.00,731.28
2024/11/08 07:41:00,458.00,735.05
2024/11/08 07:41:00,459.00,738.86
2024/11/08 07:41:00,460.00,742.58
2024/11/08 07:41:00,461.00,745.93
2024/11/08 07:41:00,462.00,749.65
2024/11/08 07:41:00,463.00,749.73
2024/11/08 07:41:00,464.00,746.94
2024/11/08 07:41:00,465.00,742.87
2024/11/08 07:41:00,466.00,738.91
2024/11/08 07:41:00,467.00,735.22
2024/11/08 07:41:00,468.00,734.01
2024/11/08 07:41:00,469.00,733.20
2024/11/08 07:41:00,470.00,735.29
2024/11/08 07:41:00,471.00,738.23
2024/11/08 07:41:00,472.00,741.33
2024/11/08 07:41:00,473.00,742.96
2024/11/08 07:41:00,474.00,745.35
2024/11/08 07:41:00,475.00,745.84
2024/11/08 07:41:00,476.00,746.67
2024/11/08 07:41:00,477.00,749.30
2024/11/08 07:41:00,478.00,752.30
2024/11/08 07:41:00,479.00,756.46
2024/11/08 07:41:00,480.00,759.60
2024/11/08 07:41:00,481.00,759.53
2024/11/08 07:41:00,482.00,754.94
2024/11/08 07:41:00,483.00,744.48
2024/11/08 07:41:00,484.00,726.62
2024/11/08 07:41:00,485.00,712.50
2024/11/08 07:41:00,486.00,704.54
2024/11/08 07:41:00,487.00,702.04
2024/11/08 07:41:00,488.00,706.51
2024/11/08 07:41:00,489.00,717.45
2024/11/08 07:41:00,490.00,723.77
2024/11/08 07:41:00,491.00,728.28
2024/11/08 07:41:00,492.00,731.81
2024/11/08 07:41:00,493.00,735.47
2024/11/08 07:41:00,494.00,738.50
2024/11/08 07:41:00,495.00,742.23
2024/11/08 07:41:00,496.00,742.87
2024/11/08 07:41:00,497.00,739.95
2024/11/08 07:41:00,498.00,733.32
2024/11/08 07:41:00,499.00,726.12
2024/11/08 07:41:00,500.00,720.43
2024/11/08 07:41:00,501.00,716.04
2024/11/08 07:41:00,502.00,714.24
2024/11/08 07:41:00,503.00,716.71
2024/11/08 07:41:00,504.00,720.49
2024/11/08 07:41:00,505.00,721.47
2024/11/08 07:41:00,506.00,723.36
2024/11/08 07:41:00,507.00,724.79
2024/11/08 07:41:00,508.00,723.53
2024/11/08 07:41:00,509.00,723.07
2024/11/08 07:41:00,510.00,723.44
2024/11/08 07:41:00,511.00,721.55
2024/11/08 07:41:00,512.00,718.42
2024/11/08 07:41:00,513.00,712.23
2024/11/08 07:41:00,514.00,702.07
2024/11/08 07:41:00,515.00,689.02
2024/11/08 07:41:00,516.00,678.80
2024/11/08 07:41:00,517.00,673.16
2024/11/08 07:41:00,518.00,672.56
2024/11/08 07:41:00,519.00,675.68
2024/11/08 07:41:00,520.00,685.32
2024/11/08 07:41:00,521.00,694.09
2024/11/08 07:41:00,522.00,700.71
2024/11/08 07:41:00,523.00,703.95
2024/11/08 07:41:00,524.00,703.05
2024/11/08 07:41:00,525.00,699.97
2024/11/08 07:41:00,526.00,700.12
2024/11/08 07:41:00,527.00,700.36
2024/11/08 07:41:00,528.00,703.31
2024/11/08 07:41:00,529.00,708.33
2024/11/08 07:41:00,530.00,711.86
2024/11/08 07:41:00,531.00,713.00
2024/11/08 07:41:00,532.00,713.52
2024/11/08 07:41:00,533.00,711.65
2024/11/08 07:41:00,534.00,711.19
2024/11/08 07:41:00,535.00,713.55
2024/11/08 07:41:00,536.00,712.94
2024/11/08 07:41:00,537.00,709.73
2024/11/08 07:41:00,538.00,706.63
2024/11/08 07:41:00,539.00,704.06
2024/11/08 07:41:00,540.00,700.76
2024/11/08 07:41:00,541.00,700.16
2024/11/08 07:41:00,542.00,701.62
2024/11/08 07:41:00,543.00,702.87
2024/11/08 07:41:00,544.00,703.84
2024/11/08 07:41:00,545.00,704.49
2024/11/08 07:41:00,546.00,704.70
2024/11/08 07:41:00,547.00,705.42
2024/11/08 07:41:00,548.00,703.88
2024/11/08 07:41:00,549.00,702.71
2024/11/08 07:41:00,550.00,702.38
2024/11/08 07:41:00,551.00,700.81
2024/11/08 07:41:00,552.00,700.95
2024/11/08 07:41:00,553.00,702.57
2024/11/08 07:41:00,554.00,701.14
2024/11/08 07:41:00,555.00,699.25
2024/11/08 07:41:00,556.00,696.47
2024/11/08 07:41:00,557.00,691.05
2024/11/08 07:41:00,558.00,685.95
2024/11/08 07:41:00,559.00,684.48
2024/11/08 07:41:00,560.00,681.56
2024/11/08 07:41:00,561.00,680.71
2024/11/08 07:41:00,562.00,680.48
2024/11/08 07:41:00,563.00,680.28
2024/11/08 07:41:00,564.00,679.26
2024/11/08 07:41:00,565.00,678.36
2024/11/08 07:41:00,566.00,676.08
2024/11/08 07:41:00,567.00,673.88
2024/11/08 07:41:00,568.00,670.72
2024/11/08 07:41:00,569.00,668.06
2024/11/08 07:41:00,570.00,667.64
2024/11/08 07:41:00,571.00,670.02
2024/11/08 07:41:00,572.00,669.37
2024/11/08 07:41:00,573.00,670.46
2024/11/08 07:41:00,574.00,671.05
2024/11/08 07:41:00,575.00,668.29
2024/11/08 07:41:00,576.00,665.17
2024/11/08 07:41:00,577.00,664.94
2024/11/08 07:41:00,578.00,663.72
2024/11/08 07:41:00,579.00,664.44
2024/11/08 07:41:00,580.00,667.77
2024/11/08 07:41:00,581.00,671.65
2024/11/08 07:41:00,582.00,673.23
2024/11/08 07:41:00,583.00,674.42
2024/11/08 07:41:00,584.00,674.90
2024/11/08 07:41:00,585.00,673.84
2024/11/08 07:41:00,586.00,667.85
2024/11/08 07:41:00,587.00,662.89
2024/11/08 07:41:00,588.00,660.85
2024/11/08 07:41:00,589.00,657.51
2024/11/08 07:41:00,590.00,655.02
2024/11/08 07:41:00,591.00,656.31
2024/11/08 07:41:00,592.00,657.31
2024/11/08 07:41:00,593.00,657.55
2024/11/08 07:41:00,594.00,659.64
2024/11/08 07:41:00,595.00,660.37
2024/11/08 07:41:00,596.00,659.05
2024/11/08 07:41:00,597.00,657.76
2024/11/08 07:41:00,598.00,655.49
2024/11/08 07:41:00,599.00,652.72
2024/11/08 07:41:00,600.00,650.92
2024/11/08 07:41:00,601.00,650.49
2024/11/08 07:41:00,602.00,652.37
2024/11/08 07:41:00,603.00,654.23
2024/11/08 07:41:00,604.00,653.68
2024/11/08 07:41:00,605.00,654.49
2024/11/08 07:41:00,606.00,653.33
2024/11/08 07:41:00,607.00,649.89
2024/11/08 07:41:00,608.00,647.15
2024/11/08 07:41:00,609.00,646.51
2024/11/08 07:41:00,610.00,644.07
2024/11/08 07:41:00,611.00,643.39
2024/11/08 07:41:00,612.00,641.73
2024/11/08 07:41:00,613.00,640.11
2024/11/08 07:41:00,614.00,637.32
2024/11/08 07:41:00,615.00,635.58
2024/11/08 07:41:00,616.00,634.85
2024/11/08 07:41:00,617.00,635.27
2024/11/08 07:41:00,618.00,635.46
2024/11/08 07:41:00,619.00,636.68
2024/11/08 07:41:00,620.00,637.72
2024/11/08 07:41:00,621.00,635.43
2024/11/08 07:41:00,622.00,633.82
2024/11/08 07:41:00,623.00,632.10
2024/11/08 07:41:00,624.00,629.07
2024/11/08 07:41:00,625.00,625.57
2024/11/08 07:41:00,626.00,623.02
2024/11/08 07:41:00,627.00,620.43
2024/11/08 07:41:00,628.00,618.64
2024/11/08 07:41:00,629.00,616.94
2024/11/08 07:41:00,630.00,617.20
2024/11/08 07:41:00,631.00,618.35
2024/11/08 07:41:00,632.00,619.85
2024/11/08 07:41:00,633.00,621.25
2024/11/08 07:41:00,634.00,622.85
2024/11/08 07:41:00,635.00,623.43
2024/11/08 07:41:00,636.00,625.49
2024/11/08 07:41:00,637.00,626.49
2024/11/08 07:41:00,638.00,627.02
2024/11/08 07:41:00,639.00,627.91
2024/11/08 07:41:00,640.00,629.57
2024/11/08 07:41:00,641.00,628.89
2024/11/08 07:41:00,642.00,629.06
2024/11/08 07:41:00,643.00,628.30
2024/11/08 07:41:00,644.00,627.43
2024/11/08 07:41:00,645.00,624.66
2024/11/08 07:41:00,646.00,622.17
2024/11/08 07:41:00,647.00,620.80
2024/11/08 07:41:00,648.00,620.52
2024/11/08 07:41:00,649.00,620.38
2024/11/08 07:41:00,650.00,621.06
2024/11/08 07:41:00,651.00,622.40
2024/11/08 07:41:00,652.00,619.61
2024/11/08 07:41:00,653.00,611.93
2024/11/08 07:41:00,654.00,604.72
2024/11/08 07:41:00,655.00,599.46
2024/11/08 07:41:00,656.00,595.39
2024/11/08 07:41:00,657.00,594.48
2024/11/08 07:41:00,658.00,600.05
2024/11/08 07:41:00,659.00,604.00
2024/11/08 07:41:00,660.00,608.37
2024/11/08 07:41:00,661.00,611.08
2024/11/08 07:41:00,662.00,613.69
2024/11/08 07:41:00,663.00,615.44
2024/11/08 07:41:00,664.00,618.28
2024/11/08 07:41:00,665.00,620.45
2024/11/08 07:41:00,666.00,622.44
2024/11/08 07:41:00,667.00,622.69
2024/11/08 07:41:00,668.00,622.86
2024/11/08 07:41:00,669.00,622.60
2024/11/08 07:41:00,670.00,620.60
2024/11/08 07:41:00,671.00,619.37
2024/11/08 07:41:00,672.00,619.80
2024/11/08 07:41:00,673.00,618.73
2024/11/08 07:41:00,674.00,618.67
2024/11/08 07:41:00,675.00,618.94
2024/11/08 07:41:00,676.00,617.87
2024/11/08 07:41:00,677.00,617.19
2024/11/08 07:41:00,678.00,617.84
2024/11/08 07:41:00,679.00,616.52
2024/11/08 07:41:00,680.00,615.76
2024/11/08 07:41:00,681.00,615.70
2024/11/08 07:41:00,682.00,614.57
2024/11/08 07:41:00,683.00,606.68
2024/11/08 07:41:00,684.00,594.44
2024/11/08 07:41:00,685.00,577.85
2024/11/08 07:41:00,686.00,560.83
2024/11/08 07:41:00,687.00,543.84
2024/11/08 07:41:00,688.00,533.36
2024/11/08 07:41:00,689.00,532.27
2024/11/08 07:41:00,690.00,536.75
2024/11/08 07:41:00,691.00,543.30
2024/11/08 07:41:00,692.00,550.66
2024/11/08 07:41:00,693.00,559.45
2024/11/08 07:41:00,694.00,564.43
2024/11/08 07:41:00,695.00,569.47
2024/11/08 07:41:00,696.00,573.90
2024/11/08 07:41:00,697.00,577.13
2024/11/08 07:41:00,698.00,577.52
2024/11/08 07:41:00,699.00,579.19
2024/11/08 07:41:00,700.00,578.92
2024/11/08 07:41:00,701.00,578.45
2024/11/08 07:41:00,702.00,578.51
2024/11/08 07:41:00,703.00,580.10
2024/11/08 07:41:00,704.00,580.94
2024/11/08 07:41:00,705.00,581.64
2024/11/08 07:41:00,706.00,582.25
2024/11/08 07:41:00,707.00,583.77
2024/11/08 07:41:00,708.00,583.39
2024/11/08 07:41:00,709.00,582.64
2024/11/08 07:41:00,710.00,583.71
2024/11/08 07:41:00,711.00,583.63
2024/11/08 07:41:00,712.00,580.61
2024/11/08 07:41:00,713.00,579.34
2024/11/08 07:41:00,714.00,575.36
2024/11/08 07:41:00,715.00,566.53
2024/11/08 07:41:00,716.00,557.53
2024/11/08 07:41:00,717.00,550.13
2024/11/08 07:41:00,718.00,540.53
2024/11/08 07:41:00,719.00,534.15
2024/11/08 07:41:00,720.00,531.54
2024/11/08 07:41:00,721.00,529.59
2024/11/08 07:41:00,722.00,528.04
2024/11/08 07:41:00,723.00,528.81
2024/11/08 07:41:00,724.00,529.74
2024/11/08 07:41:00,725.00,529.05
2024/11/08 07:41:00,726.00,528.53
2024/11/08 07:41:00,727.00,530.80
2024/11/08 07:41:00,728.00,531.17
2024/11/08 07:41:00,729.00,531.28
2024/11/08 07:41:00,730.00,534.61
2024/11/08 07:41:00,731.00,538.91
2024/11/08 07:41:00,732.00,539.94
2024/11/08 07:41:00,733.00,541.32
2024/11/08 07:41:00,734.00,544.92
2024/11/08 07:41:00,735.00,545.40
2024/11/08 07:41:00,736.00,543.97
2024/11/08 07:41:00,737.00,544.37
2024/11/08 07:41:00,738.00,544.51
2024/11/08 07:41:00,739.00,542.44
2024/11/08 07:41:00,740.00,542.04
2024/11/08 07:41:00,741.00,544.91
2024/11/08 07:41:00,742.00,544.47
2024/11/08 07:41:00,743.00,545.04
2024/11/08 07:41:00,744.00,545.76
2024/11/08 07:41:00,745.00,546.56
2024/11/08 07:41:00,746.00,544.24
2024/11/08 07:41:00,747.00,542.87
2024/11/08 07:41:00,748.00,542.09
2024/11/08 07:41:00,749.00,539.95
2024/11/08 07:41:00,750.00,537.10
2024/11/08 07:41:00,751.00,537.19
2024/11/08 07:41:00,752.00,535.26
2024/11/08 07:41:00,753.00,533.88
2024/11/08 07:41:00,754.00,532.16
2024/11/08 07:41:00,755.00,528.64
2024/11/08 07:41:00,756.00,515.59
2024/11/08 07:41:00,757.00,489.50
2024/11/08 07:41:00,758.00,451.55
2024/11/08 07:41:00,759.00,412.05
2024/11/08 07:41:00,760.00,372.18
2024/11/08 07:41:00,761.00,338.23
2024/11/08 07:41:00,762.00,322.53
2024/11/08 07:41:00,763.00,322.76
2024/11/08 07:41:00,764.00,330.80
2024/11/08 07:41:00,765.00,347.11
2024/11/08 07:41:00,766.00,369.29
2024/11/08 07:41:00,767.00,392.61
2024/11/08 07:41:00,768.00,415.46
2024/11/08 07:41:00,769.00,434.99
2024/11/08 07:41:00,770.00,451.90
2024/11/08 07:41:00,771.00,467.31
2024/11/08 07:41:00,772.00,477.14
2024/11/08 07:41:00,773.00,484.59
2024/11/08 07:41:00,774.00,492.02
2024/11/08 07:41:00,775.00,495.74
2024/11/08 07:41:00,776.00,498.12
2024/11/08 07:41:00,777.00,500.95
2024/11/08 07:41:00,778.00,500.83
2024/11/08 07:41:00,779.00,500.44
2024/11/08 07:41:00,780.00,501.04
2024/11/08 07:41:00,781.00,499.46
2024/11/08 07:41:00,782.00,502.03
2024/11/08 07:41:00,783.00,502.36
2024/11/08 07:41:00,784.00,502.16
2024/11/08 07:41:00,785.00,503.95
2024/11/08 07:41:00,786.00,503.86
2024/11/08 07:41:00,787.00,502.63
2024/11/08 07:41:00,788.00,503.66
2024/11/08 07:41:00,789.00,501.76
2024/11/08 07:41:00,790.00,496.38
2024/11/08 07:41:00,791.00,494.00
2024/11/08 07:41:00,792.00,491.83
2024/11/08 07:41:00,793.00,488.42
2024/11/08 07:41:00,794.00,485.43
2024/11/08 07:41:00,795.00,485.93
2024/11/08 07:41:00,796.00,485.72
2024/11/08 07:41:00,797.00,485.72
2024/11/08 07:41:00,798.00,485.51
2024/11/08 07:41:00,799.00,488.04
2024/11/08 07:41:00,800.00,487.46
2024/11/08 07:41:00,801.00,488.03
2024/11/08 07:41:00,802.00,487.04
2024/11/08 07:41:00,803.00,486.72
2024/11/08 07:41:00,804.00,485.50
2024/11/08 07:41:00,805.00,487.09
2024/11/08 07:41:00,806.00,484.64
2024/11/08 07:41:00,807.00,482.77
2024/11/08 07:41:00,808.00,482.71
2024/11/08 07:41:00,809.00,481.02
2024/11/08 07:41:00,810.00,478.87
2024/11/08 07:41:00,811.00,478.19
2024/11/08 07:41:00,812.00,475.31
2024/11/08 07:41:00,813.00,471.01
2024/11/08 07:41:00,814.00,465.51
2024/11/08 07:41:00,815.00,458.15
2024/11/08 07:41:00,816.00,454.52
2024/11/08 07:41:00,817.00,450.21
2024/11/08 07:41:00,818.00,448.28
2024/11/08 07:41:00,819.00,451.62
2024/11/08 07:41:00,820.00,452.67
2024/11/08 07:41:00,821.00,456.02
2024/11/08 07:41:00,822.00,462.08
2024/11/08 07:41:00,823.00,461.38
2024/11/08 07:41:00,824.00,462.08
2024/11/08 07:41:00,825.00,464.75
2024/11/08 07:41:00,826.00,460.40
2024/11/08 07:41:00,827.00,456.93
2024/11/08 07:41:00,828.00,455.84
2024/11/08 07:41:00,829.00,451.40
2024/11/08 07:41:00,830.00,450.28
2024/11/08 07:41:00,831.00,450.58
2024/11/08 07:41:00,832.00,449.37
2024/11/08 07:41:00,833.00,450.26
2024/11/08 07:41:00,834.00,450.58
2024/11/08 07:41:00,835.00,449.43
2024/11/08 07:41:00,836.00,451.26
2024/11/08 07:41:00,837.00,451.09
2024/11/08 07:41:00,838.00,449.63
2024/11/08 07:41:00,839.00,450.82
2024/11/08 07:41:00,840.00,449.59
2024/11/08 07:41:00,841.00,448.11
2024/11/08 07:41:00,842.00,447.52
2024/11/08 07:41:00,843.00,442.60
2024/11/08 07:41:00,844.00,440.80
2024/11/08 07:41:00,845.00,439.79
2024/11/08 07:41:00,846.00,437.34
2024/11/08 07:41:00,847.00,434.60
2024/11/08 07:41:00,848.00,433.05
2024/11/08 07:41:00,849.00,429.55
2024/11/08 07:41:00,850.00,424.87
2024/11/08 07:41:00,851.00,419.41
2024/11/08 07:41:00,852.00,414.37
2024/11/08 07:41:00,853.00,412.60
2024/11/08 07:41:00,854.00,412.12
2024/11/08 07:41:00,855.00,412.93
2024/11/08 07:41:00,856.00,416.05
2024/11/08 07:41:00,857.00,419.64
2024/11/08 07:41:00,858.00,421.43
2024/11/08 07:41:00,859.00,422.47
2024/11/08 07:41:00,860.00,423.37
2024/11/08 07:41:00,861.00,424.40
2024/11/08 07:41:00,862.00,422.54
2024/11/08 07:41:00,863.00,418.81
2024/11/08 07:41:00,864.00,414.93
2024/11/08 07:41:00,865.00,410.32
2024/11/08 07:41:00,866.00,407.15
2024/11/08 07:41:00,867.00,406.70
2024/11/08 07:41:00,868.00,407.17
2024/11/08 07:41:00,869.00,409.18
2024/11/08 07:41:00,870.00,410.30
2024/11/08 07:41:00,871.00,410.48
2024/11/08 07:41:00,872.00,412.11
2024/11/08 07:41:00,873.00,412.87
2024/11/08 07:41:00,874.00,412.28
2024/11/08 07:41:00,875.00,413.35
2024/11/08 07:41:00,876.00,412.72
2024/11/08 07:41:00,877.00,410.94
2024/11/08 07:41:00,878.00,410.14
2024/11/08 07:41:00,879.00,409.15
2024/11/08 07:41:00,880.00,407.17
2024/11/08 07:41:00,881.00,406.97
2024/11/08 07:41:00,882.00,405.66
2024/11/08 07:41:00,883.00,405.34
2024/11/08 07:41:00,884.00,405.15
2024/11/08 07:41:00,885.00,404.34
2024/11/08 07:41:00,886.00,404.48
2024/11/08 07:41:00,887.00,403.33
2024/11/08 07:41:00,888.00,402.47
2024/11/08 07:41:00,889.00,402.75
2024/11/08 07:41:00,890.00,400.60
2024/11/08 07:41:00,891.00,397.84
2024/11/08 07:41:00,892.00,395.93
2024/11/08 07:41:00,893.00,391.23
2024/11/08 07:41:00,894.00,385.18
2024/11/08 07:41:00,895.00,379.39
2024/11/08 07:41:00,896.00,371.86
2024/11/08 07:41:00,897.00,363.07
2024/11/08 07:41:00,898.00,355.36
2024/11/08 07:41:00,899.00,348.25
2024/11/08 07:41:00,900.00,345.10
2024/11/08 07:41:00,901.00,345.62
2024/11/08 07:41:00,902.00,347.89
2024/11/08 07:41:00,903.00,351.73
2024/11/08 07:41:00,904.00,353.18
2024/11/08 07:41:00,905.00,351.51
2024/11/08 07:41:00,906.00,348.60
2024/11/08 07:41:00,907.00,344.64
2024/11/08 07:41:00,908.00,341.01
2024/11/08 07:41:00,909.00,340.07
2024/11/08 07:41:00,910.00,338.55
2024/11/08 07:41:00,911.00,337.08
2024/11/08 07:41:00,912.00,336.55
2024/11/08 07:41:00,913.00,335.00
2024/11/08 07:41:00,914.00,333.41
2024/11/08 07:41:00,915.00,333.05
2024/11/08 07:41:00,916.00,333.97
2024/11/08 07:41:00,917.00,335.74
2024/11/08 07:41:00,918.00,338.30
2024/11/08 07:41:00,919.00,340.58
2024/11/08 07:41:00,920.00,341.97
2024/11/08 07:41:00,921.00,341.09
2024/11/08 07:41:00,922.00,340.75
2024/11/08 07:41:00,923.00,340.16
2024/11/08 07:41:00,924.00,338.26
2024/11/08 07:41:00,925.00,336.54
2024/11/08 07:41:00,926.00,332.25
2024/11/08 07:41:00,927.00,323.66
2024/11/08 07:41:00,928.00,313.95
2024/11/08 07:41:00,929.00,299.79
2024/11/08 07:41:00,930.00,282.52
2024/11/08 07:41:00,931.00,265.82
2024/11/08 07:41:00,932.00,248.41
2024/11/08 07:41:00,933.00,233.74
2024/11/08 07:41:00,934.00,222.58
2024/11/08 07:41:00,935.00,215.77
2024/11/08 07:41:00,936.00,214.99
2024/11/08 07:41:00,937.00,217.87
2024/11/08 07:41:00,938.00,221.39
2024/11/08 07:41:00,939.00,227.97
2024/11/08 07:41:00,940.00,231.41
2024/11/08 07:41:00,941.00,231.64
2024/11/08 07:41:00,942.00,231.56
2024/11/08 07:41:00,943.00,229.43
2024/11/08 07:41:00,944.00,227.41
2024/11/08 07:41:00,945.00,228.58
2024/11/08 07:41:00,946.00,228.89
2024/11/08 07:41:00,947.00,229.60
2024/11/08 07:41:00,948.00,231.36
2024/11/08 07:41:00,949.00,232.14
2024/11/08 07:41:00,950.00,233.43
2024/11/08 07:41:00,951.00,234.58
2024/11/08 07:41:00,952.00,234.46
2024/11/08 07:41:00,953.00,235.74
2024/11/08 07:41:00,954.00,237.03
2024/11/08 07:41:00,955.00,238.26
2024/11/08 07:41:00,956.00,241.45
2024/11/08 07:41:00,957.00,244.07
2024/11/08 07:41:00,958.00,247.73
2024/11/08 07:41:00,959.00,251.16
2024/11/08 07:41:00,960.00,254.07
2024/11/08 07:41:00,961.00,258.31
2024/11/08 07:41:00,962.00,262.51
2024/11/08 07:41:00,963.00,265.35
2024/11/08 07:41:00,964.00,270.80
2024/11/08 07:41:00,965.00,275.13
2024/11/08 07:41:00,966.00,280.40
2024/11/08 07:41:00,967.00,287.01
2024/11/08 07:41:00,968.00,292.78
2024/11/08 07:41:00,969.00,296.93
2024/11/08 07:41:00,970.00,301.00
2024/11/08 07:41:00,971.00,301.15
2024/11/08 07:41:00,972.00,301.05
2024/11/08 07:41:00,973.00,301.15
2024/11/08 07:41:00,974.00,299.23
2024/11/08 07:41:00,975.00,299.02
2024/11/08 07:41:00,976.00,299.19
2024/11/08 07:41:00,977.00,299.38
2024/11/08 07:41:00,978.00,301.05
2024/11/08 07:41:00,979.00,303.49
2024/11/08 07:41:00,980.00,304.80
2024/11/08 07:41:00,981.00,307.93
2024/11/08 07:41:00,982.00,310.19
2024/11/08 07:41:00,983.00,311.72
2024/11/08 07:41:00,984.00,314.12
2024/11/08 07:41:00,985.00,315.27
2024/11/08 07:41:00,986.00,317.08
2024/11/08 07:41:00,987.00,318.26
2024/11/08 07:41:00,988.00,317.87
2024/11/08 07:41:00,989.00,318.52
2024/11/08 07:41:00,990.00,318.86
2024/11/08 07:41:00,991.00,318.15
2024/11/08 07:41:00,992.00,318.68
2024/11/08 07:41:00,993.00,318.10
2024/11/08 07:41:00,994.00,317.21
2024/11/08 07:41:00,995.00,318.21
2024/11/08 07:41:00,996.00,316.93
2024/11/08 07:41:00,997.00,316.72
2024/11/08 07:41:00,998.00,316.07
2024/11/08 07:41:00,999.00,314.45
2024/11/08 07:41:00,1000.00,314.80
2024/11/08 07:41:00,1001.00,314.06
2024/11/08 07:41:00,1002.00,312.04
2024/11/08 07:41:00,1003.00,312.76
2024/11/08 07:41:00,1004.00,310.25
2024/11/08 07:41:00,1005.00,308.51
2024/11/08 07:41:00,1006.00,308.35
2024/11/08 07:41:00,1007.00,306.94
2024/11/08 07:41:00,1008.00,307.09
2024/11/08 07:41:00,1009.00,307.56
2024/11/08 07:41:00,1010.00,306.45
2024/11/08 07:41:00,1011.00,306.95
2024/11/08 07:41:00,1012.00,306.73
2024/11/08 07:41:00,1013.00,305.25
2024/11/08 07:41:00,1014.00,306.38
2024/11/08 07:41:00,1015.00,305.78
2024/11/08 07:41:00,1016.00,304.66
2024/11/08 07:41:00,1017.00,305.14
2024/11/08 07:41:00,1018.00,304.12
2024/11/08 07:41:00,1019.00,304.10
2024/11/08 07:41:00,1020.00,303.31
2024/11/08 07:41:00,1021.00,302.96
2024/11/08 07:41:00,1022.00,303.76
2024/11/08 07:41:00,1023.00,302.57
2024/11/08 07:41:00,1024.00,300.90
2024/11/08 07:41:00,1025.00,300.84
2024/11/08 07:41:00,1026.00,298.28
2024/11/08 07:41:00,1027.00,297.17
2024/11/08 07:41:00,1028.00,298.54
2024/11/08 07:41:00,1029.00,297.09
2024/11/08 07:41:00,1030.00,296.33
2024/11/08 07:41:00,1031.00,297.80
2024/11/08 07:41:00,1032.00,293.80
2024/11/08 07:41:00,1033.00,293.10
2024/11/08 07:41:00,1034.00,292.65
2024/11/08 07:41:00,1035.00,291.00
2024/11/08 07:41:00,1036.00,290.54
2024/11/08 07:41:00,1037.00,290.78
2024/11/08 07:41:00,1038.00,291.13
2024/11/08 07:41:00,1039.00,290.67
2024/11/08 07:41:00,1040.00,290.32
2024/11/08 07:41:00,1041.00,289.27
2024/11/08 07:41:00,1042.00,287.67
2024/11/08 07:41:00,1043.00,284.92
2024/11/08 07:41:00,1044.00,284.30
2024/11/08 07:41:00,1045.00,282.02
2024/11/08 07:41:00,1046.00,282.36
2024/11/08 07:41:00,1047.00,282.71
2024/11/08 07:41:00,1048.00,281.14
2024/11/08 07:41:00,1049.00,283.56
2024/11/08 07:41:00,1050.00,284.06
2024/11/08 07:41:00,1051.00,284.91
2024/11/08 07:41:00,1052.00,286.61
2024/11/08 07:41:00,1053.00,284.86
2024/11/08 07:41:00,1054.00,282.70
2024/11/08 07:41:00,1055.00,282.23
2024/11/08 07:41:00,1056.00,279.79
2024/11/08 07:41:00,1057.00,280.57
2024/11/08 07:41:00,1058.00,278.59
2024/11/08 07:41:00,1059.00,275.22
2024/11/08 07:41:00,1060.00,277.38
2024/11/08 07:41:00,1061.00,273.33
2024/11/08 07:41:00,1062.00,271.72
2024/11/08 07:41:00,1063.00,271.98
2024/11/08 07:41:00,1064.00,266.31
2024/11/08 07:41:00,1065.00,268.30
2024/11/08 07:41:00,1066.00,270.37
2024/11/08 07:41:00,1067.00,269.93
2024/11/08 07:41:00,1068.00,276.05
2024/11/08 07:41:00,1069.00,275.62
2024/11/08 07:41:00,1070.00,272.85
2024/11/08 07:41:00,1071.00,273.19
2024/11/08 07:41:00,1072.00,267.83
2024/11/08 07:41:00,1073.00,265.99
2024/11/08 07:41:00,1074.00,267.60
2024/11/08 07:41:00,1075.00,261.86
2024/11/08 07:41:00,1076.00,266.63
2024/11/08 07:41:00,1077.00,266.42
2024/11/08 07:41:00,1078.00,265.90
2024/11/08 07:41:00,1079.00,269.90
2024/11/08 07:41:00,1080.00,270.78
2024/11/08 07:41:00,1081.00,270.26
2024/11/08 07:41:00,1082.00,269.07
2024/11/08 07:41:00,1083.00,262.61
2024/11/08 07:41:00,1084.00,260.91
2024/11/08 07:41:00,1085.00,255.83
2024/11/08 07:41:00,1086.00,253.11
2024/11/08 07:41:00,1087.00,258.33
2024/11/08 07:41:00,1088.00,256.62
2024/11/08 07:41:00,1089.00,258.02
2024/11/08 07:41:00,1090.00,261.91
2024/11/08 07:41:00,1091.00,253.46
2024/11/08 07:41:00,1092.00,254.63
2024/11/08 07:41:00,1093.00,252.95
2024/11/08 07:41:00,1094.00,247.76
2024/11/08 07:41:00,1095.00,252.68
2024/11/08 07:41:00,1096.00,250.09
2024/11/08 07:41:00,1097.00,248.84
2024/11/08 07:41:00,1098.00,250.81
2024/11/08 07:41:00,1099.00,246.93
2024/11/08 07:41:00,1100.00,254.31
2024/11/08 07:42:00,Wavelength(nm),Irradiance(W/m2/um)
2024/11/08 07:42:00,300.00,8.89
2024/11/08 07:42:00,301.00,9.92
2024/11/08 07:42:00,302.00,11.29
2024/11/08 07:42:00,303.00,12.65
2024/11/08 07:42:00,304.00,14.27
2024/11/08 07:42:00,305.00,16.23
2024/11/08 07:42:00,306.00,18.38
2024/11/08 07:42:00,307.00,21.29
2024/11/08 07:42:00,308.00,25.08
2024/11/08 07:42:00,309.00,29.49
2024/11/08 07:42:00,310.00,34.79
2024/11/08 07:42:00,311.00,40.59
2024/11/08 07:42:00,312.00,46.71
2024/11/08 07:42:00,313.00,53.90
2024/11/08 07:42:00,314.00,61.12
2024/11/08 07:42:00,315.00,68.51
2024/11/08 07:42:00,316.00,77.02
2024/11/08 07:42:00,317.00,85.65
2024/11/08 07:42:00,318.00,93.45
2024/11/08 07:42:00,319.00,100.90
2024/11/08 07:42:00,320.00,108.50
2024/11/08 07:42:00,321.00,116.33
2024/11/08 07:42:00,322.00,125.79
2024/11/08 07:42:00,323.00,136.66
2024/11/08 07:42:00,324.00,148.78
2024/11/08 07:42:00,325.00,161.58
2024/11/08 07:42:00,326.00,174.62
2024/11/08 07:42:00,327.00,186.65
2024/11/08 07:42:00,328.00,196.93
2024/11/08 07:42:00,329.00,205.00
2024/11/08 07:42:00,330.00,211.84
2024/11/08 07:42:00,331.00,217.03
2024/11/08 07:42:00,332.00,220.14
2024/11/08 07:42:00,333.00,221.26
2024/11/08 07:42:00,334.00,222.02
2024/11/08 07:42:00,335.00,222.87
2024/11/08 07:42:00,336.00,224.24
2024/11/08 07:42:00,337.00,226.71
2024/11/08 07:42:00,338.00,230.44
2024/11/08 07:42:00,339.00,235.51
2024/11/08 07:42:00,340.00,239.64
2024/11/08 07:42:00,341.00,241.67
2024/11/08 07:42:00,342.00,242.72
2024/11/08 07:42:00,343.00,244.17
2024/11/08 07:42:00,344.00,243.91
2024/11/08 07:42:00,345.00,243.86
2024/11/08 07:42:00,346.00,245.09
2024/11/08 07:42:00,347.00,247.85
2024/11/08 07:42:00,348.00,251.22
2024/11/08 07:42:00,349.00,254.89
2024/11/08 07:42:00,350.00,259.03
2024/11/08 07:42:00,351.00,265.21
2024/11/08 07:42:00,352.00,270.49
2024/11/08 07:42:00,353.00,273.47
2024/11/08 07:42:00,354.00,274.03
2024/11/08 07:42:00,355.00,270.73
2024/11/08 07:42:00,356.00,266.31
2024/11/08 07:42:00,357.00,262.87
2024/11/08 07:42:00,358.00,259.53
2024/11/08 07:42:00,359.00,260.06
2024/11/08 07:42:00,360.00,266.05
2024/11/08 07:42:00,361.00,272.47
2024/11/08 07:42:00,362.00,280.17
2024/11/08 07:42:00,363.00,292.26
2024/11/08 07:42:00,364.00,305.17
2024/11/08 07:42:00,365.00,315.53
2024/11/08 07:42:00,366.00,324.97
2024/11/08 07:42:00,367.00,331.91
2024/11/08 07:42:00,368.00,335.30
2024/11/08 07:42:00,369.00,334.58
2024/11/08 07:42:00,370.00,330.26
2024/11/08 07:42:00,371.00,322.08
2024/11/08 07:42:00,372.00,314.10
2024/11/08 07:42:00,373.00,308.68
2024/11/08 07:42:00,374.00,309.39
2024/11/08 07:42:00,375.00,317.70
2024/11/08 07:42:00,376.00,329.16
2024/11/08 07:42:00,377.00,340.00
2024/11/08 07:42:00,378.00,347.72
2024/11/08 07:42:00,379.00,345.40
2024/11/08 07:42:00,380.00,331.56
2024/11/08 07:42:00,381.00,315.42
2024/11/08 07:42:00,382.00,302.44
2024/11/08 07:42:00,383.00,292.55
2024/11/08 07:42:00,384.00,288.98
2024/11/08 07:42:00,385.00,294.09
2024/11/08 07:42:00,386.00,303.92
2024/11/08 07:42:00,387.00,316.02
2024/11/08 07:42:00,388.00,330.09
2024/11/08 07:42:00,389.00,342.66
2024/11/08 07:42:00,390.00,344.98
2024/11/08 07:42:00,391.00,339.64
2024/11/08 07:42:00,392.00,334.96
2024/11/08 07:42:00,393.00,326.88
2024/11/08 07:42:00,394.00,316.63
2024/11/08 07:42:00,395.00,321.50
2024/11/08 07:42:00,396.00,345.28
2024/11/08 07:42:00,397.00,373.83
2024/11/08 07:42:00,398.00,407.87
2024/11/08 07:42:00,399.00,448.92
2024/11/08 07:42:00,400.00,485.78
2024/11/08 07:42:00,401.00,509.60
2024/11/08 07:42:00,402.00,522.53
2024/11/08 07:42:00,403.00,525.41
2024/11/08 07:42:00,404.00,522.95
2024/11/08 07:42:00,405.00,520.46
2024/11/08 07:42:00,406.00,520.30
2024/11/08 07:42:00,407.00,520.82
2024/11/08 07:42:00,408.00,524.21
2024/11/08 07:42:00,409.00,531.58
2024/11/08 07:42:00,410.00,539.47
2024/11/08 07:42:00,411.00,545.65
2024/11/08 07:42:00,412.00,552.86
2024/11/08 07:42:00,413.00,560.56
2024/11/08 07:42:00,414.00,565.34
2024/11/08 07:42:00,415.00,566.93
2024/11/08 07:42:00,416.00,566.38
2024/11/08 07:42:00,417.00,565.62
2024/11/08 07:42:00,418.00,566.12
2024/11/08 07:42:00,419.00,567.04
2024/11/08 07:42:00,420.00,567.44
2024/11/08 07:42:00,421.00,569.47
2024/11/08 07:42:00,422.00,570.95
2024/11/08 07:42:00,423.00,570.58
2024/11/08 07:42:00,424.00,568.17
2024/11/08 07:42:00,425.00,566.02
2024/11/08 07:42:00,426.00,561.68
2024/11/08 07:42:00,427.00,550.83
2024/11/08 07:42:00,428.00,536.03
2024/11/08 07:42:00,429.00,526.84
2024/11/08 07:42:00,430.00,527.00
2024/11/08 07:42:00,431.00,532.48
2024/11/08 07:42:00,432.00,546.30
2024/11/08 07:42:00,433.00,569.62
2024/11/08 07:42:00,434.00,591.40
2024/11/08 07:42:00,435.00,601.85
2024/11/08 07:42:00,436.00,607.33
2024/11/08 07:42:00,437.00,612.20
2024/11/08 07:42:00,438.00,616.05
2024/11/08 07:42:00,439.00,620.86
2024/11/08 07:42:00,440.00,630.47
2024/11/08 07:42:00,441.00,645.12
2024/11/08 07:42:00,442.00,658.41
2024/11/08 07:42:00,443.00,666.95
2024/11/08 07:42:00,444.00,673.65
2024/11/08 07:42:00,445.00,679.70
2024/11/08 07:42:00,446.00,684.12
2024/11/08 07:42:00,447.00,693.50
2024/11/08 07:42:00,448.00,705.80
2024/11/08 07:42:00,449.00,716.06
2024/11/08 07:42:00,450.00,721.38
2024/11/08 07:42:00,451.00,723.08
2024/11/08 07:42:00,452.00,721.88
2024/11/08 07:42:00,453.00,720.52
2024/11/08 07:42:00,454.00,722.27
2024/11/08 07:42:00,455.00,726.28
2024/11/08 07:42:00,456.00,732.05
2024/11/08 07:42:00,457.00,737.27
2024/11/08 07:42:00,458.00,741.54
2024/11/08 07:42:00,459.00,745.27
2024/11/08 07:42:00,460.00,748.37
2024/11/08 07:42:00,461.00,751.26
2024/11/08 07:42:00,462.00,753.61
2024/11/08 07:42:00,463.00,753.24
2024/11/08 07:42:00,464.00,748.80
2024/11/08 07:42:00,465.00,744.69
2024/11/08 07:42:00,466.00,741.72
2024/11/08 07:42:00,467.00,737.62
2024/11/08 07:42:00,468.00,736.20
2024/11/08 07:42:00,469.00,736.77
2024/11/08 07:42:00,470.00,737.07
2024/11/08 07:42:00,471.00,739.31
2024/11/08 07:42:00,472.00,743.40
2024/11/08 07:42:00,473.00,745.12
2024/11/08 07:42:00,474.00,748.28
2024/11/08 07:42:00,475.00,750.35
2024/11/08 07:42:00,476.00,751.79
2024/11/08 07:42:00,477.00,754.03
2024/11/08 07:42:00,478.00,757.28
2024/11/08 07:42:00,479.00,760.25
2024/11/08 07:42:00,480.00,763.88
2024/11/08 07:42:00,481.00,763.52
2024/11/08 07:42:00,482.00,758.76
2024/11/08 07:42:00,483.00,748.21
2024/11/08 07:42:00,484.00,731.10
2024/11/08 07:42:00,485.00,715.90
2024/11/08 07:42:00,486.00,707.75
2024/11/08 07:42:00,487.00,705.64
2024/11/08 07:42:00,488.00,710.16
2024/11/08 07:42:00,489.00,719.86
2024/11/08 07:42:00,490.00,728.10
2024/11/08 07:42:00,491.00,733.20
2024/11/08 07:42:00,492.00,735.74
2024/11/08 07:42:00,493.00,737.99
2024/11/08 07:42:00,494.00,740.33
2024/11/08 07:42:00,495.00,743.23
2024/11/08 07:42:00,496.00,742.52
2024/11/08 07:42:00,497.00,739.67
2024/11/08 07:42:00,498.00,734.83
2024/11/08 07:42:00,499.00,727.43
2024/11/08 07:42:00,500.00,721.44
2024/11/08 07:42:00,501.00,717.98
2024/11/08 07:42:00,502.00,715.63
2024/11/08 07:42:00,503.00,717.79
2024/11/08 07:42:00,504.00,723.45
2024/11/08 07:42:00,505.00,725.85
2024/11/08 07:42:00,506.00,727.81
2024/11/08 07:42:00,507.00,730.90
2024/11/08 07:42:00,508.00,731.41
2024/11/08 07:42:00,509.00,730.16
2024/11/08 07:42:00,510.00,729.57
2024/11/08 07:42:00,511.00,727.71
2024/11/08 07:42:00,512.00,723.63
2024/11/08 07:42:00,513.00,716.79
2024/11/08 07:42:00,514.00,706.43
2024/11/08 07:42:00,515.00,693.07
2024/11/08 07:42:00,516.00,682.25
2024/11/08 07:42:00,517.00,674.45
2024/11/08 07:42:00,518.00,672.35
2024/11/08 07:42:00,519.00,676.04
2024/11/08 07:42:00,520.00,684.30
2024/11/08 07:42:00,521.00,694.36
2024/11/08 07:42:00,522.00,703.84
2024/11/08 07:42:00,523.00,707.06
2024/11/08 07:42:00,524.00,706.07
2024/11/08 07:42:00,525.00,705.08
2024/11/08 07:42:00,526.00,704.44
2024/11/08 07:42:00,527.00,703.89
2024/11/08 07:42:00,528.00,707.58
2024/11/08 07:42:00,529.00,712.35
2024/11/08 07:42:00,530.00,715.78
2024/11/08 07:42:00,531.00,715.16
2024/11/08 07:42:00,532.00,715.98
2024/11/08 07:42:00,533.00,715.31
2024/11/08 07:42:00,534.00,714.54
2024/11/08 07:42:00,535.00,716.15
2024/11/08 07:42:00,536.00,717.05
2024/11/08 07:42:00,537.00,714.04
2024/11/08 07:42:00,538.00,709.71
2024/11/08 07:42:00,539.00,707.02
2024/11/08 07:42:00,540.00,704.50
2024/11/08 07:42:00,541.00,703.09
2024/11/08 07:42:00,542.00,703.95
2024/11/08 07:42:00,543.00,706.11
2024/11/08 07:42:00,544.00,707.47
2024/11/08 07:42:00,545.00,708.30
2024/11/08 07:42:00,546.00,709.65
2024/11/08 07:42:00,547.00,710.24
2024/11/08 07:42:00,548.00,709.71
2024/11/08 07:42:00,549.00,709.34
2024/11/08 07:42:00,550.00,709.77
2024/11/08 07:42:00,551.00,708.99
2024/11/08 07:42:00,552.00,708.06
2024/11/08 07:42:00,553.00,707.32
2024/11/08 07:42:00,554.00,705.84
2024/11/08 07:42:00,555.00,700.99
2024/11/08 07:42:00,556.00,697.16
2024/11/08 07:42:00,557.00,693.20
2024/11/08 07:42:00,558.00,688.88
2024/11/08 07:42:00,559.00,686.76
2024/11/08 07:42:00,560.00,686.21
2024/11/08 07:42:00,561.00,685.90
2024/11/08 07:42:00,562.00,685.56
2024/11/08 07:42:00,563.00,684.36
2024/11/08 07:42:00,564.00,683.67
2024/11/08 07:42:00,565.00,682.77
2024/11/08 07:42:00,566.00,679.82
2024/11/08 07:42:00,567.00,677.36
2024/11/08 07:42:00,568.00,675.91
2024/11/08 07:42:00,569.00,673.03
2024/11/08 07:42:00,570.00,672.35
2024/11/08 07:42:00,571.00,674.00
2024/11/08 07:42:00,572.00,673.46
2024/11/08 07:42:00,573.00,673.90
2024/11/08 07:42:00,574.00,674.31
2024/11/08 07:42:00,575.00,672.14
2024/11/08 07:42:00,576.00,669.24
2024/11/08 07:42:00,577.00,667.53
2024/11/08 07:42:00,578.00,667.12
2024/11/08 07:42:00,579.00,668.50
2024/11/08 07:42:00,580.00,671.59
2024/11/08 07:42:00,581.00,674.98
2024/11/08 07:42:00,582.00,678.38
2024/11/08 07:42:00,583.00,680.76
2024/11/08 07:42:00,584.00,680.75
2024/11/08 07:42:00,585.00,679.39
2024/11/08 07:42:00,586.00,674.78
2024/11/08 07:42:00,587.00,668.38
2024/11/08 07:42:00,588.00,664.72
2024/11/08 07:42:00,589.00,662.17
2024/11/08 07:42:00,590.00,657.69
2024/11/08 07:42:00,591.00,658.57
2024/11/08 07:42:00,592.00,661.21
2024/11/08 07:42:00,593.00,660.69
2024/11/08 07:42:00,594.00,660.41
2024/11/08 07:42:00,595.00,662.10
2024/11/08 07:42:00,596.00,661.29
2024/11/08 07:42:00,597.00,660.55
2024/11/08 07:42:00,598.00,659.58
2024/11/08 07:42:00,599.00,657.76
2024/11/08 07:42:00,600.00,657.13
2024/11/08 07:42:00,601.00,656.17
2024/11/08 07:42:00,602.00,655.11
2024/11/08 07:42:00,603.00,655.13
2024/11/08 07:42:00,604.00,655.62
2024/11/08 07:42:00,605.00,654.76
2024/11/08 07:42:00,606.00,653.86
2024/11/08 07:42:00,607.00,652.48
2024/11/08 07:42:00,608.00,650.79
2024/11/08 07:42:00,609.00,649.22
2024/11/08 07:42:00,610.00,647.20
2024/11/08 07:42:00,611.00,646.05
2024/11/08 07:42:00,612.00,643.34
2024/11/08 07:42:00,613.00,641.22
2024/11/08 07:42:00,614.00,638.41
2024/11/08 07:42:00,615.00,636.58
2024/11/08 07:42:00,616.00,636.35
2024/11/08 07:42:00,617.00,638.21
2024/11/08 07:42:00,618.00,639.35
2024/11/08 07:42:00,619.00,640.12
2024/11/08 07:42:00,620.00,640.31
2024/11/08 07:42:00,621.00,638.34
2024/11/08 07:42:00,622.00,634.99
2024/11/08 07:42:00,623.00,632.79
2024/11/08 07:42:00,624.00,631.48
2024/11/08 07:42:00,625.00,628.49
2024/11/08 07:42:00,626.00,626.37
2024/11/08 07:42:00,627.00,625.07
2024/11/08 07:42:00,628.00,622.75
2024/11/08 07:42:00,629.00,619.95
2024/11/08 07:42:00,630.00,619.98
2024/11/08 07:42:00,631.00,619.79
2024/11/08 07:42:00,632.00,620.92
2024/11/08 07:42:00,633.00,622.80
2024/11/08 07:42:00,634.00,625.47
2024/11/08 07:42:00,635.00,627.54
2024/11/08 07:42:00,636.00,629.74
2024/11/08 07:42:00,637.00,631.37
2024/11/08 07:42:00,638.00,632.19
2024/11/08 07:42:00,639.00,631.89
2024/11/08 07:42:00,640.00,633.30
2024/11/08 07:42:00,641.00,633.34
2024/11/08 07:42:00,642.00,632.26
2024/11/08 07:42:00,643.00,632.42
2024/11/08 07:42:00,644.00,632.80
2024/11/08 07:42:00,645.00,630.23
2024/11/08 07:42:00,646.00,627.95
2024/11/08 07:42:00,647.00,627.14
2024/11/08 07:42:00,648.00,624.91
2024/11/08 07:42:00,649.00,623.64
2024/11/08 07:42:00,650.00,623.71
2024/11/08 07:42:00,651.00,623.95
2024/11/08 07:42:00,652.00,621.34
2024/11/08 07:42:00,653.00,615.35
2024/11/08 07:42:00,654.00,607.49
2024/11/08 07:42:00,655.00,602.21
2024/11/08 07:42:00,656.00,598.95
2024/11/08 07:42:00,657.00,597.40
2024/11/08 07:42:00,658.00,602.14
2024/11/08 07:42:00,659.00,608.17
2024/11/08 07:42:00,660.00,611.31
2024/11/08 07:42:00,661.00,614.14
2024/11/08 07:42:00,662.00,617.35
2024/11/08 07:42:00,663.00,618.08
2024/11/08 07:42:00,664.00,619.12
2024/11/08 07:42:00,665.00,621.42
2024/11/08 07:42:00,666.00,622.10
2024/11/08 07:42:00,667.00,624.03
2024/11/08 07:42:00,668.00,625.04
2024/11/08 07:42:00,669.00,625.72
2024/11/08 07:42:00,670.00,625.65
2024/11/08 07:42:00,671.00,625.01
2024/11/08 07:42:00,672.00,624.55
2024/11/08 07:42:00,673.00,624.21
2024/11/08 07:42:00,674.00,622.49
2024/11/08 07:42:00,675.00,621.96
2024/11/08 07:42:00,676.00,622.37
2024/11/08 07:42:00,677.00,620.14
2024/11/08 07:42:00,678.00,620.14
2024/11/08 07:42:00,679.00,620.80
2024/11/08 07:42:00,680.00,619.42
2024/11/08 07:42:00,681.00,618.63
2024/11/08 07:42:00,682.00,618.41
2024/11/08 07:42:00,683.00,611.31
2024/11/08 07:42:00,684.00,598.08
2024/11/08 07:42:00,685.00,581.84
2024/11/08 07:42:00,686.00,564.05
2024/11/08 07:42:00,687.00,547.67
2024/11/08 07:42:00,688.00,536.50
2024/11/08 07:42:00,689.00,534.79
2024/11/08 07:42:00,690.00,540.40
2024/11/08 07:42:00,691.00,547.22
2024/11/08 07:42:00,692.00,554.75
2024/11/08 07:42:00,693.00,563.51
2024/11/08 07:42:00,694.00,569.41
2024/11/08 07:42:00,695.00,573.79
2024/11/08 07:42:00,696.00,578.39
2024/11/08 07:42:00,697.00,580.89
2024/11/08 07:42:00,698.00,581.64
2024/11/08 07:42:00,699.00,582.74
2024/11/08 07:42:00,700.00,581.96
2024/11/08 07:42:00,701.00,580.37
2024/11/08 07:42:00,702.00,580.36
2024/11/08 07:42:00,703.00,583.15
2024/11/08 07:42:00,704.00,583.76
2024/11/08 07:42:00,705.00,583.77
2024/11/08 07:42:00,706.00,585.70
2024/11/08 07:42:00,707.00,585.05
2024/11/08 07:42:00,708.00,583.47
2024/11/08 07:42:00,709.00,583.62
2024/11/08 07:42:00,710.00,584.26
2024/11/08 07:42:00,711.00,583.15
2024/11/08 07:42:00,712.00,583.15
2024/11/08 07:42:00,713.00,582.02
2024/11/08 07:42:00,714.00,577.48
2024/11/08 07:42:00,715.00,570.49
2024/11/08 07:42:00,716.00,562.48
2024/11/08 07:42:00,717.00,553.44
2024/11/08 07:42:00,718.00,544.68
2024/11/08 07:42:00,719.00,538.68
2024/11/08 07:42:00,720.00,536.99
2024/11/08 07:42:00,721.00,533.56
2024/11/08 07:42:00,722.00,532.12
2024/11/08 07:42:00,723.00,532.35
2024/11/08 07:42:00,724.00,531.95
2024/11/08 07:42:00,725.00,530.58
2024/11/08 07:42:00,726.00,532.04
2024/11/08 07:42:00,727.00,533.77
2024/11/08 07:42:00,728.00,533.65
2024/11/08 07:42:00,729.00,535.40
2024/11/08 07:42:00,730.00,538.59
2024/11/08 07:42:00,731.00,541.63
2024/11/08 07:42:00,732.00,543.49
2024/11/08 07:42:00,733.00,547.48
2024/11/08 07:42:00,734.00,550.81
2024/11/08 07:42:00,735.00,549.87
2024/11/08 07:42:00,736.00,547.95
2024/11/08 07:42:00,737.00,547.71
2024/11/08 07:42:00,738.00,545.19
2024/11/08 07:42:00,739.00,542.07
2024/11/08 07:42:00,740.00,542.67
2024/11/08 07:42:00,741.00,545.12
2024/11/08 07:42:00,742.00,543.68
2024/11/08 07:42:00,743.00,543.37
2024/11/08 07:42:00,744.00,545.65
2024/11/08 07:42:00,745.00,545.44
2024/11/08 07:42:00,746.00,545.05
2024/11/08 07:42:00,747.00,547.22
2024/11/08 07:42:00,748.00,547.35
2024/11/08 07:42:00,749.00,544.19
2024/11/08 07:42:00,750.00,541.60
2024/11/08 07:42:00,751.00,539.51
2024/11/08 07:42:00,752.00,536.03
2024/11/08 07:42:00,753.00,533.30
2024/11/08 07:42:00,754.00,533.31
2024/11/08 07:42:00,755.00,531.00
2024/11/08 07:42:00,756.00,517.95
2024/11/08 07:42:00,757.00,491.87
2024/11/08 07:42:00,758.00,457.32
2024/11/08 07:42:00,759.00,415.21
2024/11/08 07:42:00,760.00,372.79
2024/11/08 07:42:00,761.00,341.03
2024/11/08 07:42:00,762.00,323.45
2024/11/08 07:42:00,763.00,320.98
2024/11/08 07:42:00,764.00,330.52
2024/11/08 07:42:00,765.00,345.91
2024/11/08 07:42:00,766.00,366.37
2024/11/08 07:42:00,767.00,391.03
2024/11/08 07:42:00,768.00,414.64
2024/11/08 07:42:00,769.00,435.28
2024/11/08 07:42:00,770.00,453.85
2024/11/08 07:42:00,771.00,469.72
2024/11/08 07:42:00,772.00,481.61
2024/11/08 07:42:00,773.00,489.34
2024/11/08 07:42:00,774.00,496.69
2024/11/08 07:42:00,775.00,503.00
2024/11/08 07:42:00,776.00,505.32
2024/11/08 07:42:00,777.00,506.82
2024/11/08 07:42:00,778.00,509.74
2024/11/08 07:42:00,779.00,509.21
2024/11/08 07:42:00,780.00,506.86
2024/11/08 07:42:00,781.00,508.36
2024/11/08 07:42:00,782.00,508.39
2024/11/08 07:42:00,783.00,506.44
2024/11/08 07:42:00,784.00,506.07
2024/11/08 07:42:00,785.00,507.06
2024/11/08 07:42:00,786.00,505.85
2024/11/08 07:42:00,787.00,504.25
2024/11/08 07:42:00,788.00,502.40
2024/11/08 07:42:00,789.00,499.75
2024/11/08 07:42:00,790.00,496.43
2024/11/08 07:42:00,791.00,493.59
2024/11/08 07:42:00,792.00,494.35
2024/11/08 07:42:00,793.00,493.39
2024/11/08 07:42:00,794.00,491.94
2024/11/08 07:42:00,795.00,491.95
2024/11/08 07:42:00,796.00,492.02
2024/11/08 07:42:00,797.00,488.79
2024/11/08 07:42:00,798.00,490.31
2024/11/08 07:42:00,799.00,490.55
2024/11/08 07:42:00,800.00,489.31
2024/11/08 07:42:00,801.00,489.34
2024/11/08 07:42:00,802.00,490.24
2024/11/08 07:42:00,803.00,488.79
2024/11/08 07:42:00,804.00,486.94
2024/11/08 07:42:00,805.00,486.10
2024/11/08 07:42:00,806.00,486.85
2024/11/08 07:42:00,807.00,483.82
2024/11/08 07:42:00,808.00,484.03
2024/11/08 07:42:00,809.00,486.07
2024/11/08 07:42:00,810.00,485.83
2024/11/08 07:42:00,811.00,483.12
2024/11/08 07:42:00,812.00,482.40
2024/11/08 07:42:00,813.00,474.78
2024/11/08 07:42:00,814.00,468.07
2024/11/08 07:42:00,815.00,465.58
2024/11/08 07:42:00,816.00,460.01
2024/11/08 07:42:00,817.00,456.78
2024/11/08 07:42:00,818.00,458.47
2024/11/08 07:42:00,819.00,460.10
2024/11/08 07:42:00,820.00,457.18
2024/11/08 07:42:00,821.00,457.36
2024/11/08 07:42:00,822.00,457.87
2024/11/08 07:42:00,823.00,457.07
2024/11/08 07:42:00,824.00,453.80
2024/11/08 07:42:00,825.00,456.09
2024/11/08 07:42:00,826.00,459.23
2024/11/08 07:42:00,827.00,457.68
2024/11/08 07:42:00,828.00,458.67
2024/11/08 07:42:00,829.00,460.58
2024/11/08 07:42:00,830.00,458.27
2024/11/08 07:42:00,831.00,457.96
2024/11/08 07:42:00,832.00,459.21
2024/11/08 07:42:00,833.00,456.17
2024/11/08 07:42:00,834.00,455.44
2024/11/08 07:42:00,835.00,453.51
2024/11/08 07:42:00,836.00,451.33
2024/11/08 07:42:00,837.00,449.98
2024/11/08 07:42:00,838.00,449.42
2024/11/08 07:42:00,839.00,448.00
2024/11/08 07:42:00,840.00,446.78
2024/11/08 07:42:00,841.00,445.79
2024/11/08 07:42:00,842.00,446.08
2024/11/08 07:42:00,843.00,445.82
2024/11/08 07:42:00,844.00,443.91
2024/11/08 07:42:00,845.00,443.66
2024/11/08 07:42:00,846.00,441.15
2024/11/08 07:42:00,847.00,435.10
2024/11/08 07:42:00,848.00,433.05
2024/11/08 07:42:00,849.00,431.30
2024/11/08 07:42:00,850.00,426.88
2024/11/08 07:42:00,851.00,423.15
2024/11/08 07:42:00,852.00,419.24
2024/11/08 07:42:00,853.00,415.43
2024/11/08 07:42:00,854.00,412.81
2024/11/08 07:42:00,855.00,412.32
2024/11/08 07:42:00,856.00,415.22
2024/11/08 07:42:00,857.00,417.62
2024/11/08 07:42:00,858.00,419.75
2024/11/08 07:42:00,859.00,422.33
2024/11/08 07:42:00,860.00,424.40
2024/11/08 07:42:00,861.00,424.54
2024/11/08 07:42:00,862.00,425.47
2024/11/08 07:42:00,863.00,422.43
2024/11/08 07:42:00,864.00,416.63
2024/11/08 07:42:00,865.00,413.54
2024/11/08 07:42:00,866.00,410.90
2024/11/08 07:42:00,867.00,408.54
2024/11/08 07:42:00,868.00,410.25
2024/11/08 07:42:00,869.00,412.05
2024/11/08 07:42:00,870.00,412.43
2024/11/08 07:42:00,871.00,413.47
2024/11/08 07:42:00,872.00,412.11
2024/11/08 07:42:00,873.00,413.20
2024/11/08 07:42:00,874.00,412.68
2024/11/08 07:42:00,875.00,411.46
2024/11/08 07:42:00,876.00,412.92
2024/11/08 07:42:00,877.00,412.51
2024/11/08 07:42:00,878.00,410.82
2024/11/08 07:42:00,879.00,411.26
2024/11/08 07:42:00,880.00,409.97
2024/11/08 07:42:00,881.00,408.64
2024/11/08 07:42:00,882.00,410.10
2024/11/08 07:42:00,883.00,409.43
2024/11/08 07:42:00,884.00,408.81
2024/11/08 07:42:00,885.00,408.19
2024/11/08 07:42:00,886.00,405.56
2024/11/08 07:42:00,887.00,404.01
2024/11/08 07:42:00,888.00,402.65
2024/11/08 07:42:00,889.00,401.23
2024/11/08 07:42:00,890.00,401.93
2024/11/08 07:42:00,891.00,400.38
2024/11/08 07:42:00,892.00,397.96
2024/11/08 07:42:00,893.00,395.68
2024/11/08 07:42:00,894.00,389.27
2024/11/08 07:42:00,895.00,381.32
2024/11/08 07:42:00,896.00,374.11
2024/11/08 07:42:00,897.00,365.26
2024/11/08 07:42:00,898.00,357.48
2024/11/08 07:42:00,899.00,352.68
2024/11/08 07:42:00,900.00,349.55
2024/11/08 07:42:00,901.00,349.64
2024/11/08 07:42:00,902.00,351.99
2024/11/08 07:42:00,903.00,353.51
2024/11/08 07:42:00,904.00,354.45
2024/11/08 07:42:00,905.00,351.88
2024/11/08 07:42:00,906.00,349.13
2024/11/08 07:42:00,907.00,345.69
2024/11/08 07:42:00,908.00,342.51
2024/11/08 07:42:00,909.00,341.35
2024/11/08 07:42:00,910.00,341.10
2024/11/08 07:42:00,911.00,339.36
2024/11/08 07:42:00,912.00,338.71
2024/11/08 07:42:00,913.00,337.61
2024/11/08 07:42:00,914.00,335.60
2024/11/08 07:42:00,915.00,336.14
2024/11/08 07:42:00,916.00,337.53
2024/11/08 07:42:00,917.00,338.37
2024/11/08 07:42:00,918.00,341.02
2024/11/08 07:42:00,919.00,342.68
2024/11/08 07:42:00,920.00,342.26
2024/11/08 07:42:00,921.00,341.86
2024/11/08 07:42:00,922.00,340.30
2024/11/08 07:42:00,923.00,339.22
2024/11/08 07:42:00,924.00,338.01
2024/11/08 07:42:00,925.00,335.47
2024/11/08 07:42:00,926.00,332.06
2024/11/08 07:42:00,927.00,324.94
2024/11/08 07:42:00,928.00,314.46
2024/11/08 07:42:00,929.00,301.94
2024/11/08 07:42:00,930.00,285.07
2024/11/08 07:42:00,931.00,266.88
2024/11/08 07:42:00,932.00,251.03
2024/11/08 07:42:00,933.00,235.65
2024/11/08 07:42:00,934.00,223.22
2024/11/08 07:42:00,935.00,217.71
2024/11/08 07:42:00,936.00,214.74
2024/11/08 07:42:00,937.00,217.00
2024/11/08 07:42:00,938.00,222.14
2024/11/08 07:42:00,939.00,226.65
2024/11/08 07:42:00,940.00,230.15
2024/11/08 07:42:00,941.00,231.05
2024/11/08 07:42:00,942.00,229.22
2024/11/08 07:42:00,943.00,227.76
2024/11/08 07:42:00,944.00,226.34
2024/11/08 07:42:00,945.00,226.86
2024/11/08 07:42:00,946.00,228.13
2024/11/08 07:42:00,947.00,228.59
2024/11/08 07:42:00,948.00,230.58
2024/11/08 07:42:00,949.00,232.03
2024/11/08 07:42:00,950.00,231.45
2024/11/08 07:42:00,951.00,233.87
2024/11/08 07:42:00,952.00,235.14
2024/11/08 07:42:00,953.00,234.73
2024/11/08 07:42:00,954.00,238.06
2024/11/08 07:42:00,955.00,239.64
2024/11/08 07:42:00,956.00,241.94
2024/11/08 07:42:00,957.00,245.74
2024/11/08 07:42:00,958.00,248.86
2024/11/08 07:42:00,959.00,252.48
2024/11/08 07:42:00,960.00,256.35
2024/11/08 07:42:00,961.00,259.21
2024/11/08 07:42:00,962.00,264.01
2024/11/08 07:42:00,963.00,267.41
2024/11/08 07:42:00,964.00,270.65
2024/11/08 07:42:00,965.00,277.08
2024/11/08 07:42:00,966.00,282.49
2024/11/08 07:42:00,967.00,287.89
2024/11/08 07:42:00,968.00,294.66
2024/11/08 07:42:00,969.00,299.63
2024/11/08 07:42:00,970.00,301.82
2024/11/08 07:42:00,971.00,302.46
2024/11/08 07:42:00,972.00,301.95
2024/11/08 07:42:00,973.00,301.05
2024/11/08 07:42:00,974.00,299.99
2024/11/08 07:42:00,975.00,300.31
2024/11/08 07:42:00,976.00,301.82
2024/11/08 07:42:00,977.00,302.36
2024/11/08 07:42:00,978.00,304.32
2024/11/08 07:42:00,979.00,306.69
2024/11/08 07:42:00,980.00,307.59
2024/11/08 07:42:00,981.00,310.40
2024/11/08 07:42:00,982.00,312.48
2024/11/08 07:42:00,983.00,313.12
2024/11/08 07:42:00,984.00,316.53
2024/11/08 07:42:00,985.00,317.83
2024/11/08 07:42:00,986.00,317.84
2024/11/08 07:42:00,987.00,319.67
2024/11/08 07:42:00,988.00,319.31
2024/11/08 07:42:00,989.00,319.59
2024/11/08 07:42:00,990.00,320.69
2024/11/08 07:42:00,991.00,320.40
2024/11/08 07:42:00,992.00,321.07
2024/11/08 07:42:00,993.00,321.16
2024/11/08 07:42:00,994.00,319.63
2024/11/08 07:42:00,995.00,320.32
2024/11/08 07:42:00,996.00,319.68
2024/11/08 07:42:00,997.00,319.15
2024/11/08 07:42:00,998.00,319.20
2024/11/08 07:42:00,999.00,317.79
2024/11/08 07:42:00,1000.00,317.04
2024/11/08 07:42:00,1001.00,315.90
2024/11/08 07:42:00,1002.00,313.79
2024/11/08 07:42:00,1003.00,312.57
2024/11/08 07:42:00,1004.00,310.24
2024/11/08 07:42:00,1005.00,308.71
2024/11/08 07:42:00,1006.00,309.07
2024/11/08 07:42:00,1007.00,307.78
2024/11/08 07:42:00,1008.00,309.08
2024/11/08 07:42:00,1009.00,309.05
2024/11/08 07:42:00,1010.00,307.37
2024/11/08 07:42:00,1011.00,307.67
2024/11/08 07:42:00,1012.00,307.97
2024/11/08 07:42:00,1013.00,306.73
2024/11/08 07:42:00,1014.00,308.80
2024/11/08 07:42:00,1015.00,308.47
2024/11/08 07:42:00,1016.00,307.60
2024/11/08 07:42:00,1017.00,308.65
2024/11/08 07:42:00,1018.00,306.80
2024/11/08 07:42:00,1019.00,304.39
2024/11/08 07:42:00,1020.00,303.53
2024/11/08 07:42:00,1021.00,301.42
2024/11/08 07:42:00,1022.00,300.94
2024/11/08 07:42:00,1023.00,301.04
2024/11/08 07:42:00,1024.00,301.07
2024/11/08 07:42:00,1025.00,301.59
2024/11/08 07:42:00,1026.00,301.11
2024/11/08 07:42:00,1027.00,300.39
2024/11/08 07:42:00,1028.00,300.23
2024/11/08 07:42:00,1029.00,299.16
2024/11/08 07:42:00,1030.00,298.46
2024/11/08 07:42:00,1031.00,297.06
2024/11/08 07:42:00,1032.00,294.77
2024/11/08 07:42:00,1033.00,296.10
2024/11/08 07:42:00,1034.00,294.79
2024/11/08 07:42:00,1035.00,293.56
2024/11/08 07:42:00,1036.00,294.75
2024/11/08 07:42:00,1037.00,293.07
2024/11/08 07:42:00,1038.00,291.64
2024/11/08 07:42:00,1039.00,291.22
2024/11/08 07:42:00,1040.00,289.75
2024/11/08 07:42:00,1041.00,290.13
2024/11/08 07:42:00,1042.00,288.22
2024/11/08 07:42:00,1043.00,288.10
2024/11/08 07:42:00,1044.00,289.01
2024/11/08 07:42:00,1045.00,287.46
2024/11/08 07:42:00,1046.00,287.97
2024/11/08 07:42:00,1047.00,288.74
2024/11/08 07:42:00,1048.00,284.72
2024/11/08 07:42:00,1049.00,284.50
2024/11/08 07:42:00,1050.00,282.77
2024/11/08 07:42:00,1051.00,285.36
2024/11/08 07:42:00,1052.00,286.06
2024/11/08 07:42:00,1053.00,285.53
2024/11/08 07:42:00,1054.00,284.37
2024/11/08 07:42:00,1055.00,284.13
2024/11/08 07:42:00,1056.00,281.63
2024/11/08 07:42:00,1057.00,282.46
2024/11/08 07:42:00,1058.00,280.69
2024/11/08 07:42:00,1059.00,276.15
2024/11/08 07:42:00,1060.00,277.54
2024/11/08 07:42:00,1061.00,274.35
2024/11/08 07:42:00,1062.00,272.09
2024/11/08 07:42:00,1063.00,276.17
2024/11/08 07:42:00,1064.00,272.78
2024/11/08 07:42:00,1065.00,272.04
2024/11/08 07:42:00,1066.00,275.09
2024/11/08 07:42:00,1067.00,271.73
2024/11/08 07:42:00,1068.00,271.40
2024/11/08 07:42:00,1069.00,270.77
2024/11/08 07:42:00,1070.00,269.09
2024/11/08 07:42:00,1071.00,268.39
2024/11/08 07:42:00,1072.00,267.04
2024/11/08 07:42:00,1073.00,272.32
2024/11/08 07:42:00,1074.00,273.32
2024/11/08 07:42:00,1075.00,267.29
2024/11/08 07:42:00,1076.00,273.84
2024/11/08 07:42:00,1077.00,272.74
2024/11/08 07:42:00,1078.00,267.65
2024/11/08 07:42:00,1079.00,274.69
2024/11/08 07:42:00,1080.00,270.33
2024/11/08 07:42:00,1081.00,263.51
2024/11/08 07:42:00,1082.00,267.58
2024/11/08 07:42:00,1083.00,262.65
2024/11/08 07:42:00,1084.00,262.93
2024/11/08 07:42:00,1085.00,268.39
2024/11/08 07:42:00,1086.00,265.63
2024/11/08 07:42:00,1087.00,263.29
2024/11/08 07:42:00,1088.00,260.74
2024/11/08 07:42:00,1089.00,255.02
2024/11/08 07:42:00,1090.00,254.38
2024/11/08 07:42:00,1091.00,251.59
2024/11/08 07:42:00,1092.00,256.91
2024/11/08 07:42:00,1093.00,256.06
2024/11/08 07:42:00,1094.00,248.96
2024/11/08 07:42:00,1095.00,257.93
2024/11/08 07:42:00,1096.00,255.55
2024/11/08 07:42:00,1097.00,246.76
2024/11/08 07:42:00,1098.00,254.33
2024/11/08 07:42:00,1099.00,253.78
2024/11/08 07:42:00,1100.00,249.16
2024/11/08 07:43:00,Wavelength(nm),Irradiance(W/m2/um)
2024/11/08 07:43:00,300.00,9.05
2024/11/08 07:43:00,301.00,9.84
2024/11/08 07:43:00,302.00,11.22
2024/11/08 07:43:00,303.00,12.40
2024/11/08 07:43:00,304.00,14.00
2024/11/08 07:43:00,305.00,16.52
2024/11/08 07:43:00,306.00,18.96
2024/11/08 07:43:00,307.00,21.77
2024/11/08 07:43:00,308.00,25.88
2024/11/08 07:43:00,309.00,30.39
2024/11/08 07:43:00,310.00,35.45
2024/11/08 07:43:00,311.00,41.26
2024/11/08 07:43:00,312.00,47.45
2024/11/08 07:43:00,313.00,54.20
2024/11/08 07:43:00,314.00,61.67
2024/11/08 07:43:00,315.00,69.24
2024/11/08 07:43:00,316.00,77.53
2024/11/08 07:43:00,317.00,86.23
2024/11/08 07:43:00,318.00,93.92
2024/11/08 07:43:00,319.00,101.34
2024/11/08 07:43:00,320.00,108.90
2024/11/08 07:43:00,321.00,116.82
2024/11/08 07:43:00,322.00,126.36
2024/11/08 07:43:00,323.00,137.57
2024/11/08 07:43:00,324.00,149.62
2024/11/08 07:43:00,325.00,162.26
2024/11/08 07:43:00,326.00,175.57
2024/11/08 07:43:00,327.00,187.56
2024/11/08 07:43:00,328.00,197.77
2024/11/08 07:43:00,329.00,206.26
2024/11/08 07:43:00,330.00,213.22
2024/11/08 07:43:00,331.00,218.14
2024/11/08 07:43:00,332.00,221.56
2024/11/08 07:43:00,333.00,222.88
2024/11/08 07:43:00,334.00,223.70
2024/11/08 07:43:00,335.00,224.50
2024/11/08 07:43:00,336.00,225.75
2024/11/08 07:43:00,337.00,227.94
2024/11/08 07:43:00,338.00,231.78
2024/11/08 07:43:00,339.00,236.60
2024/11/08 07:43:00,340.00,240.97
2024/11/08 07:43:00,341.00,243.21
2024/11/08 07:43:00,342.00,243.98
2024/11/08 07:43:00,343.00,245.13
2024/11/08 07:43:00,344.00,245.32
2024/11/08 07:43:00,345.00,245.35
2024/11/08 07:43:00,346.00,246.64
2024/11/08 07:43:00,347.00,249.62
2024/11/08 07:43:00,348.00,253.14
2024/11/08 07:43:00,349.00,256.32
2024/11/08 07:43:00,350.00,260.14
2024/11/08 07:43:00,351.00,266.51
2024/11/08 07:43:00,352.00,272.21
2024/11/08 07:43:00,353.00,275.33
2024/11/08 07:43:00,354.00,276.17
2024/11/08 07:43:00,355.00,273.25
2024/11/08 07:43:00,356.00,268.44
2024/11/08 07:43:00,357.00,264.71
2024/11/08 07:43:00,358.00,261.27
2024/11/08 07:43:00,359.00,261.40
2024/11/08 07:43:00,360.00,266.86
2024/11/08 07:43:00,361.00,273.52
2024/11/08 07:43:00,362.00,281.16
2024/11/08 07:43:00,363.00,293.31
2024/11/08 07:43:00,364.00,306.79
2024/11/08 07:43:00,365.00,317.74
2024/11/08 07:43:00,366.00,326.89
2024/11/08 07:43:00,367.00,334.24
2024/11/08 07:43:00,368.00,337.74
2024/11/08 07:43:00,369.00,337.00
2024/11/08 07:43:00,370.00,332.26
2024/11/08 07:43:00,371.00,324.38
2024/11/08 07:43:00,372.00,316.08
2024/11/08 07:43:00,373.00,310.42
2024/11/08 07:43:00,374.00,310.92
2024/11/08 07:43:00,375.00,319.46
2024/11/08 07:43:00,376.00,330.90
2024/11/08 07:43:00,377.00,342.03
2024/11/08 07:43:00,378.00,349.97
2024/11/08 07:43:00,379.00,348.07
2024/11/08 07:43:00,380.00,334.09
2024/11/08 07:43:00,381.00,317.74
2024/11/08 07:43:00,382.00,304.40
2024/11/08 07:43:00,383.00,294.28
2024/11/08 07:43:00,384.00,290.42
2024/11/08 07:43:00,385.00,295.46
2024/11/08 07:43:00,386.00,305.42
2024/11/08 07:43:00,387.00,317.86
2024/11/08 07:43:00,388.00,332.25
2024/11/08 07:43:00,389.00,344.42
2024/11/08 07:43:00,390.00,346.86
2024/11/08 07:43:00,391.00,341.61
2024/11/08 07:43:00,392.00,336.92
2024/11/08 07:43:00,393.00,328.86
2024/11/08 07:43:00,394.00,318.90
2024/11/08 07:43:00,395.00,323.83
2024/11/08 07:43:00,396.00,347.50
2024/11/08 07:43:00,397.00,375.83
2024/11/08 07:43:00,398.00,409.52
2024/11/08 07:43:00,399.00,450.61
2024/11/08 07:43:00,400.00,487.82
2024/11/08 07:43:00,401.00,511.84
2024/11/08 07:43:00,402.00,525.26
2024/11/08 07:43:00,403.00,528.78
2024/11/08 07:43:00,404.00,526.58
2024/11/08 07:43:00,405.00,524.04
2024/11/08 07:43:00,406.00,523.34
2024/11/08 07:43:00,407.00,524.06
2024/11/08 07:43:00,408.00,527.59
2024/11/08 07:43:00,409.00,534.29
2024/11/08 07:43:00,410.00,541.80
2024/11/08 07:43:00,411.00,548.63
2024/11/08 07:43:00,412.00,555.35
2024/11/08 07:43:00,413.00,562.50
2024/11/08 07:43:00,414.00,567.85
2024/11/08 07:43:00,415.00,569.68
2024/11/08 07:43:00,416.00,569.81
2024/11/08 07:43:00,417.00,569.38
2024/11/08 07:43:00,418.00,569.25
2024/11/08 07:43:00,419.00,569.92
2024/11/08 07:43:00,420.00,570.83
2024/11/08 07:43:00,421.00,571.50
2024/11/08 07:43:00,422.00,572.79
2024/11/08 07:43:00,423.00,573.46
2024/11/08 07:43:00,424.00,571.39
2024/11/08 07:43:00,425.00,569.51
2024/11/08 07:43:00,426.00,565.63
2024/11/08 07:43:00,427.00,554.76
2024/11/08 07:43:00,428.00,539.53
2024/11/08 07:43:00,429.00,530.82
2024/11/08 07:43:00,430.00,530.04
2024/11/08 07:43:00,431.00,535.55
2024/11/08 07:43:00,432.00,550.29
2024/11/08 07:43:00,433.00,573.44
2024/11/08 07:43:00,434.00,594.89
2024/11/08 07:43:00,435.00,606.22
2024/11/08 07:43:00,436.00,611.91
2024/11/08 07:43:00,437.00,616.12
2024/11/08 07:43:00,438.00,619.75
2024/11/08 07:43:00,439.00,624.15
2024/11/08 07:43:00,440.00,633.81
2024/11/08 07:43:00,441.00,648.10
2024/11/08 07:43:00,442.00,660.86
2024/11/08 07:43:00,443.00,669.89
2024/11/08 07:43:00,444.00,676.39
2024/11/08 07:43:00,445.00,681.68
2024/11/08 07:43:00,446.00,686.76
2024/11/08 07:43:00,447.00,697.28
2024/11/08 07:43:00,448.00,710.46
2024/11/08 07:43:00,449.00,721.54
2024/11/08 07:43:00,450.00,727.44
2024/11/08 07:43:00,451.00,729.67
2024/11/08 07:43:00,452.00,728.13
2024/11/08 07:43:00,453.00,725.71
2024/11/08 07:43:00,454.00,726.58
2024/11/08 07:43:00,455.00,730.47
2024/11/08 07:43:00,456.00,735.26
2024/11/08 07:43:00,457.00,740.04
2024/11/08 07:43:00,458.00,744.62
2024/11/08 07:43:00,459.00,749.20
2024/11/08 07:43:00,460.00,752.11
2024/11/08 07:43:00,461.00,755.90
2024/11/08 07:43:00,462.00,757.99
2024/11/08 07:43:00,463.00,756.95
2024/11/08 07:43:00,464.00,753.38
2024/11/08 07:43:00,465.00,749.54
2024/11/08 07:43:00,466.00,745.52
2024/11/08 07:43:00,467.00,742.58
2024/11/08 07:43:00,468.00,741.56
2024/11/08 07:43:00,469.00,741.53
2024/11/08 07:43:00,470.00,741.37
2024/11/08 07:43:00,471.00,743.46
2024/11/08 07:43:00,472.00,747.19
2024/11/08 07:43:00,473.00,748.65
2024/11/08 07:43:00,474.00,749.37
2024/11/08 07:43:00,475.00,752.19
2024/11/08 07:43:00,476.00,755.12
2024/11/08 07:43:00,477.00,757.82
2024/11/08 07:43:00,478.00,761.84
2024/11/08 07:43:00,479.00,765.93
2024/11/08 07:43:00,480.00,769.19
2024/11/08 07:43:00,481.00,767.67
2024/11/08 07:43:00,482.00,762.65
2024/11/08 07:43:00,483.00,751.41
2024/11/08 07:43:00,484.00,734.88
2024/11/08 07:43:00,485.00,720.37
2024/11/08 07:43:00,486.00,712.18
2024/11/08 07:43:00,487.00,709.62
2024/11/08 07:43:00,488.00,714.20
2024/11/08 07:43:00,489.00,723.96
2024/11/08 07:43:00,490.00,731.13
2024/11/08 07:43:00,491.00,735.23
2024/11/08 07:43:00,492.00,738.83
2024/11/08 07:43:00,493.00,741.58
2024/11/08 07:43:00,494.00,743.17
2024/11/08 07:43:00,495.00,746.57
2024/11/08 07:43:00,496.00,747.72
2024/11/08 07:43:00,497.00,745.11
2024/11/08 07:43:00,498.00,739.72
2024/11/08 07:43:00,499.00,733.61
2024/11/08 07:43:00,500.00,727.50
2024/11/08 07:43:00,501.00,723.75
2024/11/08 07:43:00,502.00,721.15
2024/11/08 07:43:00,503.00,721.73
2024/11/08 07:43:00,504.00,725.67
2024/11/08 07:43:00,505.00,728.46
2024/11/08 07:43:00,506.00,729.17
2024/11/08 07:43:00,507.00,732.57
2024/11/08 07:43:00,508.00,735.29
2024/11/08 07:43:00,509.00,734.95
2024/11/08 07:43:00,510.00,734.05
2024/11/08 07:43:00,511.00,733.10
2024/11/08 07:43:00,512.00,728.19
2024/11/08 07:43:00,513.00,720.58
2024/11/08 07:43:00,514.00,710.51
2024/11/08 07:43:00,515.00,697.02
2024/11/08 07:43:00,516.00,686.46
2024/11/08 07:43:00,517.00,680.66
2024/11/08 07:43:00,518.00,677.95
2024/11/08 07:43:00,519.00,680.74
2024/11/08 07:43:00,520.00,689.19
2024/11/08 07:43:00,521.00,698.17
2024/11/08 07:43:00,522.00,706.28
2024/11/08 07:43:00,523.00,709.62
2024/11/08 07:43:00,524.00,708.93
2024/11/08 07:43:00,525.00,708.02
2024/11/08 07:43:00,526.00,707.50
2024/11/08 07:43:00,527.00,707.50
2024/11/08 07:43:00,528.00,711.68
2024/11/08 07:43:00,529.00,717.14
2024/11/08 07:43:00,530.00,719.89
2024/11/08 07:43:00,531.00,720.87
2024/11/08 07:43:00,532.00,721.57
2024/11/08 07:43:00,533.00,720.32
2024/11/08 07:43:00,534.00,719.03
2024/11/08 07:43:00,535.00,720.53
2024/11/08 07:43:00,536.00,720.61
2024/11/08 07:43:00,537.00,717.13
2024/11/08 07:43:00,538.00,713.14
2024/11/08 07:43:00,539.00,709.72
2024/11/08 07:43:00,540.00,706.05
2024/11/08 07:43:00,541.00,705.22
2024/11/08 07:43:00,542.00,705.06
2024/11/08 07:43:00,543.00,706.06
2024/11/08 07:43:00,544.00,707.23
2024/11/08 07:43:00,545.00,709.24
2024/11/08 07:43:00,546.00,709.43
2024/11/08 07:43:00,547.00,711.07
2024/11/08 07:43:00,548.00,711.55
2024/11/08 07:43:00,549.00,712.13
2024/11/08 07:43:00,550.00,712.28
2024/11/08 07:43:00,551.00,712.06
2024/11/08 07:43:00,552.00,712.60
2024/11/08 07:43:00,553.00,712.40
2024/11/08 07:43:00,554.00,710.47
2024/11/08 07:43:00,555.00,706.27
2024/11/08 07:43:00,556.00,702.05
2024/11/08 07:43:00,557.00,696.07
2024/11/08 07:43:00,558.00,690.56
2024/11/08 07:43:00,559.00,688.15
2024/11/08 07:43:00,560.00,688.04
2024/11/08 07:43:00,561.00,688.57
2024/11/08 07:43:00,562.00,689.06
2024/11/08 07:43:00,563.00,688.71
2024/11/08 07:43:00,564.00,688.03
2024/11/08 07:43:00,565.00,686.14
2024/11/08 07:43:00,566.00,683.07
2024/11/08 07:43:00,567.00,681.08
2024/11/08 07:43:00,568.00,678.98
2024/11/08 07:43:00,569.00,676.45
2024/11/08 07:43:00,570.00,675.95
2024/11/08 07:43:00,571.00,677.45
2024/11/08 07:43:00,572.00,676.47
2024/11/08 07:43:00,573.00,676.09
2024/11/08 07:43:00,574.00,676.92
2024/11/08 07:43:00,575.00,675.67
2024/11/08 07:43:00,576.00,672.37
2024/11/08 07:43:00,577.00,672.12
2024/11/08 07:43:00,578.00,672.82
2024/11/08 07:43:00,579.00,674.17
2024/11/08 07:43:00,580.00,676.78
2024/11/08 07:43:00,581.00,680.27
2024/11/08 07:43:00,582.00,682.26
2024/11/08 07:43:00,583.00,683.37
2024/11/08 07:43:00,584.00,683.37
2024/11/08 07:43:00,585.00,681.57
2024/11/08 07:43:00,586.00,676.00
2024/11/08 07:43:00,587.00,670.45
2024/11/08 07:43:00,588.00,666.35
2024/11/08 07:43:00,589.00,663.33
2024/11/08 07:43:00,590.00,659.75
2024/11/08 07:43:00,591.00,661.93
2024/11/08 07:43:00,592.00,664.26
2024/11/08 07:43:00,593.00,664.73
2024/11/08 07:43:00,594.00,664.85
2024/11/08 07:43:00,595.00,666.17
2024/11/08 07:43:00,596.00,665.12
2024/11/08 07:43:00,597.00,663.78
2024/11/08 07:43:00,598.00,663.02
2024/11/08 07:43:00,599.00,660.77
2024/11/08 07:43:00,600.00,657.99
2024/11/08 07:43:00,601.00,657.68
2024/11/08 07:43:00,602.00,657.78
2024/11/08 07:43:00,603.00,657.55
2024/11/08 07:43:00,604.00,657.37
2024/11/08 07:43:00,605.00,657.85
2024/11/08 07:43:00,606.00,657.28
2024/11/08 07:43:00,607.00,654.92
2024/11/08 07:43:00,608.00,653.44
2024/11/08 07:43:00,609.00,651.73
2024/11/08 07:43:00,610.00,650.80
2024/11/08 07:43:00,611.00,647.87
2024/11/08 07:43:00,612.00,647.47
2024/11/08 07:43:00,613.00,645.44
2024/11/08 07:43:00,614.00,643.46
2024/11/08 07:43:00,615.00,641.49
2024/11/08 07:43:00,616.00,641.93
2024/11/08 07:43:00,617.00,642.20
2024/11/08 07:43:00,618.00,642.75
2024/11/08 07:43:00,619.00,645.29
2024/11/08 07:43:00,620.00,644.82
2024/11/08 07:43:00,621.00,642.37
2024/11/08 07:43:00,622.00,640.82
2024/11/08 07:43:00,623.00,638.78
2024/11/08 07:43:00,624.00,635.76
2024/11/08 07:43:00,625.00,634.40
2024/11/08 07:43:00,626.00,631.62
2024/11/08 07:43:00,627.00,628.60
2024/11/08 07:43:00,628.00,625.85
2024/11/08 07:43:00,629.00,624.47
2024/11/08 07:43:00,630.00,624.09
2024/11/08 07:43:00,631.00,625.01
2024/11/08 07:43:00,632.00,626.27
2024/11/08 07:43:00,633.00,628.30
2024/11/08 07:43:00,634.00,629.73
2024/11/08 07:43:00,635.00,630.88
2024/11/08 07:43:00,636.00,632.46
2024/11/08 07:43:00,637.00,633.49
2024/11/08 07:43:00,638.00,634.19
2024/11/08 07:43:00,639.00,634.41
2024/11/08 07:43:00,640.00,635.64
2024/11/08 07:43:00,641.00,635.75
2024/11/08 07:43:00,642.00,635.52
2024/11/08 07:43:00,643.00,635.50
2024/11/08 07:43:00,644.00,634.38
2024/11/08 07:43:00,645.00,633.24
2024/11/08 07:43:00,646.00,630.79
2024/11/08 07:43:00,647.00,629.61
2024/11/08 07:43:00,648.00,628.08
2024/11/08 07:43:00,649.00,628.42
2024/11/08 07:43:00,650.00,626.92
2024/11/08 07:43:00,651.00,626.57
2024/11/08 07:43:00,652.00,623.89
2024/11/08 07:43:00,653.00,616.88
2024/11/08 07:43:00,654.00,609.52
2024/11/08 07:43:00,655.00,605.44
2024/11/08 07:43:00,656.00,602.01
2024/11/08 07:43:00,657.00,601.78
2024/11/08 07:43:00,658.00,607.27
2024/11/08 07:43:00,659.00,612.11
2024/11/08 07:43:00,660.00,614.28
2024/11/08 07:43:00,661.00,617.19
2024/11/08 07:43:00,662.00,620.13
2024/11/08 07:43:00,663.00,620.85
2024/11/08 07:43:00,664.00,622.73
2024/11/08 07:43:00,665.00,625.37
2024/11/08 07:43:00,666.00,627.17
2024/11/08 07:43:00,667.00,627.95
2024/11/08 07:43:00,668.00,629.08
2024/11/08 07:43:00,669.00,629.30
2024/11/08 07:43:00,670.00,627.87
2024/11/08 07:43:00,671.00,627.82
2024/11/08 07:43:00,672.00,626.85
2024/11/08 07:43:00,673.00,626.31
2024/11/08 07:43:00,674.00,625.59
2024/11/08 07:43:00,675.00,627.07
2024/11/08 07:43:00,676.00,626.37
2024/11/08 07:43:00,677.00,626.05
2024/11/08 07:43:00,678.00,626.50
2024/11/08 07:43:00,679.00,625.55
2024/11/08 07:43:00,680.00,622.07
2024/11/08 07:43:00,681.00,620.21
2024/11/08 07:43:00,682.00,618.58
2024/11/08 07:43:00,683.00,611.33
2024/11/08 07:43:00,684.00,598.64
2024/11/08 07:43:00,685.00,584.47
2024/11/08 07:43:00,686.00,568.27
2024/11/08 07:43:00,687.00,551.89
2024/11/08 07:43:00,688.00,540.97
2024/11/08 07:43:00,689.00,539.09
2024/11/08 07:43:00,690.00,543.17
2024/11/08 07:43:00,691.00,549.49
2024/11/08 07:43:00,692.00,557.86
2024/11/08 07:43:00,693.00,565.44
2024/11/08 07:43:00,694.00,571.72
2024/11/08 07:43:00,695.00,576.95
2024/11/08 07:43:00,696.00,581.14
2024/11/08 07:43:00,697.00,584.23
2024/11/08 07:43:00,698.00,586.02
2024/11/08 07:43:00,699.00,586.86
2024/11/08 07:43:00,700.00,585.71
2024/11/08 07:43:00,701.00,585.76
2024/11/08 07:43:00,702.00,585.84
2024/11/08 07:43:00,703.00,586.88
2024/11/08 07:43:00,704.00,587.05
2024/11/08 07:43:00,705.00,587.44
2024/11/08 07:43:00,706.00,587.70
2024/11/08 07:43:00,707.00,586.56
2024/11/08 07:43:00,708.00,585.43
2024/11/08 07:43:00,709.00,586.15
2024/11/08 07:43:00,710.00,586.35
2024/11/08 07:43:00,711.00,585.24
2024/11/08 07:43:00,712.00,584.83
2024/11/08 07:43:00,713.00,583.30
2024/11/08 07:43:00,714.00,579.58
2024/11/08 07:43:00,715.00,572.87
2024/11/08 07:43:00,716.00,564.13
2024/11/08 07:43:00,717.00,554.78
2024/11/08 07:43:00,718.00,546.30
2024/11/08 07:43:00,719.00,540.12
2024/11/08 07:43:00,720.00,537.03
2024/11/08 07:43:00,721.00,536.86
2024/11/08 07:43:00,722.00,535.80
2024/11/08 07:43:00,723.00,534.96
2024/11/08 07:43:00,724.00,533.56
2024/11/08 07:43:00,725.00,533.23
2024/11/08 07:43:00,726.00,533.25
2024/11/08 07:43:00,727.00,533.65
2024/11/08 07:43:00,728.00,534.98
2024/11/08 07:43:00,729.00,535.55
2024/11/08 07:43:00,730.00,538.99
2024/11/08 07:43:00,731.00,542.86
2024/11/08 07:43:00,732.00,545.97
2024/11/08 07:43:00,733.00,549.34
2024/11/08 07:43:00,734.00,551.45
2024/11/08 07:43:00,735.00,550.11
2024/11/08 07:43:00,736.00,549.65
2024/11/08 07:43:00,737.00,550.63
2024/11/08 07:43:00,738.00,549.47
2024/11/08 07:43:00,739.00,550.26
2024/11/08 07:43:00,740.00,551.36
2024/11/08 07:43:00,741.00,550.25
2024/11/08 07:43:00,742.00,548.92
2024/11/08 07:43:00,743.00,549.14
2024/11/08 07:43:00,744.00,547.64
2024/11/08 07:43:00,745.00,547.77
2024/11/08 07:43:00,746.00,546.44
2024/11/08 07:43:00,747.00,546.83
2024/11/08 07:43:00,748.00,545.65
2024/11/08 07:43:00,749.00,543.12
2024/11/08 07:43:00,750.00,543.21
2024/11/08 07:43:00,751.00,543.11
2024/11/08 07:43:00,752.00,540.00
2024/11/08 07:43:00,753.00,539.15
2024/11/08 07:43:00,754.00,539.47
2024/11/08 07:43:00,755.00,535.52
2024/11/08 07:43:00,756.00,523.44
2024/11/08 07:43:00,757.00,497.42
2024/11/08 07:43:00,758.00,458.19
2024/11/08 07:43:00,759.00,417.11
2024/11/08 07:43:00,760.00,375.31
2024/11/08 07:43:00,761.00,341.79
2024/11/08 07:43:00,762.00,325.36
2024/11/08 07:43:00,763.00,323.77
2024/11/08 07:43:00,764.00,333.03
2024/11/08 07:43:00,765.00,349.72
2024/11/08 07:43:00,766.00,370.62
2024/11/08 07:43:00,767.00,397.50
2024/11/08 07:43:00,768.00,421.35
2024/11/08 07:43:00,769.00,439.57
2024/11/08 07:43:00,770.00,456.61
2024/11/08 07:43:00,771.00,471.38
2024/11/08 07:43:00,772.00,481.61
2024/11/08 07:43:00,773.00,489.93
2024/11/08 07:43:00,774.00,498.27
2024/11/08 07:43:00,775.00,502.23
2024/11/08 07:43:00,776.00,504.51
2024/11/08 07:43:00,777.00,504.13
2024/11/08 07:43:00,778.00,505.18
2024/11/08 07:43:00,779.00,505.07
2024/11/08 07:43:00,780.00,504.23
2024/11/08 07:43:00,781.00,506.33
2024/11/08 07:43:00,782.00,508.57
2024/11/08 07:43:00,783.00,507.52
2024/11/08 07:43:00,784.00,509.57
2024/11/08 07:43:00,785.00,510.47
2024/11/08 07:43:00,786.00,508.04
2024/11/08 07:43:00,787.00,506.98
2024/11/08 07:43:00,788.00,508.25
2024/11/08 07:43:00,789.00,505.12
2024/11/08 07:43:00,790.00,501.04
2024/11/08 07:43:00,791.00,499.24
2024/11/08 07:43:00,792.00,495.45
2024/11/08 07:43:00,793.00,491.43
2024/11/08 07:43:00,794.00,490.68
2024/11/08 07:43:00,795.00,491.70
2024/11/08 07:43:00,796.00,492.07
2024/11/08 07:43:00,797.00,489.38
2024/11/08 07:43:00,798.00,491.12
2024/11/08 07:43:00,799.00,492.04
2024/11/08 07:43:00,800.00,488.77
2024/11/08 07:43:00,801.00,490.14
2024/11/08 07:43:00,802.00,492.24
2024/11/08 07:43:00,803.00,488.48
2024/11/08 07:43:00,804.00,487.59
2024/11/08 07:43:00,805.00,489.54
2024/11/08 07:43:00,806.00,486.29
2024/11/08 07:43:00,807.00,487.53
2024/11/08 07:43:00,808.00,490.29
2024/11/08 07:43:00,809.00,488.28
2024/11/08 07:43:00,810.00,487.85
2024/11/08 07:43:00,811.00,486.30
2024/11/08 07:43:00,812.00,482.72
2024/11/08 07:43:00,813.00,477.39
2024/11/08 07:43:00,814.00,471.70
2024/11/08 07:43:00,815.00,467.56
2024/11/08 07:43:00,816.00,463.43
2024/11/08 07:43:00,817.00,458.45
2024/11/08 07:43:00,818.00,459.47
2024/11/08 07:43:00,819.00,462.79
2024/11/08 07:43:00,820.00,460.02
2024/11/08 07:43:00,821.00,463.65
2024/11/08 07:43:00,822.00,468.35
2024/11/08 07:43:00,823.00,464.92
2024/11/08 07:43:00,824.00,466.17
2024/11/08 07:43:00,825.00,470.01
2024/11/08 07:43:00,826.00,464.50
2024/11/08 07:43:00,827.00,462.48
2024/11/08 07:43:00,828.00,464.47
2024/11/08 07:43:00,829.00,460.76
2024/11/08 07:43:00,830.00,458.67
2024/11/08 07:43:00,831.00,458.60
2024/11/08 07:43:00,832.00,455.91
2024/11/08 07:43:00,833.00,453.18
2024/11/08 07:43:00,834.00,450.50
2024/11/08 07:43:00,835.00,451.23
2024/11/08 07:43:00,836.00,452.47
2024/11/08 07:43:00,837.00,451.26
2024/11/08 07:43:00,838.00,453.92
2024/11/08 07:43:00,839.00,453.57
2024/11/08 07:43:00,840.00,451.43
2024/11/08 07:43:00,841.00,451.68
2024/11/08 07:43:00,842.00,451.95
2024/11/08 07:43:00,843.00,448.71
2024/11/08 07:43:00,844.00,446.70
2024/11/08 07:43:00,845.00,445.43
2024/11/08 07:43:00,846.00,440.55
2024/11/08 07:43:00,847.00,435.39
2024/11/08 07:43:00,848.00,431.34
2024/11/08 07:43:00,849.00,428.65
2024/11/08 07:43:00,850.00,425.58
2024/11/08 07:43:00,851.00,420.93
2024/11/08 07:43:00,852.00,418.08
2024/11/08 07:43:00,853.00,417.30
2024/11/08 07:43:00,854.00,416.00
2024/11/08 07:43:00,855.00,417.81
2024/11/08 07:43:00,856.00,421.18
2024/11/08 07:43:00,857.00,423.81
2024/11/08 07:43:00,858.00,425.77
2024/11/08 07:43:00,859.00,425.98
2024/11/08 07:43:00,860.00,425.27
2024/11/08 07:43:00,861.00,425.88
2024/11/08 07:43:00,862.00,425.65
2024/11/08 07:43:00,863.00,421.52
2024/11/08 07:43:00,864.00,417.46
2024/11/08 07:43:00,865.00,415.37
2024/11/08 07:43:00,866.00,413.70
2024/11/08 07:43:00,867.00,413.60
2024/11/08 07:43:00,868.00,416.30
2024/11/08 07:43:00,869.00,418.39
2024/11/08 07:43:00,870.00,419.35
2024/11/08 07:43:00,871.00,417.88
2024/11/08 07:43:00,872.00,416.74
2024/11/08 07:43:00,873.00,415.94
2024/11/08 07:43:00,874.00,415.41
2024/11/08 07:43:00,875.00,414.88
2024/11/08 07:43:00,876.00,416.14
2024/11/08 07:43:00,877.00,416.11
2024/11/08 07:43:00,878.00,415.01
2024/11/08 07:43:00,879.00,414.16
2024/11/08 07:43:00,880.00,413.01
2024/11/08 07:43:00,881.00,412.07
2024/11/08 07:43:00,882.00,411.56
2024/11/08 07:43:00,883.00,411.35
2024/11/08 07:43:00,884.00,410.05
2024/11/08 07:43:00,885.00,409.59
2024/11/08 07:43:00,886.00,408.49
2024/11/08 07:43:00,887.00,407.12
2024/11/08 07:43:00,888.00,406.69
2024/11/08 07:43:00,889.00,405.82
2024/11/08 07:43:00,890.00,403.42
2024/11/08 07:43:00,891.00,400.64
2024/11/08 07:43:00,892.00,397.84
2024/11/08 07:43:00,893.00,393.08
2024/11/08 07:43:00,894.00,387.72
2024/11/08 07:43:00,895.00,380.67
2024/11/08 07:43:00,896.00,372.61
2024/11/08 07:43:00,897.00,364.36
2024/11/08 07:43:00,898.00,357.74
2024/11/08 07:43:00,899.00,352.09
2024/11/08 07:43:00,900.00,349.50
2024/11/08 07:43:00,901.00,350.16
2024/11/08 07:43:00,902.00,352.47
2024/11/08 07:43:00,903.00,353.79
2024/11/08 07:43:00,904.00,354.63
2024/11/08 07:43:00,905.00,353.86
2024/11/08 07:43:00,906.00,350.96
2024/11/08 07:43:00,907.00,347.11
2024/11/08 07:43:00,908.00,344.81
2024/11/08 07:43:00,909.00,343.18
2024/11/08 07:43:00,910.00,341.84
2024/11/08 07:43:00,911.00,341.11
2024/11/08 07:43:00,912.00,339.77
2024/11/08 07:43:00,913.00,337.40
2024/11/08 07:43:00,914.00,336.04
2024/11/08 07:43:00,915.00,335.45
2024/11/08 07:43:00,916.00,335.44
2024/11/08 07:43:00,917.00,337.08
2024/11/08 07:43:00,918.00,339.68
2024/11/08 07:43:00,919.00,341.49
2024/11/08 07:43:00,920.00,342.20
2024/11/08 07:43:00,921.00,342.39
2024/11/08 07:43:00,922.00,342.08
2024/11/08 07:43:00,923.00,341.55
2024/11/08 07:43:00,924.00,341.07
2024/11/08 07:43:00,925.00,339.52
2024/11/08 07:43:00,926.00,335.48
2024/11/08 07:43:00,927.00,328.28
2024/11/08 07:43:00,928.00,317.89
2024/11/08 07:43:00,929.00,303.13
2024/11/08 07:43:00,930.00,284.90
2024/11/08 07:43:00,931.00,266.55
2024/11/08 07:43:00,932.00,249.69
2024/11/08 07:43:00,933.00,235.30
2024/11/08 07:43:00,934.00,223.67
2024/11/08 07:43:00,935.00,218.26
2024/11/08 07:43:00,936.00,216.87
2024/11/08 07:43:00,937.00,218.27
2024/11/08 07:43:00,938.00,222.87
2024/11/08 07:43:00,939.00,228.27
2024/11/08 07:43:00,940.00,230.46
2024/11/08 07:43:00,941.00,231.53
2024/11/08 07:43:00,942.00,231.06
2024/11/08 07:43:00,943.00,228.15
2024/11/08 07:43:00,944.00,227.72
2024/11/08 07:43:00,945.00,228.86
2024/11/08 07:43:00,946.00,228.37
2024/11/08 07:43:00,947.00,230.45
2024/11/08 07:43:00,948.00,232.73
2024/11/08 07:43:00,949.00,233.12
2024/11/08 07:43:00,950.00,234.21
2024/11/08 07:43:00,951.00,236.43
2024/11/08 07:43:00,952.00,236.51
2024/11/08 07:43:00,953.00,238.57
2024/11/08 07:43:00,954.00,240.73
2024/11/08 07:43:00,955.00,243.23
2024/11/08 07:43:00,956.00,245.18
2024/11/08 07:43:00,957.00,247.76
2024/11/08 07:43:00,958.00,250.17
2024/11/08 07:43:00,959.00,253.32
2024/11/08 07:43:00,960.00,256.19
2024/11/08 07:43:00,961.00,259.94
2024/11/08 07:43:00,962.00,263.90
2024/11/08 07:43:00,963.00,267.39
2024/11/08 07:43:00,964.00,271.75
2024/11/08 07:43:00,965.00,276.81
2024/11/08 07:43:00,966.00,282.29
2024/11/08 07:43:00,967.00,288.61
2024/11/08 07:43:00,968.00,293.50
2024/11/08 07:43:00,969.00,298.45
2024/11/08 07:43:00,970.00,301.61
2024/11/08 07:43:00,971.00,302.97
2024/11/08 07:43:00,972.00,303.40
2024/11/08 07:43:00,973.00,302.63
2024/11/08 07:43:00,974.00,301.82
2024/11/08 07:43:00,975.00,302.07
2024/11/08 07:43:00,976.00,302.16
2024/11/08 07:43:00,977.00,303.08
2024/11/08 07:43:00,978.00,304.79
2024/11/08 07:43:00,979.00,306.01
2024/11/08 07:43:00,980.00,307.77
2024/11/08 07:43:00,981.00,310.23
2024/11/08 07:43:00,982.00,311.90
2024/11/08 07:43:00,983.00,314.38
2024/11/08 07:43:00,984.00,316.86
2024/11/08 07:43:00,985.00,318.66
2024/11/08 07:43:00,986.00,320.42
2024/11/08 07:43:00,987.00,322.01
2024/11/08 07:43:00,988.00,321.95
2024/11/08 07:43:00,989.00,322.11
2024/11/08 07:43:00,990.00,322.12
2024/11/08 07:43:00,991.00,322.07
2024/11/08 07:43:00,992.00,321.80
2024/11/08 07:43:00,993.00,321.85
2024/11/08 07:43:00,994.00,321.74
2024/11/08 07:43:00,995.00,321.08
2024/11/08 07:43:00,996.00,320.64
2024/11/08 07:43:00,997.00,320.89
2024/11/08 07:43:00,998.00,320.02
2024/11/08 07:43:00,999.00,318.76
2024/11/08 07:43:00,1000.00,319.30
2024/11/08 07:43:00,1001.00,317.37
2024/11/08 07:43:00,1002.00,315.52
2024/11/08 07:43:00,1003.00,314.42
2024/11/08 07:43:00,1004.00,312.57
2024/11/08 07:43:00,1005.00,309.62
2024/11/08 07:43:00,1006.00,310.09
2024/11/08 07:43:00,1007.00,309.50
2024/11/08 07:43:00,1008.00,309.35
2024/11/08 07:43:00,1009.00,310.50
2024/11/08 07:43:00,1010.00,310.36
2024/11/08 07:43:00,1011.00,309.72
2024/11/08 07:43:00,1012.00,309.50
2024/11/08 07:43:00,1013.00,309.02
2024/11/08 07:43:00,1014.00,308.76
2024/11/08 07:43:00,1015.00,307.87
2024/11/08 07:43:00,1016.00,307.25
2024/11/08 07:43:00,1017.00,306.85
2024/11/08 07:43:00,1018.00,305.92
2024/11/08 07:43:00,1019.00,306.04
2024/11/08 07:43:00,1020.00,305.40
2024/11/08 07:43:00,1021.00,305.10
2024/11/08 07:43:00,1022.00,305.66
2024/11/08 07:43:00,1023.00,303.93
2024/11/08 07:43:00,1024.00,303.14
2024/11/08 07:43:00,1025.00,302.69
2024/11/08 07:43:00,1026.00,301.67
2024/11/08 07:43:00,1027.00,301.29
2024/11/08 07:43:00,1028.00,300.52
2024/11/08 07:43:00,1029.00,299.51
2024/11/08 07:43:00,1030.00,299.05
2024/11/08 07:43:00,1031.00,297.74
2024/11/08 07:43:00,1032.00,297.55
2024/11/08 07:43:00,1033.00,298.21
2024/11/08 07:43:00,1034.00,295.82
2024/11/08 07:43:00,1035.00,294.53
2024/11/08 07:43:00,1036.00,295.01
2024/11/08 07:43:00,1037.00,292.00
2024/11/08 07:43:00,1038.00,292.74
2024/11/08 07:43:00,1039.00,292.76
2024/11/08 07:43:00,1040.00,291.22
2024/11/08 07:43:00,1041.00,290.65
2024/11/08 07:43:00,1042.00,289.69
2024/11/08 07:43:00,1043.00,289.35
2024/11/08 07:43:00,1044.00,290.23
2024/11/08 07:43:00,1045.00,289.84
2024/11/08 07:43:00,1046.00,291.57
2024/11/08 07:43:00,1047.00,290.21
2024/11/08 07:43:00,1048.00,287.94
2024/11/08 07:43:00,1049.00,288.14
2024/11/08 07:43:00,1050.00,284.74
2024/11/08 07:43:00,1051.00,286.17
2024/11/08 07:43:00,1052.00,287.32
2024/11/08 07:43:00,1053.00,284.73
2024/11/08 07:43:00,1054.00,284.49
2024/11/08 07:43:00,1055.00,287.99
2024/11/08 07:43:00,1056.00,284.97
2024/11/08 07:43:00,1057.00,284.68
2024/11/08 07:43:00,1058.00,283.86
2024/11/08 07:43:00,1059.00,279.16
2024/11/08 07:43:00,1060.00,279.28
2024/11/08 07:43:00,1061.00,279.07
2024/11/08 07:43:00,1062.00,279.10
2024/11/08 07:43:00,1063.00,282.15
2024/11/08 07:43:00,1064.00,280.79
2024/11/08 07:43:00,1065.00,278.90
2024/11/08 07:43:00,1066.00,275.71
2024/11/08 07:43:00,1067.00,271.83
2024/11/08 07:43:00,1068.00,270.75
2024/11/08 07:43:00,1069.00,269.31
2024/11/08 07:43:00,1070.00,268.68
2024/11/08 07:43:00,1071.00,272.52
2024/11/08 07:43:00,1072.00,271.22
2024/11/08 07:43:00,1073.00,272.32
2024/11/08 07:43:00,1074.00,273.79
2024/11/08 07:43:00,1075.00,271.90
2024/11/08 07:43:00,1076.00,273.56
2024/11/08 07:43:00,1077.00,273.85
2024/11/08 07:43:00,1078.00,272.61
2024/11/08 07:43:00,1079.00,276.06
2024/11/08 07:43:00,1080.00,273.56
2024/11/08 07:43:00,1081.00,270.60
2024/11/08 07:43:00,1082.00,273.42
2024/11/08 07:43:00,1083.00,268.74
2024/11/08 07:43:00,1084.00,266.54
2024/11/08 07:43:00,1085.00,266.01
2024/11/08 07:43:00,1086.00,260.72
2024/11/08 07:43:00,1087.00,259.20
2024/11/08 07:43:00,1088.00,257.41
2024/11/08 07:43:00,1089.00,256.02
2024/11/08 07:43:00,1090.00,260.47
2024/11/08 07:43:00,1091.00,262.35
2024/11/08 07:43:00,1092.00,262.69
2024/11/08 07:43:00,1093.00,264.97
2024/11/08 07:43:00,1094.00,260.61
2024/11/08 07:43:00,1095.00,255.37
2024/11/08 07:43:00,1096.00,251.59
2024/11/08 07:43:00,1097.00,249.31
2024/11/08 07:43:00,1098.00,250.19
2024/11/08 07:43:00,1099.00,247.33
2024/11/08 07:43:00,1100.00,246.72
2024/11/08 07:44:00,Wavelength(nm),Irradiance(W/m2/um)
2024/11/08 07:44:00,300.00,9.15
2024/11/08 07:44:00,301.00,9.97
2024/11/08 07:44:00,302.00,11.07
2024/11/08 07:44:00,303.00,12.49
2024/11/08 07:44:00,304.00,14.29
2024/11/08 07:44:00,305.00,16.40
2024/11/08 07:44:00,306.00,18.94
2024/11/08 07:44:00,307.00,21.97
2024/11/08 07:44:00,308.00,25.98
2024/11/08 07:44:00,309.00,30.52
2024/11/08 07:44:00,310.00,36.01
2024/11/08 07:44:00,311.00,41.74
2024/11/08 07:44:00,312.00,47.97
2024/11/08 07:44:00,313.00,54.74
2024/11/08 07:44:00,314.00,62.22
2024/11/08 07:44:00,315.00,69.76
2024/11/08 07:44:00,316.00,78.09
2024/11/08 07:44:00,317.00,87.01
2024/11/08 07:44:00,318.00,95.13
2024/11/08 07:44:00,319.00,102.45
2024/11/08 07:44:00,320.00,110.10
2024/11/08 07:44:00,321.00,118.13
2024/11/08 07:44:00,322.00,127.53
2024/11/08 07:44:00,323.00,138.79
2024/11/08 07:44:00,324.00,150.98
2024/11/08 07:44:00,325.00,163.74
2024/11/08 07:44:00,326.00,177.49
2024/11/08 07:44:00,327.00,189.71
2024/11/08 07:44:00,328.00,199.43
2024/11/08 07:44:00,329.00,207.94
2024/11/08 07:44:00,330.00,214.70
2024/11/08 07:44:00,331.00,219.34
2024/11/08 07:44:00,332.00,222.28
2024/11/08 07:44:00,333.00,223.65
2024/11/08 07:44:00,334.00,224.29
2024/11/08 07:44:00,335.00,225.33
2024/11/08 07:44:00,336.00,227.08
2024/11/08 07:44:00,337.00,229.30
2024/11/08 07:44:00,338.00,233.30
2024/11/08 07:44:00,339.00,238.33
2024/11/08 07:44:00,340.00,242.68
2024/11/08 07:44:00,341.00,244.69
2024/11/08 07:44:00,342.00,245.82
2024/11/08 07:44:00,343.00,246.70
2024/11/08 07:44:00,344.00,247.04
2024/11/08 07:44:00,345.00,246.72
2024/11/08 07:44:00,346.00,247.82
2024/11/08 07:44:00,347.00,250.73
2024/11/08 07:44:00,348.00,254.34
2024/11/08 07:44:00,349.00,257.57
2024/11/08 07:44:00,350.00,261.85
2024/11/08 07:44:00,351.00,267.99
2024/11/08 07:44:00,352.00,273.66
2024/11/08 07:44:00,353.00,276.89
2024/11/08 07:44:00,354.00,277.46
2024/11/08 07:44:00,355.00,274.39
2024/11/08 07:44:00,356.00,270.08
2024/11/08 07:44:00,357.00,266.32
2024/11/08 07:44:00,358.00,262.96
2024/11/08 07:44:00,359.00,263.28
2024/11/08 07:44:00,360.00,268.83
2024/11/08 07:44:00,361.00,275.24
2024/11/08 07:44:00,362.00,282.69
2024/11/08 07:44:00,363.00,295.07
2024/11/08 07:44:00,364.00,308.77
2024/11/08 07:44:00,365.00,319.52
2024/11/08 07:44:00,366.00,329.21
2024/11/08 07:44:00,367.00,336.68
2024/11/08 07:44:00,368.00,339.87
2024/11/08 07:44:00,369.00,339.06
2024/11/08 07:44:00,370.00,334.56
2024/11/08 07:44:00,371.00,326.22
2024/11/08 07:44:00,372.00,317.92
2024/11/08 07:44:00,373.00,312.52
2024/11/08 07:44:00,374.00,312.99
2024/11/08 07:44:00,375.00,321.09
2024/11/08 07:44:00,376.00,332.93
2024/11/08 07:44:00,377.00,344.05
2024/11/08 07:44:00,378.00,351.67
2024/11/08 07:44:00,379.00,349.38
2024/11/08 07:44:00,380.00,335.31
2024/11/08 07:44:00,381.00,318.81
2024/11/08 07:44:00,382.00,305.45
2024/11/08 07:44:00,383.00,295.43
2024/11/08 07:44:00,384.00,291.93
2024/11/08 07:44:00,385.00,297.31
2024/11/08 07:44:00,386.00,307.13
2024/11/08 07:44:00,387.00,319.75
2024/11/08 07:44:00,388.00,334.14
2024/11/08 07:44:00,389.00,346.32
2024/11/08 07:44:00,390.00,348.65
2024/11/08 07:44:00,391.00,343.53
2024/11/08 07:44:00,392.00,338.39
2024/11/08 07:44:00,393.00,330.32
2024/11/08 07:44:00,394.00,320.45
2024/11/08 07:44:00,395.00,325.56
2024/11/08 07:44:00,396.00,349.66
2024/11/08 07:44:00,397.00,378.65
2024/11/08 07:44:00,398.00,412.86
2024/11/08 07:44:00,399.00,454.53
2024/11/08 07:44:00,400.00,491.40
2024/11/08 07:44:00,401.00,515.10
2024/11/08 07:44:00,402.00,528.46
2024/11/08 07:44:00,403.00,531.58
2024/11/08 07:44:00,404.00,529.30
2024/11/08 07:44:00,405.00,527.44
2024/11/08 07:44:00,406.00,526.91
2024/11/08 07:44:00,407.00,526.99
2024/11/08 07:44:00,408.00,529.95
2024/11/08 07:44:00,409.00,536.52
2024/11/08 07:44:00,410.00,543.84
2024/11/08 07:44:00,411.00,550.73
2024/11/08 07:44:00,412.00,558.06
2024/11/08 07:44:00,413.00,566.05
2024/11/08 07:44:00,414.00,571.38
2024/11/08 07:44:00,415.00,573.11
2024/11/08 07:44:00,416.00,573.05
2024/11/08 07:44:00,417.00,572.53
2024/11/08 07:44:00,418.00,572.43
2024/11/08 07:44:00,419.00,573.20
2024/11/08 07:44:00,420.00,573.86
2024/11/08 07:44:00,421.00,574.68
2024/11/08 07:44:00,422.00,576.32
2024/11/08 07:44:00,423.00,576.28
2024/11/08 07:44:00,424.00,573.61
2024/11/08 07:44:00,425.00,571.27
2024/11/08 07:44:00,426.00,567.50
2024/11/08 07:44:00,427.00,556.19
2024/11/08 07:44:00,428.00,541.74
2024/11/08 07:44:00,429.00,532.76
2024/11/08 07:44:00,430.00,532.75
2024/11/08 07:44:00,431.00,538.36
2024/11/08 07:44:00,432.00,552.35
2024/11/08 07:44:00,433.00,575.85
2024/11/08 07:44:00,434.00,597.70
2024/11/08 07:44:00,435.00,608.62
2024/11/08 07:44:00,436.00,613.69
2024/11/08 07:44:00,437.00,619.01
2024/11/08 07:44:00,438.00,622.26
2024/11/08 07:44:00,439.00,626.97
2024/11/08 07:44:00,440.00,636.42
2024/11/08 07:44:00,441.00,651.12
2024/11/08 07:44:00,442.00,663.74
2024/11/08 07:44:00,443.00,672.53
2024/11/08 07:44:00,444.00,679.09
2024/11/08 07:44:00,445.00,685.59
2024/11/08 07:44:00,446.00,690.86
2024/11/08 07:44:00,447.00,700.85
2024/11/08 07:44:00,448.00,714.65
2024/11/08 07:44:00,449.00,725.97
2024/11/08 07:44:00,450.00,731.24
2024/11/08 07:44:00,451.00,733.46
2024/11/08 07:44:00,452.00,732.64
2024/11/08 07:44:00,453.00,729.28
2024/11/08 07:44:00,454.00,729.93
2024/11/08 07:44:00,455.00,734.05
2024/11/08 07:44:00,456.00,739.34
2024/11/08 07:44:00,457.00,743.85
2024/11/08 07:44:00,458.00,748.30
2024/11/08 07:44:00,459.00,752.30
2024/11/08 07:44:00,460.00,755.41
2024/11/08 07:44:00,461.00,758.21
2024/11/08 07:44:00,462.00,760.90
2024/11/08 07:44:00,463.00,761.08
2024/11/08 07:44:00,464.00,757.00
2024/11/08 07:44:00,465.00,752.81
2024/11/08 07:44:00,466.00,750.49
2024/11/08 07:44:00,467.00,746.53
2024/11/08 07:44:00,468.00,744.73
2024/11/08 07:44:00,469.00,746.03
2024/11/08 07:44:00,470.00,746.48
2024/11/08 07:44:00,471.00,747.79
2024/11/08 07:44:00,472.00,751.93
2024/11/08 07:44:00,473.00,755.19
2024/11/08 07:44:00,474.00,756.01
2024/11/08 07:44:00,475.00,757.59
2024/11/08 07:44:00,476.00,759.84
2024/11/08 07:44:00,477.00,761.56
2024/11/08 07:44:00,478.00,763.45
2024/11/08 07:44:00,479.00,767.21
2024/11/08 07:44:00,480.00,771.68
2024/11/08 07:44:00,481.00,770.47
2024/11/08 07:44:00,482.00,765.34
2024/11/08 07:44:00,483.00,755.46
2024/11/08 07:44:00,484.00,739.45
2024/11/08 07:44:00,485.00,724.32
2024/11/08 07:44:00,486.00,715.52
2024/11/08 07:44:00,487.00,713.85
2024/11/08 07:44:00,488.00,717.49
2024/11/08 07:44:00,489.00,726.73
2024/11/08 07:44:00,490.00,734.25
2024/11/08 07:44:00,491.00,740.15
2024/11/08 07:44:00,492.00,742.95
2024/11/08 07:44:00,493.00,746.25
2024/11/08 07:44:00,494.00,750.03
2024/11/08 07:44:00,495.00,753.32
2024/11/08 07:44:00,496.00,751.26
2024/11/08 07:44:00,497.00,749.22
2024/11/08 07:44:00,498.00,743.63
2024/11/08 07:44:00,499.00,735.52
2024/11/08 07:44:00,500.00,729.52
2024/11/08 07:44:00,501.00,726.85
2024/11/08 07:44:00,502.00,723.87
2024/11/08 07:44:00,503.00,725.73
2024/11/08 07:44:00,504.00,730.49
2024/11/08 07:44:00,505.00,732.23
2024/11/08 07:44:00,506.00,734.02
2024/11/08 07:44:00,507.00,736.62
2024/11/08 07:44:00,508.00,737.18
2024/11/08 07:44:00,509.00,736.31
2024/11/08 07:44:00,510.00,735.86
2024/11/08 07:44:00,511.00,733.04
2024/11/08 07:44:00,512.00,729.69
2024/11/08 07:44:00,513.00,722.58
2024/11/08 07:44:00,514.00,711.45
2024/11/08 07:44:00,515.00,699.76
2024/11/08 07:44:00,516.00,690.82
2024/11/08 07:44:00,517.00,683.50
2024/11/08 07:44:00,518.00,682.11
2024/11/08 07:44:00,519.00,686.11
2024/11/08 07:44:00,520.00,692.42
2024/11/08 07:44:00,521.00,701.17
2024/11/08 07:44:00,522.00,709.90
2024/11/08 07:44:00,523.00,712.90
2024/11/08 07:44:00,524.00,712.04
2024/11/08 07:44:00,525.00,711.41
2024/11/08 07:44:00,526.00,712.06
2024/11/08 07:44:00,527.00,711.50
2024/11/08 07:44:00,528.00,714.21
2024/11/08 07:44:00,529.00,719.28
2024/11/08 07:44:00,530.00,722.99
2024/11/08 07:44:00,531.00,722.69
2024/11/08 07:44:00,532.00,723.08
2024/11/08 07:44:00,533.00,723.13
2024/11/08 07:44:00,534.00,722.49
2024/11/08 07:44:00,535.00,722.68
2024/11/08 07:44:00,536.00,724.04
2024/11/08 07:44:00,537.00,722.73
2024/11/08 07:44:00,538.00,718.84
2024/11/08 07:44:00,539.00,715.45
2024/11/08 07:44:00,540.00,714.37
2024/11/08 07:44:00,541.00,711.95
2024/11/08 07:44:00,542.00,711.38
2024/11/08 07:44:00,543.00,713.53
2024/11/08 07:44:00,544.00,714.74
2024/11/08 07:44:00,545.00,714.92
2024/11/08 07:44:00,546.00,715.40
2024/11/08 07:44:00,547.00,716.06
2024/11/08 07:44:00,548.00,715.13
2024/11/08 07:44:00,549.00,715.03
2024/11/08 07:44:00,550.00,714.95
2024/11/08 07:44:00,551.00,713.92
2024/11/08 07:44:00,552.00,712.51
2024/11/08 07:44:00,553.00,712.56
2024/11/08 07:44:00,554.00,712.02
2024/11/08 07:44:00,555.00,708.31
2024/11/08 07:44:00,556.00,704.85
2024/11/08 07:44:00,557.00,701.47
2024/11/08 07:44:00,558.00,696.40
2024/11/08 07:44:00,559.00,693.66
2024/11/08 07:44:00,560.00,692.02
2024/11/08 07:44:00,561.00,692.52
2024/11/08 07:44:00,562.00,691.58
2024/11/08 07:44:00,563.00,690.44
2024/11/08 07:44:00,564.00,689.69
2024/11/08 07:44:00,565.00,689.47
2024/11/08 07:44:00,566.00,686.17
2024/11/08 07:44:00,567.00,684.59
2024/11/08 07:44:00,568.00,683.19
2024/11/08 07:44:00,569.00,680.57
2024/11/08 07:44:00,570.00,680.12
2024/11/08 07:44:00,571.00,682.30
2024/11/08 07:44:00,572.00,681.70
2024/11/08 07:44:00,573.00,681.34
2024/11/08 07:44:00,574.00,681.77
2024/11/08 07:44:00,575.00,679.63
2024/11/08 07:44:00,576.00,676.18
2024/11/08 07:44:00,577.00,676.17
2024/11/08 07:44:00,578.00,676.59
2024/11/08 07:44:00,579.00,677.34
2024/11/08 07:44:00,580.00,679.02
2024/11/08 07:44:00,581.00,681.69
2024/11/08 07:44:00,582.00,684.31
2024/11/08 07:44:00,583.00,686.73
2024/11/08 07:44:00,584.00,685.95
2024/11/08 07:44:00,585.00,685.31
2024/11/08 07:44:00,586.00,681.43
2024/11/08 07:44:00,587.00,674.44
2024/11/08 07:44:00,588.00,670.32
2024/11/08 07:44:00,589.00,668.60
2024/11/08 07:44:00,590.00,664.74
2024/11/08 07:44:00,591.00,665.22
2024/11/08 07:44:00,592.00,668.04
2024/11/08 07:44:00,593.00,667.93
2024/11/08 07:44:00,594.00,668.77
2024/11/08 07:44:00,595.00,670.07
2024/11/08 07:44:00,596.00,669.30
2024/11/08 07:44:00,597.00,668.06
2024/11/08 07:44:00,598.00,666.39
2024/11/08 07:44:00,599.00,663.78
2024/11/08 07:44:00,600.00,661.48
2024/11/08 07:44:00,601.00,660.91
2024/11/08 07:44:00,602.00,660.96
2024/11/08 07:44:00,603.00,661.80
2024/11/08 07:44:00,604.00,661.91
2024/11/08 07:44:00,605.00,662.01
2024/11/08 07:44:00,606.00,661.49
2024/11/08 07:44:00,607.00,661.20
2024/11/08 07:44:00,608.00,659.34
2024/11/08 07:44:00,609.00,658.78
2024/11/08 07:44:00,610.00,657.46
2024/11/08 07:44:00,611.00,655.36
2024/11/08 07:44:00,612.00,652.49
2024/11/08 07:44:00,613.00,650.28
2024/11/08 07:44:00,614.00,645.78
2024/11/08 07:44:00,615.00,644.04
2024/11/08 07:44:00,616.00,643.91
2024/11/08 07:44:00,617.00,644.56
2024/11/08 07:44:00,618.00,646.08
2024/11/08 07:44:00,619.00,647.72
2024/11/08 07:44:00,620.00,648.18
2024/11/08 07:44:00,621.00,646.21
2024/11/08 07:44:00,622.00,642.66
2024/11/08 07:44:00,623.00,640.18
2024/11/08 07:44:00,624.00,638.96
2024/11/08 07:44:00,625.00,635.40
2024/11/08 07:44:00,626.00,633.29
2024/11/08 07:44:00,627.00,631.73
2024/11/08 07:44:00,628.00,628.60
2024/11/08 07:44:00,629.00,626.38
2024/11/08 07:44:00,630.00,625.18
2024/11/08 07:44:00,631.00,625.18
2024/11/08 07:44:00,632.00,625.60
2024/11/08 07:44:00,633.00,626.91
2024/11/08 07:44:00,634.00,629.69
2024/11/08 07:44:00,635.00,633.02
2024/11/08 07:44:00,636.00,634.81
2024/11/08 07:44:00,637.00,637.13
2024/11/08 07:44:00,638.00,638.28
2024/11/08 07:44:00,639.00,638.28
2024/11/08 07:44:00,640.00,638.16
2024/11/08 07:44:00,641.00,639.02
2024/11/08 07:44:00,642.00,638.37
2024/11/08 07:44:00,643.00,638.43
2024/11/08 07:44:00,644.00,637.53
2024/11/08 07:44:00,645.00,636.83
2024/11/08 07:44:00,646.00,633.61
2024/11/08 07:44:00,647.00,631.47
2024/11/08 07:44:00,648.00,630.69
2024/11/08 07:44:00,649.00,629.55
2024/11/08 07:44:00,650.00,628.38
2024/11/08 07:44:00,651.00,629.10
2024/11/08 07:44:00,652.00,627.46
2024/11/08 07:44:00,653.00,621.03
2024/11/08 07:44:00,654.00,613.95
2024/11/08 07:44:00,655.00,609.90
2024/11/08 07:44:00,656.00,605.96
2024/11/08 07:44:00,657.00,605.79
2024/11/08 07:44:00,658.00,609.99
2024/11/08 07:44:00,659.00,615.51
2024/11/08 07:44:00,660.00,618.88
2024/11/08 07:44:00,661.00,620.96
2024/11/08 07:44:00,662.00,623.40
2024/11/08 07:44:00,663.00,625.00
2024/11/08 07:44:00,664.00,628.33
2024/11/08 07:44:00,665.00,630.51
2024/11/08 07:44:00,666.00,634.09
2024/11/08 07:44:00,667.00,636.21
2024/11/08 07:44:00,668.00,636.09
2024/11/08 07:44:00,669.00,634.45
2024/11/08 07:44:00,670.00,632.22
2024/11/08 07:44:00,671.00,629.80
2024/11/08 07:44:00,672.00,628.81
2024/11/08 07:44:00,673.00,628.03
2024/11/08 07:44:00,674.00,627.82
2024/11/08 07:44:00,675.00,628.12
2024/11/08 07:44:00,676.00,627.84
2024/11/08 07:44:00,677.00,627.55
2024/11/08 07:44:00,678.00,627.29
2024/11/08 07:44:00,679.00,626.55
2024/11/08 07:44:00,680.00,625.91
2024/11/08 07:44:00,681.00,623.66
2024/11/08 07:44:00,682.00,621.15
2024/11/08 07:44:00,683.00,615.58
2024/11/08 07:44:00,684.00,603.03
2024/11/08 07:44:00,685.00,585.92
2024/11/08 07:44:00,686.00,570.83
2024/11/08 07:44:00,687.00,553.16
2024/11/08 07:44:00,688.00,541.34
2024/11/08 07:44:00,689.00,539.02
2024/11/08 07:44:00,690.00,544.20
2024/11/08 07:44:00,691.00,551.10
2024/11/08 07:44:00,692.00,559.81
2024/11/08 07:44:00,693.00,567.76
2024/11/08 07:44:00,694.00,574.71
2024/11/08 07:44:00,695.00,579.29
2024/11/08 07:44:00,696.00,582.17
2024/11/08 07:44:00,697.00,585.48
2024/11/08 07:44:00,698.00,586.49
2024/11/08 07:44:00,699.00,586.29
2024/11/08 07:44:00,700.00,586.87
2024/11/08 07:44:00,701.00,587.25
2024/11/08 07:44:00,702.00,587.88
2024/11/08 07:44:00,703.00,589.80
2024/11/08 07:44:00,704.00,592.41
2024/11/08 07:44:00,705.00,592.79
2024/11/08 07:44:00,706.00,594.13
2024/11/08 07:44:00,707.00,593.72
2024/11/08 07:44:00,708.00,592.49
2024/11/08 07:44:00,709.00,592.40
2024/11/08 07:44:00,710.00,591.79
2024/11/08 07:44:00,711.00,590.22
2024/11/08 07:44:00,712.00,588.31
2024/11/08 07:44:00,713.00,585.92
2024/11/08 07:44:00,714.00,581.05
2024/11/08 07:44:00,715.00,574.40
2024/11/08 07:44:00,716.00,565.50
2024/11/08 07:44:00,717.00,557.19
2024/11/08 07:44:00,718.00,549.98
2024/11/08 07:44:00,719.00,543.01
2024/11/08 07:44:00,720.00,540.61
2024/11/08 07:44:00,721.00,538.84
2024/11/08 07:44:00,722.00,537.93
2024/11/08 07:44:00,723.00,538.04
2024/11/08 07:44:00,724.00,537.61
2024/11/08 07:44:00,725.00,536.58
2024/11/08 07:44:00,726.00,536.81
2024/11/08 07:44:00,727.00,536.98
2024/11/08 07:44:00,728.00,537.18
2024/11/08 07:44:00,729.00,539.61
2024/11/08 07:44:00,730.00,541.03
2024/11/08 07:44:00,731.00,544.38
2024/11/08 07:44:00,732.00,548.06
2024/11/08 07:44:00,733.00,549.97
2024/11/08 07:44:00,734.00,551.91
2024/11/08 07:44:00,735.00,553.37
2024/11/08 07:44:00,736.00,553.10
2024/11/08 07:44:00,737.00,552.62
2024/11/08 07:44:00,738.00,551.38
2024/11/08 07:44:00,739.00,549.08
2024/11/08 07:44:00,740.00,549.68
2024/11/08 07:44:00,741.00,547.65
2024/11/08 07:44:00,742.00,547.31
2024/11/08 07:44:00,743.00,549.96
2024/11/08 07:44:00,744.00,550.56
2024/11/08 07:44:00,745.00,549.38
2024/11/08 07:44:00,746.00,552.48
2024/11/08 07:44:00,747.00,550.97
2024/11/08 07:44:00,748.00,547.90
2024/11/08 07:44:00,749.00,547.25
2024/11/08 07:44:00,750.00,547.70
2024/11/08 07:44:00,751.00,544.55
2024/11/08 07:44:00,752.00,545.61
2024/11/08 07:44:00,753.00,543.71
2024/11/08 07:44:00,754.00,542.72
2024/11/08 07:44:00,755.00,539.84
2024/11/08 07:44:00,756.00,527.37
2024/11/08 07:44:00,757.00,497.64
2024/11/08 07:44:00,758.00,458.56
2024/11/08 07:44:00,759.00,415.14
2024/11/08 07:44:00,760.00,373.03
2024/11/08 07:44:00,761.00,338.93
2024/11/08 07:44:00,762.00,322.40
2024/11/08 07:44:00,763.00,322.92
2024/11/08 07:44:00,764.00,331.14
2024/11/08 07:44:00,765.00,347.13
2024/11/08 07:44:00,766.00,370.41
2024/11/08 07:44:00,767.00,395.46
2024/11/08 07:44:00,768.00,418.16
2024/11/08 07:44:00,769.00,440.51
2024/11/08 07:44:00,770.00,459.22
2024/11/08 07:44:00,771.00,473.73
2024/11/08 07:44:00,772.00,490.19
2024/11/08 07:44:00,773.00,501.03
2024/11/08 07:44:00,774.00,506.76
2024/11/08 07:44:00,775.00,512.57
2024/11/08 07:44:00,776.00,513.08
2024/11/08 07:44:00,777.00,510.71
2024/11/08 07:44:00,778.00,510.63
2024/11/08 07:44:00,779.00,507.89
2024/11/08 07:44:00,780.00,504.69
2024/11/08 07:44:00,781.00,506.88
2024/11/08 07:44:00,782.00,505.62
2024/11/08 07:44:00,783.00,507.19
2024/11/08 07:44:00,784.00,510.08
2024/11/08 07:44:00,785.00,509.31
2024/11/08 07:44:00,786.00,509.60
2024/11/08 07:44:00,787.00,510.72
2024/11/08 07:44:00,788.00,508.33
2024/11/08 07:44:00,789.00,508.06
2024/11/08 07:44:00,790.00,506.72
2024/11/08 07:44:00,791.00,502.67
2024/11/08 07:44:00,792.00,501.98
2024/11/08 07:44:00,793.00,497.88
2024/11/08 07:44:00,794.00,495.56
2024/11/08 07:44:00,795.00,497.24
2024/11/08 07:44:00,796.00,493.37
2024/11/08 07:44:00,797.00,490.88
2024/11/08 07:44:00,798.00,493.56
2024/11/08 07:44:00,799.00,492.09
2024/11/08 07:44:00,800.00,492.23
2024/11/08 07:44:00,801.00,493.88
2024/11/08 07:44:00,802.00,490.33
2024/11/08 07:44:00,803.00,490.37
2024/11/08 07:44:00,804.00,490.39
2024/11/08 07:44:00,805.00,488.55
2024/11/08 07:44:00,806.00,491.49
2024/11/08 07:44:00,807.00,493.08
2024/11/08 07:44:00,808.00,492.14
2024/11/08 07:44:00,809.00,492.16
2024/11/08 07:44:00,810.00,489.27
2024/11/08 07:44:00,811.00,486.49
2024/11/08 07:44:00,812.00,484.55
2024/11/08 07:44:00,813.00,476.64
2024/11/08 07:44:00,814.00,470.23
2024/11/08 07:44:00,815.00,466.84
2024/11/08 07:44:00,816.00,457.72
2024/11/08 07:44:00,817.00,454.75
2024/11/08 07:44:00,818.00,455.89
2024/11/08 07:44:00,819.00,453.36
2024/11/08 07:44:00,820.00,454.58
2024/11/08 07:44:00,821.00,458.52
2024/11/08 07:44:00,822.00,457.92
2024/11/08 07:44:00,823.00,461.97
2024/11/08 07:44:00,824.00,464.66
2024/11/08 07:44:00,825.00,464.35
2024/11/08 07:44:00,826.00,463.32
2024/11/08 07:44:00,827.00,462.31
2024/11/08 07:44:00,828.00,459.67
2024/11/08 07:44:00,829.00,459.08
2024/11/08 07:44:00,830.00,456.00
2024/11/08 07:44:00,831.00,457.62
2024/11/08 07:44:00,832.00,456.10
2024/11/08 07:44:00,833.00,453.66
2024/11/08 07:44:00,834.00,452.76
2024/11/08 07:44:00,835.00,453.16
2024/11/08 07:44:00,836.00,450.99
2024/11/08 07:44:00,837.00,453.59
2024/11/08 07:44:00,838.00,454.80
2024/11/08 07:44:00,839.00,453.23
2024/11/08 07:44:00,840.00,452.21
2024/11/08 07:44:00,841.00,451.34
2024/11/08 07:44:00,842.00,449.91
2024/11/08 07:44:00,843.00,448.77
2024/11/08 07:44:00,844.00,446.93
2024/11/08 07:44:00,845.00,446.71
2024/11/08 07:44:00,846.00,444.41
2024/11/08 07:44:00,847.00,440.22
2024/11/08 07:44:00,848.00,436.90
2024/11/08 07:44:00,849.00,433.40
2024/11/08 07:44:00,850.00,428.67
2024/11/08 07:44:00,851.00,424.54
2024/11/08 07:44:00,852.00,420.22
2024/11/08 07:44:00,853.00,417.86
2024/11/08 07:44:00,854.00,418.88
2024/11/08 07:44:00,855.00,420.41
2024/11/08 07:44:00,856.00,423.22
2024/11/08 07:44:00,857.00,427.04
2024/11/08 07:44:00,858.00,427.61
2024/11/08 07:44:00,859.00,428.34
2024/11/08 07:44:00,860.00,429.29
2024/11/08 07:44:00,861.00,430.08
2024/11/08 07:44:00,862.00,429.40
2024/11/08 07:44:00,863.00,426.84
2024/11/08 07:44:00,864.00,421.61
2024/11/08 07:44:00,865.00,418.15
2024/11/08 07:44:00,866.00,413.96
2024/11/08 07:44:00,867.00,411.80
2024/11/08 07:44:00,868.00,413.41
2024/11/08 07:44:00,869.00,414.39
2024/11/08 07:44:00,870.00,415.13
2024/11/08 07:44:00,871.00,416.50
2024/11/08 07:44:00,872.00,416.07
2024/11/08 07:44:00,873.00,416.27
2024/11/08 07:44:00,874.00,417.25
2024/11/08 07:44:00,875.00,415.80
2024/11/08 07:44:00,876.00,416.48
2024/11/08 07:44:00,877.00,416.52
2024/11/08 07:44:00,878.00,415.22
2024/11/08 07:44:00,879.00,414.58
2024/11/08 07:44:00,880.00,414.57
2024/11/08 07:44:00,881.00,414.52
2024/11/08 07:44:00,882.00,414.98
2024/11/08 07:44:00,883.00,413.83
2024/11/08 07:44:00,884.00,412.94
2024/11/08 07:44:00,885.00,412.32
2024/11/08 07:44:00,886.00,410.66
2024/11/08 07:44:00,887.00,408.84
2024/11/08 07:44:00,888.00,408.16
2024/11/08 07:44:00,889.00,405.84
2024/11/08 07:44:00,890.00,404.07
2024/11/08 07:44:00,891.00,401.55
2024/11/08 07:44:00,892.00,398.80
2024/11/08 07:44:00,893.00,394.66
2024/11/08 07:44:00,894.00,388.95
2024/11/08 07:44:00,895.00,381.99
2024/11/08 07:44:00,896.00,374.58
2024/11/08 07:44:00,897.00,366.41
2024/11/08 07:44:00,898.00,359.28
2024/11/08 07:44:00,899.00,354.79
2024/11/08 07:44:00,900.00,350.54
2024/11/08 07:44:00,901.00,351.77
2024/11/08 07:44:00,902.00,354.02
2024/11/08 07:44:00,903.00,355.73
2024/11/08 07:44:00,904.00,357.71
2024/11/08 07:44:00,905.00,357.10
2024/11/08 07:44:00,906.00,352.35
2024/11/08 07:44:00,907.00,349.18
2024/11/08 07:44:00,908.00,346.79
2024/11/08 07:44:00,909.00,345.05
2024/11/08 07:44:00,910.00,344.70
2024/11/08 07:44:00,911.00,344.75
2024/11/08 07:44:00,912.00,342.50
2024/11/08 07:44:00,913.00,340.71
2024/11/08 07:44:00,914.00,338.21
2024/11/08 07:44:00,915.00,337.18
2024/11/08 07:44:00,916.00,338.39
2024/11/08 07:44:00,917.00,339.58
2024/11/08 07:44:00,918.00,341.92
2024/11/08 07:44:00,919.00,343.55
2024/11/08 07:44:00,920.00,344.78
2024/11/08 07:44:00,921.00,344.62
2024/11/08 07:44:00,922.00,343.76
2024/11/08 07:44:00,923.00,342.50
2024/11/08 07:44:00,924.00,341.36
2024/11/08 07:44:00,925.00,338.92
2024/11/08 07:44:00,926.00,335.22
2024/11/08 07:44:00,927.00,329.45
2024/11/08 07:44:00,928.00,318.07
2024/11/08 07:44:00,929.00,304.88
2024/11/08 07:44:00,930.00,287.72
2024/11/08 07:44:00,931.00,269.41
2024/11/08 07:44:00,932.00,252.66
2024/11/08 07:44:00,933.00,238.27
2024/11/08 07:44:00,934.00,225.30
2024/11/08 07:44:00,935.00,218.91
2024/11/08 07:44:00,936.00,216.15
2024/11/08 07:44:00,937.00,218.09
2024/11/08 07:44:00,938.00,223.06
2024/11/08 07:44:00,939.00,228.32
2024/11/08 07:44:00,940.00,232.14
2024/11/08 07:44:00,941.00,233.08
2024/11/08 07:44:00,942.00,230.78
2024/11/08 07:44:00,943.00,229.63
2024/11/08 07:44:00,944.00,228.39
2024/11/08 07:44:00,945.00,228.36
2024/11/08 07:44:00,946.00,229.09
2024/11/08 07:44:00,947.00,230.70
2024/11/08 07:44:00,948.00,232.16
2024/11/08 07:44:00,949.00,234.23
2024/11/08 07:44:00,950.00,235.08
2024/11/08 07:44:00,951.00,237.15
2024/11/08 07:44:00,952.00,237.85
2024/11/08 07:44:00,953.00,237.96
2024/11/08 07:44:00,954.00,240.05
2024/11/08 07:44:00,955.00,241.77
2024/11/08 07:44:00,956.00,242.86
2024/11/08 07:44:00,957.00,246.66
2024/11/08 07:44:00,958.00,249.94
2024/11/08 07:44:00,959.00,252.99
2024/11/08 07:44:00,960.00,257.82
2024/11/08 07:44:00,961.00,261.19
2024/11/08 07:44:00,962.00,264.37
2024/11/08 07:44:00,963.00,269.38
2024/11/08 07:44:00,964.00,273.06
2024/11/08 07:44:00,965.00,278.90
2024/11/08 07:44:00,966.00,285.81
2024/11/08 07:44:00,967.00,291.61
2024/11/08 07:44:00,968.00,297.94
2024/11/08 07:44:00,969.00,302.33
2024/11/08 07:44:00,970.00,304.46
2024/11/08 07:44:00,971.00,306.91
2024/11/08 07:44:00,972.00,306.14
2024/11/08 07:44:00,973.00,304.46
2024/11/08 07:44:00,974.00,304.50
2024/11/08 07:44:00,975.00,302.77
2024/11/08 07:44:00,976.00,303.37
2024/11/08 07:44:00,977.00,303.81
2024/11/08 07:44:00,978.00,304.18
2024/11/08 07:44:00,979.00,306.88
2024/11/08 07:44:00,980.00,309.25
2024/11/08 07:44:00,981.00,310.90
2024/11/08 07:44:00,982.00,314.23
2024/11/08 07:44:00,983.00,316.84
2024/11/08 07:44:00,984.00,318.00
2024/11/08 07:44:00,985.00,320.08
2024/11/08 07:44:00,986.00,321.94
2024/11/08 07:44:00,987.00,323.71
2024/11/08 07:44:00,988.00,324.25
2024/11/08 07:44:00,989.00,324.36
2024/11/08 07:44:00,990.00,324.53
2024/11/08 07:44:00,991.00,323.43
2024/11/08 07:44:00,992.00,322.65
2024/11/08 07:44:00,993.00,323.54
2024/11/08 07:44:00,994.00,322.44
2024/11/08 07:44:00,995.00,321.94
2024/11/08 07:44:00,996.00,322.37
2024/11/08 07:44:00,997.00,320.21
2024/11/08 07:44:00,998.00,319.73
2024/11/08 07:44:00,999.00,319.54
2024/11/08 07:44:00,1000.00,318.01
2024/11/08 07:44:00,1001.00,317.11
2024/11/08 07:44:00,1002.00,315.73
2024/11/08 07:44:00,1003.00,314.80
2024/11/08 07:44:00,1004.00,314.51
2024/11/08 07:44:00,1005.00,313.28
2024/11/08 07:44:00,1006.00,312.48
2024/11/08 07:44:00,1007.00,313.09
2024/11/08 07:44:00,1008.00,311.33
2024/11/08 07:44:00,1009.00,311.18
2024/11/08 07:44:00,1010.00,311.12
2024/11/08 07:44:00,1011.00,309.70
2024/11/08 07:44:00,1012.00,310.02
2024/11/08 07:44:00,1013.00,310.06
2024/11/08 07:44:00,1014.00,309.52
2024/11/08 07:44:00,1015.00,311.07
2024/11/08 07:44:00,1016.00,311.17
2024/11/08 07:44:00,1017.00,311.11
2024/11/08 07:44:00,1018.00,311.13
2024/11/08 07:44:00,1019.00,309.15
2024/11/08 07:44:00,1020.00,308.73
2024/11/08 07:44:00,1021.00,306.64
2024/11/08 07:44:00,1022.00,305.92
2024/11/08 07:44:00,1023.00,306.65
2024/11/08 07:44:00,1024.00,305.31
2024/11/08 07:44:00,1025.00,305.71
2024/11/08 07:44:00,1026.00,306.91
2024/11/08 07:44:00,1027.00,303.72
2024/11/08 07:44:00,1028.00,302.58
2024/11/08 07:44:00,1029.00,301.68
2024/11/08 07:44:00,1030.00,298.15
2024/11/08 07:44:00,1031.00,298.11
2024/11/08 07:44:00,1032.00,298.09
2024/11/08 07:44:00,1033.00,296.10
2024/11/08 07:44:00,1034.00,297.52
2024/11/08 07:44:00,1035.00,296.38
2024/11/08 07:44:00,1036.00,296.17
2024/11/08 07:44:00,1037.00,295.86
2024/11/08 07:44:00,1038.00,295.15
2024/11/08 07:44:00,1039.00,295.13
2024/11/08 07:44:00,1040.00,293.82
2024/11/08 07:44:00,1041.00,292.69
2024/11/08 07:44:00,1042.00,292.79
2024/11/08 07:44:00,1043.00,289.73
2024/11/08 07:44:00,1044.00,286.60
2024/11/08 07:44:00,1045.00,287.28
2024/11/08 07:44:00,1046.00,283.10
2024/11/08 07:44:00,1047.00,282.71
2024/11/08 07:44:00,1048.00,285.07
2024/11/08 07:44:00,1049.00,284.17
2024/11/08 07:44:00,1050.00,285.03
2024/11/08 07:44:00,1051.00,289.66
2024/11/08 07:44:00,1052.00,286.54
2024/11/08 07:44:00,1053.00,285.91
2024/11/08 07:44:00,1054.00,286.27
2024/11/08 07:44:00,1055.00,285.08
2024/11/08 07:44:00,1056.00,283.81
2024/11/08 07:44:00,1057.00,282.80
2024/11/08 07:44:00,1058.00,282.30
2024/11/08 07:44:00,1059.00,280.94
2024/11/08 07:44:00,1060.00,280.79
2024/11/08 07:44:00,1061.00,283.10
2024/11/08 07:44:00,1062.00,279.19
2024/11/08 07:44:00,1063.00,277.37
2024/11/08 07:44:00,1064.00,279.63
2024/11/08 07:44:00,1065.00,274.02
2024/11/08 07:44:00,1066.00,272.92
2024/11/08 07:44:00,1067.00,276.58
2024/11/08 07:44:00,1068.00,273.38
2024/11/08 07:44:00,1069.00,274.45
2024/11/08 07:44:00,1070.00,277.68
2024/11/08 07:44:00,1071.00,273.68
2024/11/08 07:44:00,1072.00,274.07
2024/11/08 07:44:00,1073.00,272.67
2024/11/08 07:44:00,1074.00,270.55
2024/11/08 07:44:00,1075.00,270.33
2024/11/08 07:44:00,1076.00,268.49
2024/11/08 07:44:00,1077.00,269.53
2024/11/08 07:44:00,1078.00,269.92
2024/11/08 07:44:00,1079.00,268.72
2024/11/08 07:44:00,1080.00,274.40
2024/11/08 07:44:00,1081.00,273.46
2024/11/08 07:44:00,1082.00,271.61
2024/11/08 07:44:00,1083.00,274.49
2024/11/08 07:44:00,1084.00,267.19
2024/11/08 07:44:00,1085.00,263.13
2024/11/08 07:44:00,1086.00,266.13
2024/11/08 07:44:00,1087.00,261.04
2024/11/08 07:44:00,1088.00,262.99
2024/11/08 07:44:00,1089.00,267.42
2024/11/08 07:44:00,1090.00,264.23
2024/11/08 07:44:00,1091.00,266.80
2024/11/08 07:44:00,1092.00,267.19
2024/11/08 07:44:00,1093.00,267.03
2024/11/08 07:44:00,1094.00,268.99
2024/11/08 07:44:00,1095.00,264.04
2024/11/08 07:44:00,1096.00,266.47
2024/11/08 07:44:00,1097.00,264.27
2024/11/08 07:44:00,1098.00,256.24
2024/11/08 07:44:00,1099.00,259.40
2024/11/08 07:44:00,1100.00,252.72
2024/11/08 07:45:00,Wavelength(nm),Irradiance(W/m2/um)
2024/11/08 07:45:00,300.00,9.37
2024/11/08 07:45:00,301.00,10.37
2024/11/08 07:45:00,302.00,11.29
2024/11/08 07:45:00,303.00,13.04
2024/11/08 07:45:00,304.00,15.17
2024/11/08 07:45:00,305.00,17.19
2024/11/08 07:45:00,306.00,19.66
2024/11/08 07:45:00,307.00,22.74
2024/11/08 07:45:00,308.00,26.39
2024/11/08 07:45:00,309.00,30.81
2024/11/08 07:45:00,310.00,35.98
2024/11/08 07:45:00,311.00,41.87
2024/11/08 07:45:00,312.00,48.38
2024/11/08 07:45:00,313.00,55.09
2024/11/08 07:45:00,314.00,62.79
2024/11/08 07:45:00,315.00,70.68
2024/11/08 07:45:00,316.00,78.89
2024/11/08 07:45:00,317.00,87.59
2024/11/08 07:45:00,318.00,95.89
2024/11/08 07:45:00,319.00,103.33
2024/11/08 07:45:00,320.00,111.01
2024/11/08 07:45:00,321.00,119.07
2024/11/08 07:45:00,322.00,128.56
2024/11/08 07:45:00,323.00,139.65
2024/11/08 07:45:00,324.00,151.57
2024/11/08 07:45:00,325.00,164.54
2024/11/08 07:45:00,326.00,177.93
2024/11/08 07:45:00,327.00,190.40
2024/11/08 07:45:00,328.00,200.82
2024/11/08 07:45:00,329.00,209.56
2024/11/08 07:45:00,330.00,216.61
2024/11/08 07:45:00,331.00,221.57
2024/11/08 07:45:00,332.00,224.59
2024/11/08 07:45:00,333.00,225.48
2024/11/08 07:45:00,334.00,226.00
2024/11/08 07:45:00,335.00,226.62
2024/11/08 07:45:00,336.00,228.06
2024/11/08 07:45:00,337.00,230.36
2024/11/08 07:45:00,338.00,234.53
2024/11/08 07:45:00,339.00,239.83
2024/11/08 07:45:00,340.00,244.00
2024/11/08 07:45:00,341.00,246.45
2024/11/08 07:45:00,342.00,247.63
2024/11/08 07:45:00,343.00,248.71
2024/11/08 07:45:00,344.00,248.75
2024/11/08 07:45:00,345.00,248.57
2024/11/08 07:45:00,346.00,249.60
2024/11/08 07:45:00,347.00,252.27
2024/11/08 07:45:00,348.00,255.56
2024/11/08 07:45:00,349.00,258.98
2024/11/08 07:45:00,350.00,263.44
2024/11/08 07:45:00,351.00,269.68
2024/11/08 07:45:00,352.00,275.69
2024/11/08 07:45:00,353.00,279.21
2024/11/08 07:45:00,354.00,279.66
2024/11/08 07:45:00,355.00,276.36
2024/11/08 07:45:00,356.00,271.68
2024/11/08 07:45:00,357.00,267.51
2024/11/08 07:45:00,358.00,264.12
2024/11/08 07:45:00,359.00,264.46
2024/11/08 07:45:00,360.00,270.25
2024/11/08 07:45:00,361.00,277.04
2024/11/08 07:45:00,362.00,285.11
2024/11/08 07:45:00,363.00,297.43
2024/11/08 07:45:00,364.00,310.91
2024/11/08 07:45:00,365.00,321.79
2024/11/08 07:45:00,366.00,331.43
2024/11/08 07:45:00,367.00,338.61
2024/11/08 07:45:00,368.00,341.76
2024/11/08 07:45:00,369.00,340.79
2024/11/08 07:45:00,370.00,336.26
2024/11/08 07:45:00,371.00,327.88
2024/11/08 07:45:00,372.00,319.71
2024/11/08 07:45:00,373.00,314.47
2024/11/08 07:45:00,374.00,315.37
2024/11/08 07:45:00,375.00,323.94
2024/11/08 07:45:00,376.00,335.50
2024/11/08 07:45:00,377.00,346.47
2024/11/08 07:45:00,378.00,354.05
2024/11/08 07:45:00,379.00,351.98
2024/11/08 07:45:00,380.00,337.60
2024/11/08 07:45:00,381.00,321.44
2024/11/08 07:45:00,382.00,308.32
2024/11/08 07:45:00,383.00,298.05
2024/11/08 07:45:00,384.00,294.34
2024/11/08 07:45:00,385.00,299.73
2024/11/08 07:45:00,386.00,309.48
2024/11/08 07:45:00,387.00,322.00
2024/11/08 07:45:00,388.00,336.74
2024/11/08 07:45:00,389.00,348.99
2024/11/08 07:45:00,390.00,351.12
2024/11/08 07:45:00,391.00,345.74
2024/11/08 07:45:00,392.00,340.77
2024/11/08 07:45:00,393.00,332.45
2024/11/08 07:45:00,394.00,322.24
2024/11/08 07:45:00,395.00,327.60
2024/11/08 07:45:00,396.00,351.92
2024/11/08 07:45:00,397.00,380.76
2024/11/08 07:45:00,398.00,415.22
2024/11/08 07:45:00,399.00,456.87
2024/11/08 07:45:00,400.00,494.04
2024/11/08 07:45:00,401.00,518.08
2024/11/08 07:45:00,402.00,531.50
2024/11/08 07:45:00,403.00,534.86
2024/11/08 07:45:00,404.00,532.85
2024/11/08 07:45:00,405.00,530.85
2024/11/08 07:45:00,406.00,530.25
2024/11/08 07:45:00,407.00,531.13
2024/11/08 07:45:00,408.00,533.70
2024/11/08 07:45:00,409.00,541.02
2024/11/08 07:45:00,410.00,548.69
2024/11/08 07:45:00,411.00,555.22
2024/11/08 07:45:00,412.00,561.59
2024/11/08 07:45:00,413.00,569.87
2024/11/08 07:45:00,414.00,574.67
2024/11/08 07:45:00,415.00,575.69
2024/11/08 07:45:00,416.00,575.68
2024/11/08 07:45:00,417.00,575.76
2024/11/08 07:45:00,418.00,576.11
2024/11/08 07:45:00,419.00,576.70
2024/11/08 07:45:00,420.00,577.57
2024/11/08 07:45:00,421.00,578.62
2024/11/08 07:45:00,422.00,580.46
2024/11/08 07:45:00,423.00,580.08
2024/11/08 07:45:00,424.00,577.68
2024/11/08 07:45:00,425.00,575.68
2024/11/08 07:45:00,426.00,571.62
2024/11/08 07:45:00,427.00,560.23
2024/11/08 07:45:00,428.00,545.88
2024/11/08 07:45:00,429.00,537.11
2024/11/08 07:45:00,430.00,536.78
2024/11/08 07:45:00,431.00,542.85
2024/11/08 07:45:00,432.00,557.49
2024/11/08 07:45:00,433.00,580.66
2024/11/08 07:45:00,434.00,603.22
2024/11/08 07:45:00,435.00,614.28
2024/11/08 07:45:00,436.00,619.59
2024/11/08 07:45:00,437.00,624.11
2024/11/08 07:45:00,438.00,627.46
2024/11/08 07:45:00,439.00,631.07
2024/11/08 07:45:00,440.00,640.37
2024/11/08 07:45:00,441.00,655.01
2024/11/08 07:45:00,442.00,668.20
2024/11/08 07:45:00,443.00,677.04
2024/11/08 07:45:00,444.00,684.04
2024/11/08 07:45:00,445.00,690.07
2024/11/08 07:45:00,446.00,695.65
2024/11/08 07:45:00,447.00,704.76
2024/11/08 07:45:00,448.00,718.57
2024/11/08 07:45:00,449.00,729.80
2024/11/08 07:45:00,450.00,735.61
2024/11/08 07:45:00,451.00,737.40
2024/11/08 07:45:00,452.00,737.40
2024/11/08 07:45:00,453.00,734.77
2024/11/08 07:45:00,454.00,735.60
2024/11/08 07:45:00,455.00,740.01
2024/11/08 07:45:00,456.00,745.33
2024/11/08 07:45:00,457.00,749.42
2024/11/08 07:45:00,458.00,753.06
2024/11/08 07:45:00,459.00,756.75
2024/11/08 07:45:00,460.00,759.13
2024/11/08 07:45:00,461.00,762.25
2024/11/08 07:45:00,462.00,765.76
2024/11/08 07:45:00,463.00,765.38
2024/11/08 07:45:00,464.00,762.39
2024/11/08 07:45:00,465.00,758.62
2024/11/08 07:45:00,466.00,755.34
2024/11/08 07:45:00,467.00,751.91
2024/11/08 07:45:00,468.00,749.79
2024/11/08 07:45:00,469.00,750.36
2024/11/08 07:45:00,470.00,751.62
2024/11/08 07:45:00,471.00,753.52
2024/11/08 07:45:00,472.00,755.32
2024/11/08 07:45:00,473.00,759.73
2024/11/08 07:45:00,474.00,761.02
2024/11/08 07:45:00,475.00,762.54
2024/11/08 07:45:00,476.00,764.32
2024/11/08 07:45:00,477.00,767.83
2024/11/08 07:45:00,478.00,770.40
2024/11/08 07:45:00,479.00,773.12
2024/11/08 07:45:00,480.00,777.32
2024/11/08 07:45:00,481.00,777.53
2024/11/08 07:45:00,482.00,771.46
2024/11/08 07:45:00,483.00,759.47
2024/11/08 07:45:00,484.00,744.27
2024/11/08 07:45:00,485.00,727.59
2024/11/08 07:45:00,486.00,718.56
2024/11/08 07:45:00,487.00,716.61
2024/11/08 07:45:00,488.00,721.97
2024/11/08 07:45:00,489.00,731.12
2024/11/08 07:45:00,490.00,739.45
2024/11/08 07:45:00,491.00,744.95
2024/11/08 07:45:00,492.00,748.72
2024/11/08 07:45:00,493.00,750.52
2024/11/08 07:45:00,494.00,753.24
2024/11/08 07:45:00,495.00,756.41
2024/11/08 07:45:00,496.00,754.80
2024/11/08 07:45:00,497.00,751.87
2024/11/08 07:45:00,498.00,746.72
2024/11/08 07:45:00,499.00,739.90
2024/11/08 07:45:00,500.00,731.77
2024/11/08 07:45:00,501.00,728.85
2024/11/08 07:45:00,502.00,727.47
2024/11/08 07:45:00,503.00,728.88
2024/11/08 07:45:00,504.00,733.50
2024/11/08 07:45:00,505.00,738.08
2024/11/08 07:45:00,506.00,739.89
2024/11/08 07:45:00,507.00,741.31
2024/11/08 07:45:00,508.00,742.23
2024/11/08 07:45:00,509.00,741.10
2024/11/08 07:45:00,510.00,741.05
2024/11/08 07:45:00,511.00,738.51
2024/11/08 07:45:00,512.00,735.58
2024/11/08 07:45:00,513.00,728.87
2024/11/08 07:45:00,514.00,717.66
2024/11/08 07:45:00,515.00,703.58
2024/11/08 07:45:00,516.00,694.27
2024/11/08 07:45:00,517.00,686.20
2024/11/08 07:45:00,518.00,685.00
2024/11/08 07:45:00,519.00,689.71
2024/11/08 07:45:00,520.00,698.26
2024/11/08 07:45:00,521.00,707.17
2024/11/08 07:45:00,522.00,715.54
2024/11/08 07:45:00,523.00,717.83
2024/11/08 07:45:00,524.00,716.29
2024/11/08 07:45:00,525.00,714.13
2024/11/08 07:45:00,526.00,714.27
2024/11/08 07:45:00,527.00,714.79
2024/11/08 07:45:00,528.00,718.12
2024/11/08 07:45:00,529.00,723.13
2024/11/08 07:45:00,530.00,728.19
2024/11/08 07:45:00,531.00,729.21
2024/11/08 07:45:00,532.00,728.75
2024/11/08 07:45:00,533.00,728.75
2024/11/08 07:45:00,534.00,728.75
2024/11/08 07:45:00,535.00,729.15
2024/11/08 07:45:00,536.00,728.62
2024/11/08 07:45:00,537.00,726.72
2024/11/08 07:45:00,538.00,722.01
2024/11/08 07:45:00,539.00,718.23
2024/11/08 07:45:00,540.00,715.35
2024/11/08 07:45:00,541.00,714.73
2024/11/08 07:45:00,542.00,714.10
2024/11/08 07:45:00,543.00,715.66
2024/11/08 07:45:00,544.00,718.05
2024/11/08 07:45:00,545.00,719.72
2024/11/08 07:45:00,546.00,718.99
2024/11/08 07:45:00,547.00,720.22
2024/11/08 07:45:00,548.00,721.35
2024/11/08 07:45:00,549.00,720.10
2024/11/08 07:45:00,550.00,719.99
2024/11/08 07:45:00,551.00,720.87
2024/11/08 07:45:00,552.00,719.93
2024/11/08 07:45:00,553.00,718.83
2024/11/08 07:45:00,554.00,718.01
2024/11/08 07:45:00,555.00,715.13
2024/11/08 07:45:00,556.00,711.07
2024/11/08 07:45:00,557.00,706.94
2024/11/08 07:45:00,558.00,703.63
2024/11/08 07:45:00,559.00,700.91
2024/11/08 07:45:00,560.00,698.51
2024/11/08 07:45:00,561.00,697.56
2024/11/08 07:45:00,562.00,698.15
2024/11/08 07:45:00,563.00,695.13
2024/11/08 07:45:00,564.00,693.63
2024/11/08 07:45:00,565.00,692.98
2024/11/08 07:45:00,566.00,691.32
2024/11/08 07:45:00,567.00,688.42
2024/11/08 07:45:00,568.00,688.92
2024/11/08 07:45:00,569.00,686.40
2024/11/08 07:45:00,570.00,684.54
2024/11/08 07:45:00,571.00,684.71
2024/11/08 07:45:00,572.00,684.51
2024/11/08 07:45:00,573.00,684.16
2024/11/08 07:45:00,574.00,684.63
2024/11/08 07:45:00,575.00,683.00
2024/11/08 07:45:00,576.00,680.66
2024/11/08 07:45:00,577.00,679.66
2024/11/08 07:45:00,578.00,678.46
2024/11/08 07:45:00,579.00,680.09
2024/11/08 07:45:00,580.00,684.19
2024/11/08 07:45:00,581.00,687.01
2024/11/08 07:45:00,582.00,689.93
2024/11/08 07:45:00,583.00,691.59
2024/11/08 07:45:00,584.00,690.53
2024/11/08 07:45:00,585.00,688.86
2024/11/08 07:45:00,586.00,685.17
2024/11/08 07:45:00,587.00,679.50
2024/11/08 07:45:00,588.00,676.02
2024/11/08 07:45:00,589.00,673.48
2024/11/08 07:45:00,590.00,671.17
2024/11/08 07:45:00,591.00,671.19
2024/11/08 07:45:00,592.00,672.55
2024/11/08 07:45:00,593.00,673.31
2024/11/08 07:45:00,594.00,673.56
2024/11/08 07:45:00,595.00,673.47
2024/11/08 07:45:00,596.00,673.15
2024/11/08 07:45:00,597.00,673.68
2024/11/08 07:45:00,598.00,671.67
2024/11/08 07:45:00,599.00,668.59
2024/11/08 07:45:00,600.00,667.45
2024/11/08 07:45:00,601.00,666.50
2024/11/08 07:45:00,602.00,665.14
2024/11/08 07:45:00,603.00,666.85
2024/11/08 07:45:00,604.00,668.44
2024/11/08 07:45:00,605.00,667.95
2024/11/08 07:45:00,606.00,667.31
2024/11/08 07:45:00,607.00,665.65
2024/11/08 07:45:00,608.00,662.79
2024/11/08 07:45:00,609.00,661.41
2024/11/08 07:45:00,610.00,659.09
2024/11/08 07:45:00,611.00,657.67
2024/11/08 07:45:00,612.00,656.23
2024/11/08 07:45:00,613.00,653.39
2024/11/08 07:45:00,614.00,651.35
2024/11/08 07:45:00,615.00,651.17
2024/11/08 07:45:00,616.00,650.26
2024/11/08 07:45:00,617.00,650.37
2024/11/08 07:45:00,618.00,652.64
2024/11/08 07:45:00,619.00,651.83
2024/11/08 07:45:00,620.00,651.20
2024/11/08 07:45:00,621.00,650.30
2024/11/08 07:45:00,622.00,647.47
2024/11/08 07:45:00,623.00,644.40
2024/11/08 07:45:00,624.00,643.36
2024/11/08 07:45:00,625.00,640.15
2024/11/08 07:45:00,626.00,636.46
2024/11/08 07:45:00,627.00,634.39
2024/11/08 07:45:00,628.00,632.35
2024/11/08 07:45:00,629.00,630.69
2024/11/08 07:45:00,630.00,630.82
2024/11/08 07:45:00,631.00,631.76
2024/11/08 07:45:00,632.00,632.79
2024/11/08 07:45:00,633.00,634.17
2024/11/08 07:45:00,634.00,635.71
2024/11/08 07:45:00,635.00,638.63
2024/11/08 07:45:00,636.00,641.15
2024/11/08 07:45:00,637.00,641.65
2024/11/08 07:45:00,638.00,642.97
2024/11/08 07:45:00,639.00,643.84
2024/11/08 07:45:00,640.00,641.87
2024/11/08 07:45:00,641.00,641.32
2024/11/08 07:45:00,642.00,641.65
2024/11/08 07:45:00,643.00,640.76
2024/11/08 07:45:00,644.00,639.22
2024/11/08 07:45:00,645.00,639.35
2024/11/08 07:45:00,646.00,636.81
2024/11/08 07:45:00,647.00,635.29
2024/11/08 07:45:00,648.00,634.35
2024/11/08 07:45:00,649.00,633.95
2024/11/08 07:45:00,650.00,633.83
2024/11/08 07:45:00,651.00,633.71
2024/11/08 07:45:00,652.00,631.07
2024/11/08 07:45:00,653.00,625.11
2024/11/08 07:45:00,654.00,616.65
2024/11/08 07:45:00,655.00,611.30
2024/11/08 07:45:00,656.00,608.48
2024/11/08 07:45:00,657.00,606.83
2024/11/08 07:45:00,658.00,611.10
2024/11/08 07:45:00,659.00,617.24
2024/11/08 07:45:00,660.00,619.79
2024/11/08 07:45:00,661.00,622.72
2024/11/08 07:45:00,662.00,626.61
2024/11/08 07:45:00,663.00,628.83
2024/11/08 07:45:00,664.00,630.71
2024/11/08 07:45:00,665.00,632.95
2024/11/08 07:45:00,666.00,634.30
2024/11/08 07:45:00,667.00,636.66
2024/11/08 07:45:00,668.00,635.84
2024/11/08 07:45:00,669.00,636.65
2024/11/08 07:45:00,670.00,637.64
2024/11/08 07:45:00,671.00,635.25
2024/11/08 07:45:00,672.00,632.89
2024/11/08 07:45:00,673.00,633.43
2024/11/08 07:45:00,674.00,632.61
2024/11/08 07:45:00,675.00,631.02
2024/11/08 07:45:00,676.00,632.84
2024/11/08 07:45:00,677.00,632.84
2024/11/08 07:45:00,678.00,631.46
2024/11/08 07:45:00,679.00,630.57
2024/11/08 07:45:00,680.00,629.84
2024/11/08 07:45:00,681.00,627.50
2024/11/08 07:45:00,682.00,625.57
2024/11/08 07:45:00,683.00,620.83
2024/11/08 07:45:00,684.00,608.53
2024/11/08 07:45:00,685.00,591.22
2024/11/08 07:45:00,686.00,574.78
2024/11/08 07:45:00,687.00,559.37
2024/11/08 07:45:00,688.00,546.94
2024/11/08 07:45:00,689.00,543.21
2024/11/08 07:45:00,690.00,548.95
2024/11/08 07:45:00,691.00,556.61
2024/11/08 07:45:00,692.00,562.92
2024/11/08 07:45:00,693.00,572.38
2024/11/08 07:45:00,694.00,580.66
2024/11/08 07:45:00,695.00,583.62
2024/11/08 07:45:00,696.00,587.51
2024/11/08 07:45:00,697.00,590.08
2024/11/08 07:45:00,698.00,590.43
2024/11/08 07:45:00,699.00,590.44
2024/11/08 07:45:00,700.00,591.25
2024/11/08 07:45:00,701.00,591.69
2024/11/08 07:45:00,702.00,594.25
2024/11/08 07:45:00,703.00,594.90
2024/11/08 07:45:00,704.00,597.06
2024/11/08 07:45:00,705.00,599.45
2024/11/08 07:45:00,706.00,598.28
2024/11/08 07:45:00,707.00,597.10
2024/11/08 07:45:00,708.00,597.91
2024/11/08 07:45:00,709.00,595.11
2024/11/08 07:45:00,710.00,593.55
2024/11/08 07:45:00,711.00,594.33
2024/11/08 07:45:00,712.00,592.01
2024/11/08 07:45:00,713.00,588.49
2024/11/08 07:45:00,714.00,586.70
2024/11/08 07:45:00,715.00,579.15
2024/11/08 07:45:00,716.00,569.71
2024/11/08 07:45:00,717.00,561.43
2024/11/08 07:45:00,718.00,553.74
2024/11/08 07:45:00,719.00,546.78
2024/11/08 07:45:00,720.00,543.18
2024/11/08 07:45:00,721.00,541.94
2024/11/08 07:45:00,722.00,542.00
2024/11/08 07:45:00,723.00,540.40
2024/11/08 07:45:00,724.00,540.51
2024/11/08 07:45:00,725.00,541.42
2024/11/08 07:45:00,726.00,539.83
2024/11/08 07:45:00,727.00,540.30
2024/11/08 07:45:00,728.00,542.22
2024/11/08 07:45:00,729.00,543.41
2024/11/08 07:45:00,730.00,544.71
2024/11/08 07:45:00,731.00,549.44
2024/11/08 07:45:00,732.00,551.44
2024/11/08 07:45:00,733.00,554.28
2024/11/08 07:45:00,734.00,556.48
2024/11/08 07:45:00,735.00,557.62
2024/11/08 07:45:00,736.00,557.06
2024/11/08 07:45:00,737.00,555.64
2024/11/08 07:45:00,738.00,555.24
2024/11/08 07:45:00,739.00,555.59
2024/11/08 07:45:00,740.00,554.41
2024/11/08 07:45:00,741.00,554.36
2024/11/08 07:45:00,742.00,555.99
2024/11/08 07:45:00,743.00,553.58
2024/11/08 07:45:00,744.00,551.34
2024/11/08 07:45:00,745.00,554.83
2024/11/08 07:45:00,746.00,554.83
2024/11/08 07:45:00,747.00,551.75
2024/11/08 07:45:00,748.00,552.12
2024/11/08 07:45:00,749.00,551.79
2024/11/08 07:45:00,750.00,547.96
2024/11/08 07:45:00,751.00,546.07
2024/11/08 07:45:00,752.00,546.78
2024/11/08 07:45:00,753.00,546.12
2024/11/08 07:45:00,754.00,542.70
2024/11/08 07:45:00,755.00,539.62
2024/11/08 07:45:00,756.00,529.14
2024/11/08 07:45:00,757.00,501.27
2024/11/08 07:45:00,758.00,462.85
2024/11/08 07:45:00,759.00,424.07
2024/11/08 07:45:00,760.00,380.02
2024/11/08 07:45:00,761.00,344.40
2024/11/08 07:45:00,762.00,329.88
2024/11/08 07:45:00,763.00,329.10
2024/11/08 07:45:00,764.00,335.15
2024/11/08 07:45:00,765.00,353.62
2024/11/08 07:45:00,766.00,375.77
2024/11/08 07:45:00,767.00,396.79
2024/11/08 07:45:00,768.00,420.85
2024/11/08 07:45:00,769.00,442.22
2024/11/08 07:45:00,770.00,460.35
2024/11/08 07:45:00,771.00,474.08
2024/11/08 07:45:00,772.00,486.41
2024/11/08 07:45:00,773.00,496.53
2024/11/08 07:45:00,774.00,502.70
2024/11/08 07:45:00,775.00,506.33
2024/11/08 07:45:00,776.00,512.26
2024/11/08 07:45:00,777.00,513.59
2024/11/08 07:45:00,778.00,511.05
2024/11/08 07:45:00,779.00,512.18
2024/11/08 07:45:00,780.00,513.02
2024/11/08 07:45:00,781.00,509.17
2024/11/08 07:45:00,782.00,512.20
2024/11/08 07:45:00,783.00,514.29
2024/11/08 07:45:00,784.00,512.01
2024/11/08 07:45:00,785.00,512.82
2024/11/08 07:45:00,786.00,513.46
2024/11/08 07:45:00,787.00,510.37
2024/11/08 07:45:00,788.00,506.61
2024/11/08 07:45:00,789.00,504.70
2024/11/08 07:45:00,790.00,502.69
2024/11/08 07:45:00,791.00,499.32
2024/11/08 07:45:00,792.00,496.93
2024/11/08 07:45:00,793.00,500.36
2024/11/08 07:45:00,794.00,501.58
2024/11/08 07:45:00,795.00,499.00
2024/11/08 07:45:00,796.00,501.31
2024/11/08 07:45:00,797.00,502.98
2024/11/08 07:45:00,798.00,497.15
2024/11/08 07:45:00,799.00,498.52
2024/11/08 07:45:00,800.00,498.93
2024/11/08 07:45:00,801.00,495.03
2024/11/08 07:45:00,802.00,494.57
2024/11/08 07:45:00,803.00,497.67
2024/11/08 07:45:00,804.00,495.65
2024/11/08 07:45:00,805.00,496.13
2024/11/08 07:45:00,806.00,498.48
2024/11/08 07:45:00,807.00,498.24
2024/11/08 07:45:00,808.00,495.62
2024/11/08 07:45:00,809.00,493.76
2024/11/08 07:45:00,810.00,493.44
2024/11/08 07:45:00,811.00,489.57
2024/11/08 07:45:00,812.00,484.12
2024/11/08 07:45:00,813.00,482.19
2024/11/08 07:45:00,814.00,478.76
2024/11/08 07:45:00,815.00,470.83
2024/11/08 07:45:00,816.00,470.12
2024/11/08 07:45:00,817.00,469.20
2024/11/08 07:45:00,818.00,465.13
2024/11/08 07:45:00,819.00,465.86
2024/11/08 07:45:00,820.00,467.93
2024/11/08 07:45:00,821.00,464.86
2024/11/08 07:45:00,822.00,465.92
2024/11/08 07:45:00,823.00,468.85
2024/11/08 07:45:00,824.00,467.90
2024/11/08 07:45:00,825.00,467.46
2024/11/08 07:45:00,826.00,467.37
2024/11/08 07:45:00,827.00,469.72
2024/11/08 07:45:00,828.00,466.53
2024/11/08 07:45:00,829.00,463.50
2024/11/08 07:45:00,830.00,466.09
2024/11/08 07:45:00,831.00,463.43
2024/11/08 07:45:00,832.00,459.59
2024/11/08 07:45:00,833.00,461.95
2024/11/08 07:45:00,834.00,461.11
2024/11/08 07:45:00,835.00,456.08
2024/11/08 07:45:00,836.00,460.40
2024/11/08 07:45:00,837.00,459.82
2024/11/08 07:45:00,838.00,458.68
2024/11/08 07:45:00,839.00,459.94
2024/11/08 07:45:00,840.00,461.06
2024/11/08 07:45:00,841.00,458.29
2024/11/08 07:45:00,842.00,455.50
2024/11/08 07:45:00,843.00,453.07
2024/11/08 07:45:00,844.00,450.39
2024/11/08 07:45:00,845.00,446.66
2024/11/08 07:45:00,846.00,444.21
2024/11/08 07:45:00,847.00,442.76
2024/11/08 07:45:00,848.00,438.88
2024/11/08 07:45:00,849.00,436.05
2024/11/08 07:45:00,850.00,433.61
2024/11/08 07:45:00,851.00,427.46
2024/11/08 07:45:00,852.00,421.71
2024/11/08 07:45:00,853.00,420.67
2024/11/08 07:45:00,854.00,417.75
2024/11/08 07:45:00,855.00,418.31
2024/11/08 07:45:00,856.00,423.31
2024/11/08 07:45:00,857.00,426.57
2024/11/08 07:45:00,858.00,428.30
2024/11/08 07:45:00,859.00,430.50
2024/11/08 07:45:00,860.00,432.23
2024/11/08 07:45:00,861.00,432.80
2024/11/08 07:45:00,862.00,430.94
2024/11/08 07:45:00,863.00,428.09
2024/11/08 07:45:00,864.00,423.78
2024/11/08 07:45:00,865.00,419.75
2024/11/08 07:45:00,866.00,416.99
2024/11/08 07:45:00,867.00,418.08
2024/11/08 07:45:00,868.00,418.07
2024/11/08 07:45:00,869.00,420.55
2024/11/08 07:45:00,870.00,421.99
2024/11/08 07:45:00,871.00,420.87
2024/11/08 07:45:00,872.00,420.73
2024/11/08 07:45:00,873.00,421.47
2024/11/08 07:45:00,874.00,420.41
2024/11/08 07:45:00,875.00,419.39
2024/11/08 07:45:00,876.00,420.55
2024/11/08 07:45:00,877.00,419.46
2024/11/08 07:45:00,878.00,417.46
2024/11/08 07:45:00,879.00,417.06
2024/11/08 07:45:00,880.00,416.40
2024/11/08 07:45:00,881.00,416.22
2024/11/08 07:45:00,882.00,415.18
2024/11/08 07:45:00,883.00,415.61
2024/11/08 07:45:00,884.00,415.91
2024/11/08 07:45:00,885.00,413.46
2024/11/08 07:45:00,886.00,412.86
2024/11/08 07:45:00,887.00,412.79
2024/11/08 07:45:00,888.00,409.92
2024/11/08 07:45:00,889.00,408.94
2024/11/08 07:45:00,890.00,409.43
2024/11/08 07:45:00,891.00,405.06
2024/11/08 07:45:00,892.00,401.38
2024/11/08 07:45:00,893.00,397.40
2024/11/08 07:45:00,894.00,391.65
2024/11/08 07:45:00,895.00,384.09
2024/11/08 07:45:00,896.00,377.26
2024/11/08 07:45:00,897.00,370.12
2024/11/08 07:45:00,898.00,363.03
2024/11/08 07:45:00,899.00,356.89
2024/11/08 07:45:00,900.00,354.91
2024/11/08 07:45:00,901.00,355.03
2024/11/08 07:45:00,902.00,356.35
2024/11/08 07:45:00,903.00,359.83
2024/11/08 07:45:00,904.00,360.37
2024/11/08 07:45:00,905.00,357.42
2024/11/08 07:45:00,906.00,355.59
2024/11/08 07:45:00,907.00,352.22
2024/11/08 07:45:00,908.00,348.62
2024/11/08 07:45:00,909.00,348.36
2024/11/08 07:45:00,910.00,347.81
2024/11/08 07:45:00,911.00,347.06
2024/11/08 07:45:00,912.00,345.06
2024/11/08 07:45:00,913.00,343.47
2024/11/08 07:45:00,914.00,341.71
2024/11/08 07:45:00,915.00,339.06
2024/11/08 07:45:00,916.00,338.73
2024/11/08 07:45:00,917.00,342.26
2024/11/08 07:45:00,918.00,343.27
2024/11/08 07:45:00,919.00,345.39
2024/11/08 07:45:00,920.00,348.84
2024/11/08 07:45:00,921.00,348.13
2024/11/08 07:45:00,922.00,347.24
2024/11/08 07:45:00,923.00,347.35
2024/11/08 07:45:00,924.00,344.77
2024/11/08 07:45:00,925.00,341.62
2024/11/08 07:45:00,926.00,337.84
2024/11/08 07:45:00,927.00,329.75
2024/11/08 07:45:00,928.00,319.27
2024/11/08 07:45:00,929.00,305.25
2024/11/08 07:45:00,930.00,289.34
2024/11/08 07:45:00,931.00,272.35
2024/11/08 07:45:00,932.00,254.12
2024/11/08 07:45:00,933.00,240.35
2024/11/08 07:45:00,934.00,230.31
2024/11/08 07:45:00,935.00,222.57
2024/11/08 07:45:00,936.00,221.43
2024/11/08 07:45:00,937.00,224.01
2024/11/08 07:45:00,938.00,226.24
2024/11/08 07:45:00,939.00,231.08
2024/11/08 07:45:00,940.00,234.21
2024/11/08 07:45:00,941.00,234.30
2024/11/08 07:45:00,942.00,234.10
2024/11/08 07:45:00,943.00,233.07
2024/11/08 07:45:00,944.00,231.79
2024/11/08 07:45:00,945.00,232.21
2024/11/08 07:45:00,946.00,234.09
2024/11/08 07:45:00,947.00,236.30
2024/11/08 07:45:00,948.00,237.46
2024/11/08 07:45:00,949.00,238.07
2024/11/08 07:45:00,950.00,240.43
2024/11/08 07:45:00,951.00,239.85
2024/11/08 07:45:00,952.00,240.17
2024/11/08 07:45:00,953.00,242.41
2024/11/08 07:45:00,954.00,242.54
2024/11/08 07:45:00,955.00,244.07
2024/11/08 07:45:00,956.00,248.01
2024/11/08 07:45:00,957.00,250.67
2024/11/08 07:45:00,958.00,253.79
2024/11/08 07:45:00,959.00,258.15
2024/11/08 07:45:00,960.00,260.31
2024/11/08 07:45:00,961.00,263.36
2024/11/08 07:45:00,962.00,266.91
2024/11/08 07:45:00,963.00,270.83
2024/11/08 07:45:00,964.00,276.03
2024/11/08 07:45:00,965.00,280.62
2024/11/08 07:45:00,966.00,286.66
2024/11/08 07:45:00,967.00,293.12
2024/11/08 07:45:00,968.00,296.89
2024/11/08 07:45:00,969.00,302.34
2024/11/08 07:45:00,970.00,306.40
2024/11/08 07:45:00,971.00,307.14
2024/11/08 07:45:00,972.00,308.37
2024/11/08 07:45:00,973.00,309.24
2024/11/08 07:45:00,974.00,307.53
2024/11/08 07:45:00,975.00,307.98
2024/11/08 07:45:00,976.00,308.34
2024/11/08 07:45:00,977.00,307.90
2024/11/08 07:45:00,978.00,308.68
2024/11/08 07:45:00,979.00,310.13
2024/11/08 07:45:00,980.00,312.57
2024/11/08 07:45:00,981.00,314.68
2024/11/08 07:45:00,982.00,316.38
2024/11/08 07:45:00,983.00,318.57
2024/11/08 07:45:00,984.00,320.66
2024/11/08 07:45:00,985.00,321.80
2024/11/08 07:45:00,986.00,322.84
2024/11/08 07:45:00,987.00,322.94
2024/11/08 07:45:00,988.00,324.18
2024/11/08 07:45:00,989.00,324.88
2024/11/08 07:45:00,990.00,324.73
2024/11/08 07:45:00,991.00,325.67
2024/11/08 07:45:00,992.00,325.99
2024/11/08 07:45:00,993.00,325.06
2024/11/08 07:45:00,994.00,324.16
2024/11/08 07:45:00,995.00,323.60
2024/11/08 07:45:00,996.00,323.18
2024/11/08 07:45:00,997.00,322.44
2024/11/08 07:45:00,998.00,321.56
2024/11/08 07:45:00,999.00,322.65
2024/11/08 07:45:00,1000.00,322.12
2024/11/08 07:45:00,1001.00,320.35
2024/11/08 07:45:00,1002.00,320.70
2024/11/08 07:45:00,1003.00,318.48
2024/11/08 07:45:00,1004.00,315.81
2024/11/08 07:45:00,1005.00,314.73
2024/11/08 07:45:00,1006.00,313.45
2024/11/08 07:45:00,1007.00,313.14
2024/11/08 07:45:00,1008.00,313.60
2024/11/08 07:45:00,1009.00,313.93
2024/11/08 07:45:00,1010.00,315.04
2024/11/08 07:45:00,1011.00,314.33
2024/11/08 07:45:00,1012.00,314.22
2024/11/08 07:45:00,1013.00,314.74
2024/11/08 07:45:00,1014.00,313.52
2024/11/08 07:45:00,1015.00,312.66
2024/11/08 07:45:00,1016.00,312.42
2024/11/08 07:45:00,1017.00,310.35
2024/11/08 07:45:00,1018.00,310.50
2024/11/08 07:45:00,1019.00,309.55
2024/11/08 07:45:00,1020.00,309.52
2024/11/08 07:45:00,1021.00,309.18
2024/11/08 07:45:00,1022.00,309.27
2024/11/08 07:45:00,1023.00,307.74
2024/11/08 07:45:00,1024.00,308.14
2024/11/08 07:45:00,1025.00,307.63
2024/11/08 07:45:00,1026.00,306.13
2024/11/08 07:45:00,1027.00,305.47
2024/11/08 07:45:00,1028.00,304.30
2024/11/08 07:45:00,1029.00,302.47
2024/11/08 07:45:00,1030.00,301.31
2024/11/08 07:45:00,1031.00,299.62
2024/11/08 07:45:00,1032.00,299.68
2024/11/08 07:45:00,1033.00,297.18
2024/11/08 07:45:00,1034.00,295.84
2024/11/08 07:45:00,1035.00,297.22
2024/11/08 07:45:00,1036.00,296.17
2024/11/08 07:45:00,1037.00,296.31
2024/11/08 07:45:00,1038.00,297.65
2024/11/08 07:45:00,1039.00,296.55
2024/11/08 07:45:00,1040.00,295.37
2024/11/08 07:45:00,1041.00,295.66
2024/11/08 07:45:00,1042.00,292.79
2024/11/08 07:45:00,1043.00,290.86
2024/11/08 07:45:00,1044.00,289.84
2024/11/08 07:45:00,1045.00,288.85
2024/11/08 07:45:00,1046.00,288.36
2024/11/08 07:45:00,1047.00,289.40
2024/11/08 07:45:00,1048.00,290.25
2024/11/08 07:45:00,1049.00,289.82
2024/11/08 07:45:00,1050.00,289.25
2024/11/08 07:45:00,1051.00,293.23
2024/11/08 07:45:00,1052.00,290.83
2024/11/08 07:45:00,1053.00,288.57
2024/11/08 07:45:00,1054.00,289.84
2024/11/08 07:45:00,1055.00,285.67
2024/11/08 07:45:00,1056.00,283.13
2024/11/08 07:45:00,1057.00,282.97
2024/11/08 07:45:00,1058.00,280.18
2024/11/08 07:45:00,1059.00,279.90
2024/11/08 07:45:00,1060.00,281.60
2024/11/08 07:45:00,1061.00,281.42
2024/11/08 07:45:00,1062.00,282.81
2024/11/08 07:45:00,1063.00,282.45
2024/11/08 07:45:00,1064.00,280.85
2024/11/08 07:45:00,1065.00,279.69
2024/11/08 07:45:00,1066.00,278.14
2024/11/08 07:45:00,1067.00,279.83
2024/11/08 07:45:00,1068.00,280.00
2024/11/08 07:45:00,1069.00,277.46
2024/11/08 07:45:00,1070.00,278.23
2024/11/08 07:45:00,1071.00,273.10
2024/11/08 07:45:00,1072.00,268.49
2024/11/08 07:45:00,1073.00,272.07
2024/11/08 07:45:00,1074.00,271.42
2024/11/08 07:45:00,1075.00,271.88
2024/11/08 07:45:00,1076.00,277.05
2024/11/08 07:45:00,1077.00,278.48
2024/11/08 07:45:00,1078.00,281.67
2024/11/08 07:45:00,1079.00,282.23
2024/11/08 07:45:00,1080.00,279.87
2024/11/08 07:45:00,1081.00,276.92
2024/11/08 07:45:00,1082.00,273.18
2024/11/08 07:45:00,1083.00,271.72
2024/11/08 07:45:00,1084.00,270.95
2024/11/08 07:45:00,1085.00,269.35
2024/11/08 07:45:00,1086.00,276.56
2024/11/08 07:45:00,1087.00,273.70
2024/11/08 07:45:00,1088.00,268.14
2024/11/08 07:45:00,1089.00,271.70
2024/11/08 07:45:00,1090.00,269.74
2024/11/08 07:45:00,1091.00,267.91
2024/11/08 07:45:00,1092.00,272.81
2024/11/08 07:45:00,1093.00,268.59
2024/11/08 07:45:00,1094.00,267.17
2024/11/08 07:45:00,1095.00,265.03
2024/11/08 07:45:00,1096.00,261.11
2024/11/08 07:45:00,1097.00,261.59
2024/11/08 07:45:00,1098.00,260.99
2024/11/08 07:45:00,1099.00,255.92
2024/11/08 07:45:00,1100.00,254.74
2024/11/08 07:46:00,Wavelength(nm),Irradiance(W/m2/um)
2024/11/08 07:46:00,300.00,9.31
2024/11/08 07:46:00,301.00,10.16
2024/11/08 07:46:00,302.00,11.51
2024/11/08 07:46:00,303.00,13.06
2024/11/08 07:46:00,304.00,14.63
2024/11/08 07:46:00,305.00,16.71
2024/11/08 07:46:00,306.00,19.18
2024/11/08 07:46:00,307.00,22.24
2024/11/08 07:46:00,308.00,26.04
2024/11/08 07:46:00,309.00,30.83
2024/11/08 07:46:00,310.00,36.35
2024/11/08 07:46:00,311.00,42.28
2024/11/08 07:46:00,312.00,48.84
2024/11/08 07:46:00,313.00,55.96
2024/11/08 07:46:00,314.00,63.64
2024/11/08 07:46:00,315.00,71.58
2024/11/08 07:46:00,316.00,80.15
2024/11/08 07:46:00,317.00,88.85
2024/11/08 07:46:00,318.00,97.04
2024/11/08 07:46:00,319.00,104.39
2024/11/08 07:46:00,320.00,111.79
2024/11/08 07:46:00,321.00,119.87
2024/11/08 07:46:00,322.00,129.45
2024/11/08 07:46:00,323.00,140.59
2024/11/08 07:46:00,324.00,152.88
2024/11/08 07:46:00,325.00,166.01
2024/11/08 07:46:00,326.00,179.49
2024/11/08 07:46:00,327.00,191.72
2024/11/08 07:46:00,328.00,202.01
2024/11/08 07:46:00,329.00,210.86
2024/11/08 07:46:00,330.00,218.23
2024/11/08 07:46:00,331.00,223.26
2024/11/08 07:46:00,332.00,226.50
2024/11/08 07:46:00,333.00,227.80
2024/11/08 07:46:00,334.00,228.29
2024/11/08 07:46:00,335.00,228.81
2024/11/08 07:46:00,336.00,230.23
2024/11/08 07:46:00,337.00,232.49
2024/11/08 07:46:00,338.00,236.41
2024/11/08 07:46:00,339.00,241.17
2024/11/08 07:46:00,340.00,245.34
2024/11/08 07:46:00,341.00,247.64
2024/11/08 07:46:00,342.00,248.58
2024/11/08 07:46:00,343.00,249.69
2024/11/08 07:46:00,344.00,249.94
2024/11/08 07:46:00,345.00,249.70
2024/11/08 07:46:00,346.00,250.72
2024/11/08 07:46:00,347.00,253.73
2024/11/08 07:46:00,348.00,257.38
2024/11/08 07:46:00,349.00,261.27
2024/11/08 07:46:00,350.00,265.72
2024/11/08 07:46:00,351.00,272.25
2024/11/08 07:46:00,352.00,278.28
2024/11/08 07:46:00,353.00,281.51
2024/11/08 07:46:00,354.00,281.48
2024/11/08 07:46:00,355.00,278.47
2024/11/08 07:46:00,356.00,273.61
2024/11/08 07:46:00,357.00,269.46
2024/11/08 07:46:00,358.00,265.78
2024/11/08 07:46:00,359.00,266.42
2024/11/08 07:46:00,360.00,272.07
2024/11/08 07:46:00,361.00,278.65
2024/11/08 07:46:00,362.00,286.83
2024/11/08 07:46:00,363.00,299.39
2024/11/08 07:46:00,364.00,312.67
2024/11/08 07:46:00,365.00,323.44
2024/11/08 07:46:00,366.00,333.36
2024/11/08 07:46:00,367.00,340.63
2024/11/08 07:46:00,368.00,344.12
2024/11/08 07:46:00,369.00,343.66
2024/11/08 07:46:00,370.00,338.87
2024/11/08 07:46:00,371.00,330.33
2024/11/08 07:46:00,372.00,321.75
2024/11/08 07:46:00,373.00,316.04
2024/11/08 07:46:00,374.00,316.52
2024/11/08 07:46:00,375.00,325.05
2024/11/08 07:46:00,376.00,336.79
2024/11/08 07:46:00,377.00,348.27
2024/11/08 07:46:00,378.00,356.34
2024/11/08 07:46:00,379.00,354.00
2024/11/08 07:46:00,380.00,339.58
2024/11/08 07:46:00,381.00,322.94
2024/11/08 07:46:00,382.00,309.48
2024/11/08 07:46:00,383.00,299.30
2024/11/08 07:46:00,384.00,295.68
2024/11/08 07:46:00,385.00,301.38
2024/11/08 07:46:00,386.00,311.41
2024/11/08 07:46:00,387.00,324.04
2024/11/08 07:46:00,388.00,338.41
2024/11/08 07:46:00,389.00,350.54
2024/11/08 07:46:00,390.00,352.65
2024/11/08 07:46:00,391.00,347.43
2024/11/08 07:46:00,392.00,342.59
2024/11/08 07:46:00,393.00,334.30
2024/11/08 07:46:00,394.00,324.19
2024/11/08 07:46:00,395.00,329.50
2024/11/08 07:46:00,396.00,353.92
2024/11/08 07:46:00,397.00,383.19
2024/11/08 07:46:00,398.00,417.57
2024/11/08 07:46:00,399.00,459.40
2024/11/08 07:46:00,400.00,496.83
2024/11/08 07:46:00,401.00,520.78
2024/11/08 07:46:00,402.00,533.74
2024/11/08 07:46:00,403.00,537.43
2024/11/08 07:46:00,404.00,535.38
2024/11/08 07:46:00,405.00,533.30
2024/11/08 07:46:00,406.00,533.01
2024/11/08 07:46:00,407.00,533.70
2024/11/08 07:46:00,408.00,536.42
2024/11/08 07:46:00,409.00,543.62
2024/11/08 07:46:00,410.00,551.25
2024/11/08 07:46:00,411.00,558.40
2024/11/08 07:46:00,412.00,565.44
2024/11/08 07:46:00,413.00,573.61
2024/11/08 07:46:00,414.00,578.75
2024/11/08 07:46:00,415.00,580.49
2024/11/08 07:46:00,416.00,579.71
2024/11/08 07:46:00,417.00,579.48
2024/11/08 07:46:00,418.00,579.77
2024/11/08 07:46:00,419.00,580.21
2024/11/08 07:46:00,420.00,580.65
2024/11/08 07:46:00,421.00,582.46
2024/11/08 07:46:00,422.00,583.82
2024/11/08 07:46:00,423.00,583.84
2024/11/08 07:46:00,424.00,581.59
2024/11/08 07:46:00,425.00,579.51
2024/11/08 07:46:00,426.00,574.72
2024/11/08 07:46:00,427.00,563.47
2024/11/08 07:46:00,428.00,548.22
2024/11/08 07:46:00,429.00,539.26
2024/11/08 07:46:00,430.00,539.34
2024/11/08 07:46:00,431.00,545.08
2024/11/08 07:46:00,432.00,559.75
2024/11/08 07:46:00,433.00,583.21
2024/11/08 07:46:00,434.00,605.73
2024/11/08 07:46:00,435.00,616.91
2024/11/08 07:46:00,436.00,622.21
2024/11/08 07:46:00,437.00,626.27
2024/11/08 07:46:00,438.00,629.91
2024/11/08 07:46:00,439.00,634.07
2024/11/08 07:46:00,440.00,643.50
2024/11/08 07:46:00,441.00,658.44
2024/11/08 07:46:00,442.00,672.21
2024/11/08 07:46:00,443.00,681.40
2024/11/08 07:46:00,444.00,688.20
2024/11/08 07:46:00,445.00,694.38
2024/11/08 07:46:00,446.00,699.98
2024/11/08 07:46:00,447.00,710.29
2024/11/08 07:46:00,448.00,723.24
2024/11/08 07:46:00,449.00,734.56
2024/11/08 07:46:00,450.00,739.35
2024/11/08 07:46:00,451.00,740.10
2024/11/08 07:46:00,452.00,739.21
2024/11/08 07:46:00,453.00,737.42
2024/11/08 07:46:00,454.00,737.65
2024/11/08 07:46:00,455.00,742.52
2024/11/08 07:46:00,456.00,748.26
2024/11/08 07:46:00,457.00,751.78
2024/11/08 07:46:00,458.00,755.40
2024/11/08 07:46:00,459.00,759.84
2024/11/08 07:46:00,460.00,762.98
2024/11/08 07:46:00,461.00,767.06
2024/11/08 07:46:00,462.00,770.65
2024/11/08 07:46:00,463.00,770.52
2024/11/08 07:46:00,464.00,768.27
2024/11/08 07:46:00,465.00,762.99
2024/11/08 07:46:00,466.00,759.48
2024/11/08 07:46:00,467.00,756.52
2024/11/08 07:46:00,468.00,754.65
2024/11/08 07:46:00,469.00,754.75
2024/11/08 07:46:00,470.00,756.25
2024/11/08 07:46:00,471.00,757.42
2024/11/08 07:46:00,472.00,759.41
2024/11/08 07:46:00,473.00,762.35
2024/11/08 07:46:00,474.00,762.16
2024/11/08 07:46:00,475.00,763.72
2024/11/08 07:46:00,476.00,766.16
2024/11/08 07:46:00,477.00,769.21
2024/11/08 07:46:00,478.00,773.22
2024/11/08 07:46:00,479.00,777.91
2024/11/08 07:46:00,480.00,781.90
2024/11/08 07:46:00,481.00,781.08
2024/11/08 07:46:00,482.00,776.42
2024/11/08 07:46:00,483.00,764.40
2024/11/08 07:46:00,484.00,747.53
2024/11/08 07:46:00,485.00,731.39
2024/11/08 07:46:00,486.00,721.18
2024/11/08 07:46:00,487.00,719.08
2024/11/08 07:46:00,488.00,724.32
2024/11/08 07:46:00,489.00,733.74
2024/11/08 07:46:00,490.00,741.84
2024/11/08 07:46:00,491.00,748.43
2024/11/08 07:46:00,492.00,751.73
2024/11/08 07:46:00,493.00,754.40
2024/11/08 07:46:00,494.00,758.13
2024/11/08 07:46:00,495.00,761.62
2024/11/08 07:46:00,496.00,762.16
2024/11/08 07:46:00,497.00,759.97
2024/11/08 07:46:00,498.00,753.78
2024/11/08 07:46:00,499.00,747.09
2024/11/08 07:46:00,500.00,739.27
2024/11/08 07:46:00,501.00,735.14
2024/11/08 07:46:00,502.00,733.52
2024/11/08 07:46:00,503.00,734.76
2024/11/08 07:46:00,504.00,738.38
2024/11/08 07:46:00,505.00,743.21
2024/11/08 07:46:00,506.00,744.38
2024/11/08 07:46:00,507.00,746.11
2024/11/08 07:46:00,508.00,748.38
2024/11/08 07:46:00,509.00,747.56
2024/11/08 07:46:00,510.00,745.68
2024/11/08 07:46:00,511.00,742.89
2024/11/08 07:46:00,512.00,738.23
2024/11/08 07:46:00,513.00,730.73
2024/11/08 07:46:00,514.00,719.47
2024/11/08 07:46:00,515.00,706.74
2024/11/08 07:46:00,516.00,698.46
2024/11/08 07:46:00,517.00,692.20
2024/11/08 07:46:00,518.00,690.20
2024/11/08 07:46:00,519.00,694.63
2024/11/08 07:46:00,520.00,703.19
2024/11/08 07:46:00,521.00,709.80
2024/11/08 07:46:00,522.00,718.40
2024/11/08 07:46:00,523.00,721.30
2024/11/08 07:46:00,524.00,719.38
2024/11/08 07:46:00,525.00,717.82
2024/11/08 07:46:00,526.00,719.10
2024/11/08 07:46:00,527.00,718.40
2024/11/08 07:46:00,528.00,721.40
2024/11/08 07:46:00,529.00,726.68
2024/11/08 07:46:00,530.00,729.35
2024/11/08 07:46:00,531.00,731.02
2024/11/08 07:46:00,532.00,731.65
2024/11/08 07:46:00,533.00,731.72
2024/11/08 07:46:00,534.00,731.94
2024/11/08 07:46:00,535.00,732.88
2024/11/08 07:46:00,536.00,732.33
2024/11/08 07:46:00,537.00,730.79
2024/11/08 07:46:00,538.00,726.24
2024/11/08 07:46:00,539.00,721.69
2024/11/08 07:46:00,540.00,720.36
2024/11/08 07:46:00,541.00,718.83
2024/11/08 07:46:00,542.00,717.94
2024/11/08 07:46:00,543.00,720.12
2024/11/08 07:46:00,544.00,721.68
2024/11/08 07:46:00,545.00,722.75
2024/11/08 07:46:00,546.00,723.39
2024/11/08 07:46:00,547.00,724.55
2024/11/08 07:46:00,548.00,723.27
2024/11/08 07:46:00,549.00,723.01
2024/11/08 07:46:00,550.00,722.51
2024/11/08 07:46:00,551.00,722.37
2024/11/08 07:46:00,552.00,722.59
2024/11/08 07:46:00,553.00,721.03
2024/11/08 07:46:00,554.00,719.76
2024/11/08 07:46:00,555.00,717.06
2024/11/08 07:46:00,556.00,711.69
2024/11/08 07:46:00,557.00,706.27
2024/11/08 07:46:00,558.00,702.67
2024/11/08 07:46:00,559.00,699.56
2024/11/08 07:46:00,560.00,697.67
2024/11/08 07:46:00,561.00,698.21
2024/11/08 07:46:00,562.00,698.21
2024/11/08 07:46:00,563.00,698.35
2024/11/08 07:46:00,564.00,697.54
2024/11/08 07:46:00,565.00,697.42
2024/11/08 07:46:00,566.00,697.01
2024/11/08 07:46:00,567.00,694.21
2024/11/08 07:46:00,568.00,691.80
2024/11/08 07:46:00,569.00,691.28
2024/11/08 07:46:00,570.00,689.07
2024/11/08 07:46:00,571.00,687.77
2024/11/08 07:46:00,572.00,688.14
2024/11/08 07:46:00,573.00,687.78
2024/11/08 07:46:00,574.00,685.36
2024/11/08 07:46:00,575.00,684.66
2024/11/08 07:46:00,576.00,681.60
2024/11/08 07:46:00,577.00,680.58
2024/11/08 07:46:00,578.00,680.34
2024/11/08 07:46:00,579.00,683.42
2024/11/08 07:46:00,580.00,686.62
2024/11/08 07:46:00,581.00,689.75
2024/11/08 07:46:00,582.00,691.55
2024/11/08 07:46:00,583.00,694.01
2024/11/08 07:46:00,584.00,693.33
2024/11/08 07:46:00,585.00,690.05
2024/11/08 07:46:00,586.00,686.31
2024/11/08 07:46:00,587.00,681.39
2024/11/08 07:46:00,588.00,676.18
2024/11/08 07:46:00,589.00,672.93
2024/11/08 07:46:00,590.00,671.24
2024/11/08 07:46:00,591.00,671.05
2024/11/08 07:46:00,592.00,673.20
2024/11/08 07:46:00,593.00,675.93
2024/11/08 07:46:00,594.00,676.62
2024/11/08 07:46:00,595.00,676.64
2024/11/08 07:46:00,596.00,675.82
2024/11/08 07:46:00,597.00,675.65
2024/11/08 07:46:00,598.00,673.49
2024/11/08 07:46:00,599.00,670.72
2024/11/08 07:46:00,600.00,669.55
2024/11/08 07:46:00,601.00,670.51
2024/11/08 07:46:00,602.00,668.95
2024/11/08 07:46:00,603.00,669.52
2024/11/08 07:46:00,604.00,671.35
2024/11/08 07:46:00,605.00,670.49
2024/11/08 07:46:00,606.00,669.68
2024/11/08 07:46:00,607.00,669.44
2024/11/08 07:46:00,608.00,667.27
2024/11/08 07:46:00,609.00,664.74
2024/11/08 07:46:00,610.00,663.82
2024/11/08 07:46:00,611.00,661.11
2024/11/08 07:46:00,612.00,658.58
2024/11/08 07:46:00,613.00,656.89
2024/11/08 07:46:00,614.00,654.64
2024/11/08 07:46:00,615.00,652.98
2024/11/08 07:46:00,616.00,652.64
2024/11/08 07:46:00,617.00,652.34
2024/11/08 07:46:00,618.00,653.56
2024/11/08 07:46:00,619.00,654.43
2024/11/08 07:46:00,620.00,653.16
2024/11/08 07:46:00,621.00,652.32
2024/11/08 07:46:00,622.00,651.08
2024/11/08 07:46:00,623.00,646.16
2024/11/08 07:46:00,624.00,644.69
2024/11/08 07:46:00,625.00,643.02
2024/11/08 07:46:00,626.00,639.18
2024/11/08 07:46:00,627.00,635.78
2024/11/08 07:46:00,628.00,635.51
2024/11/08 07:46:00,629.00,632.43
2024/11/08 07:46:00,630.00,632.37
2024/11/08 07:46:00,631.00,634.30
2024/11/08 07:46:00,632.00,636.42
2024/11/08 07:46:00,633.00,638.73
2024/11/08 07:46:00,634.00,640.65
2024/11/08 07:46:00,635.00,642.37
2024/11/08 07:46:00,636.00,643.92
2024/11/08 07:46:00,637.00,643.42
2024/11/08 07:46:00,638.00,643.97
2024/11/08 07:46:00,639.00,644.62
2024/11/08 07:46:00,640.00,643.81
2024/11/08 07:46:00,641.00,642.88
2024/11/08 07:46:00,642.00,644.11
2024/11/08 07:46:00,643.00,642.65
2024/11/08 07:46:00,644.00,640.87
2024/11/08 07:46:00,645.00,641.83
2024/11/08 07:46:00,646.00,640.35
2024/11/08 07:46:00,647.00,638.46
2024/11/08 07:46:00,648.00,636.62
2024/11/08 07:46:00,649.00,636.80
2024/11/08 07:46:00,650.00,636.01
2024/11/08 07:46:00,651.00,635.53
2024/11/08 07:46:00,652.00,632.82
2024/11/08 07:46:00,653.00,627.54
2024/11/08 07:46:00,654.00,619.48
2024/11/08 07:46:00,655.00,613.19
2024/11/08 07:46:00,656.00,609.73
2024/11/08 07:46:00,657.00,608.64
2024/11/08 07:46:00,658.00,612.22
2024/11/08 07:46:00,659.00,619.06
2024/11/08 07:46:00,660.00,623.47
2024/11/08 07:46:00,661.00,625.62
2024/11/08 07:46:00,662.00,628.76
2024/11/08 07:46:00,663.00,631.06
2024/11/08 07:46:00,664.00,632.03
2024/11/08 07:46:00,665.00,633.96
2024/11/08 07:46:00,666.00,636.45
2024/11/08 07:46:00,667.00,639.27
2024/11/08 07:46:00,668.00,640.79
2024/11/08 07:46:00,669.00,640.42
2024/11/08 07:46:00,670.00,639.36
2024/11/08 07:46:00,671.00,638.67
2024/11/08 07:46:00,672.00,636.61
2024/11/08 07:46:00,673.00,636.38
2024/11/08 07:46:00,674.00,636.79
2024/11/08 07:46:00,675.00,635.89
2024/11/08 07:46:00,676.00,635.39
2024/11/08 07:46:00,677.00,634.73
2024/11/08 07:46:00,678.00,632.99
2024/11/08 07:46:00,679.00,632.40
2024/11/08 07:46:00,680.00,631.86
2024/11/08 07:46:00,681.00,629.76
2024/11/08 07:46:00,682.00,628.62
2024/11/08 07:46:00,683.00,622.33
2024/11/08 07:46:00,684.00,608.86
2024/11/08 07:46:00,685.00,591.41
2024/11/08 07:46:00,686.00,574.74
2024/11/08 07:46:00,687.00,557.55
2024/11/08 07:46:00,688.00,546.60
2024/11/08 07:46:00,689.00,543.70
2024/11/08 07:46:00,690.00,550.73
2024/11/08 07:46:00,691.00,558.95
2024/11/08 07:46:00,692.00,566.42
2024/11/08 07:46:00,693.00,576.46
2024/11/08 07:46:00,694.00,584.13
2024/11/08 07:46:00,695.00,586.53
2024/11/08 07:46:00,696.00,589.65
2024/11/08 07:46:00,697.00,595.10
2024/11/08 07:46:00,698.00,594.99
2024/11/08 07:46:00,699.00,595.17
2024/11/08 07:46:00,700.00,595.32
2024/11/08 07:46:00,701.00,595.58
2024/11/08 07:46:00,702.00,593.58
2024/11/08 07:46:00,703.00,592.96
2024/11/08 07:46:00,704.00,594.14
2024/11/08 07:46:00,705.00,594.92
2024/11/08 07:46:00,706.00,593.22
2024/11/08 07:46:00,707.00,595.04
2024/11/08 07:46:00,708.00,597.77
2024/11/08 07:46:00,709.00,597.85
2024/11/08 07:46:00,710.00,596.82
2024/11/08 07:46:00,711.00,598.39
2024/11/08 07:46:00,712.00,597.07
2024/11/08 07:46:00,713.00,591.07
2024/11/08 07:46:00,714.00,586.93
2024/11/08 07:46:00,715.00,581.11
2024/11/08 07:46:00,716.00,571.15
2024/11/08 07:46:00,717.00,559.37
2024/11/08 07:46:00,718.00,552.64
2024/11/08 07:46:00,719.00,547.08
2024/11/08 07:46:00,720.00,544.32
2024/11/08 07:46:00,721.00,542.93
2024/11/08 07:46:00,722.00,544.84
2024/11/08 07:46:00,723.00,543.49
2024/11/08 07:46:00,724.00,541.75
2024/11/08 07:46:00,725.00,542.21
2024/11/08 07:46:00,726.00,542.76
2024/11/08 07:46:00,727.00,541.49
2024/11/08 07:46:00,728.00,544.15
2024/11/08 07:46:00,729.00,547.65
2024/11/08 07:46:00,730.00,550.03
2024/11/08 07:46:00,731.00,553.42
2024/11/08 07:46:00,732.00,558.27
2024/11/08 07:46:00,733.00,559.31
2024/11/08 07:46:00,734.00,558.43
2024/11/08 07:46:00,735.00,556.94
2024/11/08 07:46:00,736.00,556.81
2024/11/08 07:46:00,737.00,555.12
2024/11/08 07:46:00,738.00,554.43
2024/11/08 07:46:00,739.00,556.29
2024/11/08 07:46:00,740.00,556.38
2024/11/08 07:46:00,741.00,553.74
2024/11/08 07:46:00,742.00,555.67
2024/11/08 07:46:00,743.00,557.52
2024/11/08 07:46:00,744.00,555.72
2024/11/08 07:46:00,745.00,556.44
2024/11/08 07:46:00,746.00,558.52
2024/11/08 07:46:00,747.00,554.95
2024/11/08 07:46:00,748.00,551.74
2024/11/08 07:46:00,749.00,551.46
2024/11/08 07:46:00,750.00,548.86
2024/11/08 07:46:00,751.00,546.96
2024/11/08 07:46:00,752.00,545.68
2024/11/08 07:46:00,753.00,545.85
2024/11/08 07:46:00,754.00,544.13
2024/11/08 07:46:00,755.00,539.62
2024/11/08 07:46:00,756.00,527.96
2024/11/08 07:46:00,757.00,500.33
2024/11/08 07:46:00,758.00,459.72
2024/11/08 07:46:00,759.00,417.44
2024/11/08 07:46:00,760.00,377.46
2024/11/08 07:46:00,761.00,342.67
2024/11/08 07:46:00,762.00,327.55
2024/11/08 07:46:00,763.00,330.05
2024/11/08 07:46:00,764.00,338.23
2024/11/08 07:46:00,765.00,354.77
2024/11/08 07:46:00,766.00,377.39
2024/11/08 07:46:00,767.00,403.64
2024/11/08 07:46:00,768.00,424.79
2024/11/08 07:46:00,769.00,445.22
2024/11/08 07:46:00,770.00,463.64
2024/11/08 07:46:00,771.00,479.30
2024/11/08 07:46:00,772.00,487.76
2024/11/08 07:46:00,773.00,498.79
2024/11/08 07:46:00,774.00,506.27
2024/11/08 07:46:00,775.00,508.21
2024/11/08 07:46:00,776.00,510.18
2024/11/08 07:46:00,777.00,514.15
2024/11/08 07:46:00,778.00,513.88
2024/11/08 07:46:00,779.00,513.35
2024/11/08 07:46:00,780.00,514.79
2024/11/08 07:46:00,781.00,514.62
2024/11/08 07:46:00,782.00,513.32
2024/11/08 07:46:00,783.00,512.50
2024/11/08 07:46:00,784.00,512.52
2024/11/08 07:46:00,785.00,512.48
2024/11/08 07:46:00,786.00,511.30
2024/11/08 07:46:00,787.00,512.41
2024/11/08 07:46:00,788.00,510.95
2024/11/08 07:46:00,789.00,508.03
2024/11/08 07:46:00,790.00,506.67
2024/11/08 07:46:00,791.00,505.31
2024/11/08 07:46:00,792.00,500.77
2024/11/08 07:46:00,793.00,498.91
2024/11/08 07:46:00,794.00,500.20
2024/11/08 07:46:00,795.00,499.01
2024/11/08 07:46:00,796.00,498.88
2024/11/08 07:46:00,797.00,499.02
2024/11/08 07:46:00,798.00,497.96
2024/11/08 07:46:00,799.00,497.05
2024/11/08 07:46:00,800.00,496.00
2024/11/08 07:46:00,801.00,495.94
2024/11/08 07:46:00,802.00,495.96
2024/11/08 07:46:00,803.00,493.90
2024/11/08 07:46:00,804.00,496.14
2024/11/08 07:46:00,805.00,497.01
2024/11/08 07:46:00,806.00,493.98
2024/11/08 07:46:00,807.00,496.07
2024/11/08 07:46:00,808.00,498.26
2024/11/08 07:46:00,809.00,493.61
2024/11/08 07:46:00,810.00,493.43
2024/11/08 07:46:00,811.00,494.12
2024/11/08 07:46:00,812.00,486.59
2024/11/08 07:46:00,813.00,482.40
2024/11/08 07:46:00,814.00,478.81
2024/11/08 07:46:00,815.00,474.62
2024/11/08 07:46:00,816.00,469.55
2024/11/08 07:46:00,817.00,466.60
2024/11/08 07:46:00,818.00,467.26
2024/11/08 07:46:00,819.00,465.88
2024/11/08 07:46:00,820.00,462.22
2024/11/08 07:46:00,821.00,463.76
2024/11/08 07:46:00,822.00,464.69
2024/11/08 07:46:00,823.00,461.17
2024/11/08 07:46:00,824.00,466.09
2024/11/08 07:46:00,825.00,472.31
2024/11/08 07:46:00,826.00,470.73
2024/11/08 07:46:00,827.00,472.84
2024/11/08 07:46:00,828.00,473.85
2024/11/08 07:46:00,829.00,467.29
2024/11/08 07:46:00,830.00,465.89
2024/11/08 07:46:00,831.00,465.97
2024/11/08 07:46:00,832.00,462.93
2024/11/08 07:46:00,833.00,460.30
2024/11/08 07:46:00,834.00,459.59
2024/11/08 07:46:00,835.00,458.59
2024/11/08 07:46:00,836.00,458.77
2024/11/08 07:46:00,837.00,458.01
2024/11/08 07:46:00,838.00,461.16
2024/11/08 07:46:00,839.00,460.91
2024/11/08 07:46:00,840.00,459.64
2024/11/08 07:46:00,841.00,460.68
2024/11/08 07:46:00,842.00,459.72
2024/11/08 07:46:00,843.00,456.23
2024/11/08 07:46:00,844.00,456.20
2024/11/08 07:46:00,845.00,454.27
2024/11/08 07:46:00,846.00,448.53
2024/11/08 07:46:00,847.00,444.74
2024/11/08 07:46:00,848.00,441.99
2024/11/08 07:46:00,849.00,436.66
2024/11/08 07:46:00,850.00,432.10
2024/11/08 07:46:00,851.00,428.42
2024/11/08 07:46:00,852.00,424.32
2024/11/08 07:46:00,853.00,421.48
2024/11/08 07:46:00,854.00,420.34
2024/11/08 07:46:00,855.00,422.99
2024/11/08 07:46:00,856.00,425.42
2024/11/08 07:46:00,857.00,429.34
2024/11/08 07:46:00,858.00,433.11
2024/11/08 07:46:00,859.00,433.77
2024/11/08 07:46:00,860.00,433.98
2024/11/08 07:46:00,861.00,435.75
2024/11/08 07:46:00,862.00,433.05
2024/11/08 07:46:00,863.00,428.71
2024/11/08 07:46:00,864.00,425.68
2024/11/08 07:46:00,865.00,421.75
2024/11/08 07:46:00,866.00,418.35
2024/11/08 07:46:00,867.00,418.03
2024/11/08 07:46:00,868.00,419.40
2024/11/08 07:46:00,869.00,419.83
2024/11/08 07:46:00,870.00,420.92
2024/11/08 07:46:00,871.00,421.23
2024/11/08 07:46:00,872.00,421.45
2024/11/08 07:46:00,873.00,420.02
2024/11/08 07:46:00,874.00,421.18
2024/11/08 07:46:00,875.00,421.88
2024/11/08 07:46:00,876.00,420.59
2024/11/08 07:46:00,877.00,420.19
2024/11/08 07:46:00,878.00,421.07
2024/11/08 07:46:00,879.00,418.53
2024/11/08 07:46:00,880.00,417.63
2024/11/08 07:46:00,881.00,418.24
2024/11/08 07:46:00,882.00,418.57
2024/11/08 07:46:00,883.00,418.02
2024/11/08 07:46:00,884.00,417.60
2024/11/08 07:46:00,885.00,417.12
2024/11/08 07:46:00,886.00,415.66
2024/11/08 07:46:00,887.00,413.44
2024/11/08 07:46:00,888.00,412.28
2024/11/08 07:46:00,889.00,411.67
2024/11/08 07:46:00,890.00,409.10
2024/11/08 07:46:00,891.00,407.64
2024/11/08 07:46:00,892.00,404.40
2024/11/08 07:46:00,893.00,399.19
2024/11/08 07:46:00,894.00,393.59
2024/11/08 07:46:00,895.00,387.76
2024/11/08 07:46:00,896.00,378.43
2024/11/08 07:46:00,897.00,371.67
2024/11/08 07:46:00,898.00,365.30
2024/11/08 07:46:00,899.00,358.81
2024/11/08 07:46:00,900.00,355.29
2024/11/08 07:46:00,901.00,355.70
2024/11/08 07:46:00,902.00,357.56
2024/11/08 07:46:00,903.00,359.17
2024/11/08 07:46:00,904.00,360.05
2024/11/08 07:46:00,905.00,360.30
2024/11/08 07:46:00,906.00,357.03
2024/11/08 07:46:00,907.00,353.26
2024/11/08 07:46:00,908.00,351.53
2024/11/08 07:46:00,909.00,349.60
2024/11/08 07:46:00,910.00,348.21
2024/11/08 07:46:00,911.00,347.78
2024/11/08 07:46:00,912.00,347.10
2024/11/08 07:46:00,913.00,344.52
2024/11/08 07:46:00,914.00,342.84
2024/11/08 07:46:00,915.00,341.59
2024/11/08 07:46:00,916.00,341.42
2024/11/08 07:46:00,917.00,342.83
2024/11/08 07:46:00,918.00,345.03
2024/11/08 07:46:00,919.00,346.89
2024/11/08 07:46:00,920.00,347.98
2024/11/08 07:46:00,921.00,348.40
2024/11/08 07:46:00,922.00,347.95
2024/11/08 07:46:00,923.00,346.34
2024/11/08 07:46:00,924.00,345.47
2024/11/08 07:46:00,925.00,344.94
2024/11/08 07:46:00,926.00,339.73
2024/11/08 07:46:00,927.00,333.06
2024/11/08 07:46:00,928.00,323.56
2024/11/08 07:46:00,929.00,308.00
2024/11/08 07:46:00,930.00,290.31
2024/11/08 07:46:00,931.00,273.10
2024/11/08 07:46:00,932.00,255.69
2024/11/08 07:46:00,933.00,240.02
2024/11/08 07:46:00,934.00,228.71
2024/11/08 07:46:00,935.00,221.81
2024/11/08 07:46:00,936.00,220.05
2024/11/08 07:46:00,937.00,222.37
2024/11/08 07:46:00,938.00,228.08
2024/11/08 07:46:00,939.00,233.29
2024/11/08 07:46:00,940.00,236.96
2024/11/08 07:46:00,941.00,238.26
2024/11/08 07:46:00,942.00,236.30
2024/11/08 07:46:00,943.00,234.25
2024/11/08 07:46:00,944.00,233.10
2024/11/08 07:46:00,945.00,233.68
2024/11/08 07:46:00,946.00,233.61
2024/11/08 07:46:00,947.00,235.05
2024/11/08 07:46:00,948.00,236.68
2024/11/08 07:46:00,949.00,238.07
2024/11/08 07:46:00,950.00,239.09
2024/11/08 07:46:00,951.00,241.39
2024/11/08 07:46:00,952.00,242.07
2024/11/08 07:46:00,953.00,242.84
2024/11/08 07:46:00,954.00,245.11
2024/11/08 07:46:00,955.00,247.35
2024/11/08 07:46:00,956.00,248.54
2024/11/08 07:46:00,957.00,252.21
2024/11/08 07:46:00,958.00,256.54
2024/11/08 07:46:00,959.00,258.70
2024/11/08 07:46:00,960.00,261.60
2024/11/08 07:46:00,961.00,265.72
2024/11/08 07:46:00,962.00,267.69
2024/11/08 07:46:00,963.00,270.00
2024/11/08 07:46:00,964.00,274.84
2024/11/08 07:46:00,965.00,280.66
2024/11/08 07:46:00,966.00,287.13
2024/11/08 07:46:00,967.00,294.79
2024/11/08 07:46:00,968.00,301.16
2024/11/08 07:46:00,969.00,305.29
2024/11/08 07:46:00,970.00,307.82
2024/11/08 07:46:00,971.00,308.81
2024/11/08 07:46:00,972.00,308.01
2024/11/08 07:46:00,973.00,307.55
2024/11/08 07:46:00,974.00,307.65
2024/11/08 07:46:00,975.00,306.99
2024/11/08 07:46:00,976.00,307.97
2024/11/08 07:46:00,977.00,308.99
2024/11/08 07:46:00,978.00,310.45
2024/11/08 07:46:00,979.00,312.29
2024/11/08 07:46:00,980.00,315.15
2024/11/08 07:46:00,981.00,318.09
2024/11/08 07:46:00,982.00,320.29
2024/11/08 07:46:00,983.00,321.89
2024/11/08 07:46:00,984.00,324.36
2024/11/08 07:46:00,985.00,325.09
2024/11/08 07:46:00,986.00,324.84
2024/11/08 07:46:00,987.00,325.21
2024/11/08 07:46:00,988.00,325.06
2024/11/08 07:46:00,989.00,324.99
2024/11/08 07:46:00,990.00,325.97
2024/11/08 07:46:00,991.00,326.76
2024/11/08 07:46:00,992.00,327.64
2024/11/08 07:46:00,993.00,327.48
2024/11/08 07:46:00,994.00,326.87
2024/11/08 07:46:00,995.00,325.99
2024/11/08 07:46:00,996.00,325.34
2024/11/08 07:46:00,997.00,324.21
2024/11/08 07:46:00,998.00,323.09
2024/11/08 07:46:00,999.00,321.43
2024/11/08 07:46:00,1000.00,320.70
2024/11/08 07:46:00,1001.00,318.98
2024/11/08 07:46:00,1002.00,316.40
2024/11/08 07:46:00,1003.00,316.63
2024/11/08 07:46:00,1004.00,315.70
2024/11/08 07:46:00,1005.00,313.63
2024/11/08 07:46:00,1006.00,314.82
2024/11/08 07:46:00,1007.00,315.11
2024/11/08 07:46:00,1008.00,314.15
2024/11/08 07:46:00,1009.00,316.63
2024/11/08 07:46:00,1010.00,316.31
2024/11/08 07:46:00,1011.00,315.99
2024/11/08 07:46:00,1012.00,315.79
2024/11/08 07:46:00,1013.00,313.93
2024/11/08 07:46:00,1014.00,312.83
2024/11/08 07:46:00,1015.00,312.15
2024/11/08 07:46:00,1016.00,311.24
2024/11/08 07:46:00,1017.00,311.84
2024/11/08 07:46:00,1018.00,311.63
2024/11/08 07:46:00,1019.00,308.89
2024/11/08 07:46:00,1020.00,308.22
2024/11/08 07:46:00,1021.00,307.03
2024/11/08 07:46:00,1022.00,306.00
2024/11/08 07:46:00,1023.00,305.83
2024/11/08 07:46:00,1024.00,303.97
2024/11/08 07:46:00,1025.00,304.06
2024/11/08 07:46:00,1026.00,304.10
2024/11/08 07:46:00,1027.00,302.59
2024/11/08 07:46:00,1028.00,303.44
2024/11/08 07:46:00,1029.00,304.10
2024/11/08 07:46:00,1030.00,302.02
2024/11/08 07:46:00,1031.00,301.21
2024/11/08 07:46:00,1032.00,299.99
2024/11/08 07:46:00,1033.00,300.05
2024/11/08 07:46:00,1034.00,299.03
2024/11/08 07:46:00,1035.00,298.52
2024/11/08 07:46:00,1036.00,298.37
2024/11/08 07:46:00,1037.00,297.27
2024/11/08 07:46:00,1038.00,295.58
2024/11/08 07:46:00,1039.00,295.84
2024/11/08 07:46:00,1040.00,294.10
2024/11/08 07:46:00,1041.00,295.30
2024/11/08 07:46:00,1042.00,293.88
2024/11/08 07:46:00,1043.00,292.54
2024/11/08 07:46:00,1044.00,293.11
2024/11/08 07:46:00,1045.00,292.59
2024/11/08 07:46:00,1046.00,292.14
2024/11/08 07:46:00,1047.00,293.49
2024/11/08 07:46:00,1048.00,292.71
2024/11/08 07:46:00,1049.00,292.52
2024/11/08 07:46:00,1050.00,291.95
2024/11/08 07:46:00,1051.00,292.86
2024/11/08 07:46:00,1052.00,291.15
2024/11/08 07:46:00,1053.00,289.16
2024/11/08 07:46:00,1054.00,286.68
2024/11/08 07:46:00,1055.00,286.59
2024/11/08 07:46:00,1056.00,284.15
2024/11/08 07:46:00,1057.00,282.28
2024/11/08 07:46:00,1058.00,282.29
2024/11/08 07:46:00,1059.00,279.36
2024/11/08 07:46:00,1060.00,279.28
2024/11/08 07:46:00,1061.00,280.25
2024/11/08 07:46:00,1062.00,277.46
2024/11/08 07:46:00,1063.00,280.52
2024/11/08 07:46:00,1064.00,280.24
2024/11/08 07:46:00,1065.00,278.96
2024/11/08 07:46:00,1066.00,281.19
2024/11/08 07:46:00,1067.00,279.18
2024/11/08 07:46:00,1068.00,277.70
2024/11/08 07:46:00,1069.00,275.52
2024/11/08 07:46:00,1070.00,271.86
2024/11/08 07:46:00,1071.00,274.17
2024/11/08 07:46:00,1072.00,273.53
2024/11/08 07:46:00,1073.00,273.66
2024/11/08 07:46:00,1074.00,277.25
2024/11/08 07:46:00,1075.00,275.10
2024/11/08 07:46:00,1076.00,273.30
2024/11/08 07:46:00,1077.00,271.86
2024/11/08 07:46:00,1078.00,265.09
2024/11/08 07:46:00,1079.00,268.39
2024/11/08 07:46:00,1080.00,269.24
2024/11/08 07:46:00,1081.00,266.09
2024/11/08 07:46:00,1082.00,271.11
2024/11/08 07:46:00,1083.00,269.81
2024/11/08 07:46:00,1084.00,272.66
2024/11/08 07:46:00,1085.00,273.66
2024/11/08 07:46:00,1086.00,267.22
2024/11/08 07:46:00,1087.00,271.86
2024/11/08 07:46:00,1088.00,271.23
2024/11/08 07:46:00,1089.00,264.76
2024/11/08 07:46:00,1090.00,270.40
2024/11/08 07:46:00,1091.00,268.66
2024/11/08 07:46:00,1092.00,262.72
2024/11/08 07:46:00,1093.00,267.15
2024/11/08 07:46:00,1094.00,261.86
2024/11/08 07:46:00,1095.00,261.72
2024/11/08 07:46:00,1096.00,259.40
2024/11/08 07:46:00,1097.00,252.33
2024/11/08 07:46:00,1098.00,253.87
2024/11/08 07:46:00,1099.00,252.25
2024/11/08 07:46:00,1100.00,249.44
2024/11/08 07:47:00,Wavelength(nm),Irradiance(W/m2/um)
2024/11/08 07:47:00,300.00,9.10
2024/11/08 07:47:00,301.00,10.16
2024/11/08 07:47:00,302.00,11.19
2024/11/08 07:47:00,303.00,12.87
2024/11/08 07:47:00,304.00,15.15
2024/11/08 07:47:00,305.00,17.28
2024/11/08 07:47:00,306.00,19.64
2024/11/08 07:47:00,307.00,22.88
2024/11/08 07:47:00,308.00,26.65
2024/11/08 07:47:00,309.00,31.06
2024/11/08 07:47:00,310.00,36.61
2024/11/08 07:47:00,311.00,42.74
2024/11/08 07:47:00,312.00,49.35
2024/11/08 07:47:00,313.00,56.39
2024/11/08 07:47:00,314.00,64.26
2024/11/08 07:47:00,315.00,72.20
2024/11/08 07:47:00,316.00,80.54
2024/11/08 07:47:00,317.00,89.42
2024/11/08 07:47:00,318.00,97.85
2024/11/08 07:47:00,319.00,105.12
2024/11/08 07:47:00,320.00,112.55
2024/11/08 07:47:00,321.00,120.82
2024/11/08 07:47:00,322.00,130.15
2024/11/08 07:47:00,323.00,141.35
2024/11/08 07:47:00,324.00,153.97
2024/11/08 07:47:00,325.00,167.36
2024/11/08 07:47:00,326.00,180.92
2024/11/08 07:47:00,327.00,193.67
2024/11/08 07:47:00,328.00,204.04
2024/11/08 07:47:00,329.00,212.48
2024/11/08 07:47:00,330.00,219.24
2024/11/08 07:47:00,331.00,224.30
2024/11/08 07:47:00,332.00,227.31
2024/11/08 07:47:00,333.00,228.45
2024/11/08 07:47:00,334.00,229.16
2024/11/08 07:47:00,335.00,230.22
2024/11/08 07:47:00,336.00,231.38
2024/11/08 07:47:00,337.00,233.20
2024/11/08 07:47:00,338.00,236.97
2024/11/08 07:47:00,339.00,242.20
2024/11/08 07:47:00,340.00,246.36
2024/11/08 07:47:00,341.00,248.86
2024/11/08 07:47:00,342.00,250.60
2024/11/08 07:47:00,343.00,251.53
2024/11/08 07:47:00,344.00,251.34
2024/11/08 07:47:00,345.00,251.36
2024/11/08 07:47:00,346.00,252.44
2024/11/08 07:47:00,347.00,255.16
2024/11/08 07:47:00,348.00,259.05
2024/11/08 07:47:00,349.00,262.82
2024/11/08 07:47:00,350.00,267.15
2024/11/08 07:47:00,351.00,273.72
2024/11/08 07:47:00,352.00,279.46
2024/11/08 07:47:00,353.00,282.78
2024/11/08 07:47:00,354.00,283.00
2024/11/08 07:47:00,355.00,279.63
2024/11/08 07:47:00,356.00,275.19
2024/11/08 07:47:00,357.00,271.21
2024/11/08 07:47:00,358.00,267.78
2024/11/08 07:47:00,359.00,268.47
2024/11/08 07:47:00,360.00,274.41
2024/11/08 07:47:00,361.00,280.61
2024/11/08 07:47:00,362.00,288.68
2024/11/08 07:47:00,363.00,301.10
2024/11/08 07:47:00,364.00,314.34
2024/11/08 07:47:00,365.00,325.20
2024/11/08 07:47:00,366.00,334.73
2024/11/08 07:47:00,367.00,341.91
2024/11/08 07:47:00,368.00,345.46
2024/11/08 07:47:00,369.00,344.68
2024/11/08 07:47:00,370.00,340.25
2024/11/08 07:47:00,371.00,331.95
2024/11/08 07:47:00,372.00,323.37
2024/11/08 07:47:00,373.00,317.71
2024/11/08 07:47:00,374.00,318.55
2024/11/08 07:47:00,375.00,326.88
2024/11/08 07:47:00,376.00,338.85
2024/11/08 07:47:00,377.00,350.43
2024/11/08 07:47:00,378.00,358.30
2024/11/08 07:47:00,379.00,356.33
2024/11/08 07:47:00,380.00,342.13
2024/11/08 07:47:00,381.00,325.36
2024/11/08 07:47:00,382.00,311.96
2024/11/08 07:47:00,383.00,301.65
2024/11/08 07:47:00,384.00,297.68
2024/11/08 07:47:00,385.00,303.22
2024/11/08 07:47:00,386.00,313.18
2024/11/08 07:47:00,387.00,325.39
2024/11/08 07:47:00,388.00,340.44
2024/11/08 07:47:00,389.00,352.83
2024/11/08 07:47:00,390.00,354.87
2024/11/08 07:47:00,391.00,349.65
2024/11/08 07:47:00,392.00,344.71
2024/11/08 07:47:00,393.00,335.95
2024/11/08 07:47:00,394.00,325.71
2024/11/08 07:47:00,395.00,330.70
2024/11/08 07:47:00,396.00,354.88
2024/11/08 07:47:00,397.00,384.69
2024/11/08 07:47:00,398.00,419.80
2024/11/08 07:47:00,399.00,461.93
2024/11/08 07:47:00,400.00,499.84
2024/11/08 07:47:00,401.00,524.03
2024/11/08 07:47:00,402.00,537.42
2024/11/08 07:47:00,403.00,540.65
2024/11/08 07:47:00,404.00,538.23
2024/11/08 07:47:00,405.00,536.18
2024/11/08 07:47:00,406.00,535.84
2024/11/08 07:47:00,407.00,536.02
2024/11/08 07:47:00,408.00,539.26
2024/11/08 07:47:00,409.00,546.81
2024/11/08 07:47:00,410.00,554.04
2024/11/08 07:47:00,411.00,561.01
2024/11/08 07:47:00,412.00,568.15
2024/11/08 07:47:00,413.00,576.11
2024/11/08 07:47:00,414.00,580.98
2024/11/08 07:47:00,415.00,583.03
2024/11/08 07:47:00,416.00,582.52
2024/11/08 07:47:00,417.00,583.02
2024/11/08 07:47:00,418.00,582.63
2024/11/08 07:47:00,419.00,583.31
2024/11/08 07:47:00,420.00,584.36
2024/11/08 07:47:00,421.00,585.80
2024/11/08 07:47:00,422.00,586.70
2024/11/08 07:47:00,423.00,587.11
2024/11/08 07:47:00,424.00,584.81
2024/11/08 07:47:00,425.00,582.13
2024/11/08 07:47:00,426.00,577.78
2024/11/08 07:47:00,427.00,566.08
2024/11/08 07:47:00,428.00,550.72
2024/11/08 07:47:00,429.00,542.38
2024/11/08 07:47:00,430.00,541.91
2024/11/08 07:47:00,431.00,548.24
2024/11/08 07:47:00,432.00,563.50
2024/11/08 07:47:00,433.00,586.68
2024/11/08 07:47:00,434.00,608.53
2024/11/08 07:47:00,435.00,620.19
2024/11/08 07:47:00,436.00,625.39
2024/11/08 07:47:00,437.00,629.92
2024/11/08 07:47:00,438.00,634.07
2024/11/08 07:47:00,439.00,638.17
2024/11/08 07:47:00,440.00,648.27
2024/11/08 07:47:00,441.00,662.95
2024/11/08 07:47:00,442.00,675.84
2024/11/08 07:47:00,443.00,684.81
2024/11/08 07:47:00,444.00,691.94
2024/11/08 07:47:00,445.00,697.55
2024/11/08 07:47:00,446.00,703.50
2024/11/08 07:47:00,447.00,713.30
2024/11/08 07:47:00,448.00,726.73
2024/11/08 07:47:00,449.00,737.64
2024/11/08 07:47:00,450.00,742.63
2024/11/08 07:47:00,451.00,743.34
2024/11/08 07:47:00,452.00,743.92
2024/11/08 07:47:00,453.00,742.17
2024/11/08 07:47:00,454.00,743.36
2024/11/08 07:47:00,455.00,747.96
2024/11/08 07:47:00,456.00,752.83
2024/11/08 07:47:00,457.00,755.14
2024/11/08 07:47:00,458.00,758.46
2024/11/08 07:47:00,459.00,762.54
2024/11/08 07:47:00,460.00,764.84
2024/11/08 07:47:00,461.00,769.53
2024/11/08 07:47:00,462.00,774.13
2024/11/08 07:47:00,463.00,774.09
2024/11/08 07:47:00,464.00,770.28
2024/11/08 07:47:00,465.00,766.47
2024/11/08 07:47:00,466.00,762.90
2024/11/08 07:47:00,467.00,759.05
2024/11/08 07:47:00,468.00,757.79
2024/11/08 07:47:00,469.00,758.12
2024/11/08 07:47:00,470.00,760.07
2024/11/08 07:47:00,471.00,761.39
2024/11/08 07:47:00,472.00,764.39
2024/11/08 07:47:00,473.00,767.07
2024/11/08 07:47:00,474.00,768.21
2024/11/08 07:47:00,475.00,769.78
2024/11/08 07:47:00,476.00,772.96
2024/11/08 07:47:00,477.00,776.26
2024/11/08 07:47:00,478.00,779.64
2024/11/08 07:47:00,479.00,783.36
2024/11/08 07:47:00,480.00,785.96
2024/11/08 07:47:00,481.00,785.57
2024/11/08 07:47:00,482.00,779.17
2024/11/08 07:47:00,483.00,767.32
2024/11/08 07:47:00,484.00,751.62
2024/11/08 07:47:00,485.00,736.72
2024/11/08 07:47:00,486.00,728.20
2024/11/08 07:47:00,487.00,725.98
2024/11/08 07:47:00,488.00,730.39
2024/11/08 07:47:00,489.00,738.86
2024/11/08 07:47:00,490.00,745.74
2024/11/08 07:47:00,491.00,749.71
2024/11/08 07:47:00,492.00,751.94
2024/11/08 07:47:00,493.00,755.66
2024/11/08 07:47:00,494.00,758.13
2024/11/08 07:47:00,495.00,762.06
2024/11/08 07:47:00,496.00,763.25
2024/11/08 07:47:00,497.00,760.85
2024/11/08 07:47:00,498.00,754.91
2024/11/08 07:47:00,499.00,748.66
2024/11/08 07:47:00,500.00,741.57
2024/11/08 07:47:00,501.00,737.08
2024/11/08 07:47:00,502.00,736.21
2024/11/08 07:47:00,503.00,737.48
2024/11/08 07:47:00,504.00,741.25
2024/11/08 07:47:00,505.00,745.97
2024/11/08 07:47:00,506.00,748.13
2024/11/08 07:47:00,507.00,749.43
2024/11/08 07:47:00,508.00,750.64
2024/11/08 07:47:00,509.00,750.32
2024/11/08 07:47:00,510.00,748.75
2024/11/08 07:47:00,511.00,746.95
2024/11/08 07:47:00,512.00,743.65
2024/11/08 07:47:00,513.00,737.08
2024/11/08 07:47:00,514.00,725.84
2024/11/08 07:47:00,515.00,711.96
2024/11/08 07:47:00,516.00,701.77
2024/11/08 07:47:00,517.00,694.50
2024/11/08 07:47:00,518.00,692.35
2024/11/08 07:47:00,519.00,696.61
2024/11/08 07:47:00,520.00,705.59
2024/11/08 07:47:00,521.00,713.52
2024/11/08 07:47:00,522.00,722.80
2024/11/08 07:47:00,523.00,725.93
2024/11/08 07:47:00,524.00,724.21
2024/11/08 07:47:00,525.00,723.38
2024/11/08 07:47:00,526.00,723.58
2024/11/08 07:47:00,527.00,723.37
2024/11/08 07:47:00,528.00,725.36
2024/11/08 07:47:00,529.00,730.99
2024/11/08 07:47:00,530.00,734.12
2024/11/08 07:47:00,531.00,735.02
2024/11/08 07:47:00,532.00,734.90
2024/11/08 07:47:00,533.00,734.15
2024/11/08 07:47:00,534.00,733.74
2024/11/08 07:47:00,535.00,734.34
2024/11/08 07:47:00,536.00,734.18
2024/11/08 07:47:00,537.00,731.32
2024/11/08 07:47:00,538.00,726.92
2024/11/08 07:47:00,539.00,723.11
2024/11/08 07:47:00,540.00,721.13
2024/11/08 07:47:00,541.00,719.50
2024/11/08 07:47:00,542.00,721.32
2024/11/08 07:47:00,543.00,723.91
2024/11/08 07:47:00,544.00,725.72
2024/11/08 07:47:00,545.00,727.33
2024/11/08 07:47:00,546.00,728.75
2024/11/08 07:47:00,547.00,728.37
2024/11/08 07:47:00,548.00,727.77
2024/11/08 07:47:00,549.00,727.46
2024/11/08 07:47:00,550.00,726.62
2024/11/08 07:47:00,551.00,726.25
2024/11/08 07:47:00,552.00,727.47
2024/11/08 07:47:00,553.00,727.10
2024/11/08 07:47:00,554.00,726.49
2024/11/08 07:47:00,555.00,722.57
2024/11/08 07:47:00,556.00,716.73
2024/11/08 07:47:00,557.00,710.67
2024/11/08 07:47:00,558.00,706.69
2024/11/08 07:47:00,559.00,703.01
2024/11/08 07:47:00,560.00,702.12
2024/11/08 07:47:00,561.00,703.65
2024/11/08 07:47:00,562.00,703.75
2024/11/08 07:47:00,563.00,702.18
2024/11/08 07:47:00,564.00,701.49
2024/11/08 07:47:00,565.00,700.62
2024/11/08 07:47:00,566.00,697.85
2024/11/08 07:47:00,567.00,695.64
2024/11/08 07:47:00,568.00,692.90
2024/11/08 07:47:00,569.00,691.17
2024/11/08 07:47:00,570.00,690.65
2024/11/08 07:47:00,571.00,691.01
2024/11/08 07:47:00,572.00,690.72
2024/11/08 07:47:00,573.00,690.08
2024/11/08 07:47:00,574.00,689.37
2024/11/08 07:47:00,575.00,687.66
2024/11/08 07:47:00,576.00,685.02
2024/11/08 07:47:00,577.00,684.63
2024/11/08 07:47:00,578.00,686.74
2024/11/08 07:47:00,579.00,688.87
2024/11/08 07:47:00,580.00,691.63
2024/11/08 07:47:00,581.00,694.45
2024/11/08 07:47:00,582.00,695.90
2024/11/08 07:47:00,583.00,696.26
2024/11/08 07:47:00,584.00,695.35
2024/11/08 07:47:00,585.00,693.47
2024/11/08 07:47:00,586.00,688.36
2024/11/08 07:47:00,587.00,682.77
2024/11/08 07:47:00,588.00,679.05
2024/11/08 07:47:00,589.00,676.12
2024/11/08 07:47:00,590.00,674.20
2024/11/08 07:47:00,591.00,675.31
2024/11/08 07:47:00,592.00,678.66
2024/11/08 07:47:00,593.00,680.63
2024/11/08 07:47:00,594.00,680.77
2024/11/08 07:47:00,595.00,681.10
2024/11/08 07:47:00,596.00,681.10
2024/11/08 07:47:00,597.00,678.78
2024/11/08 07:47:00,598.00,675.99
2024/11/08 07:47:00,599.00,675.01
2024/11/08 07:47:00,600.00,673.58
2024/11/08 07:47:00,601.00,672.36
2024/11/08 07:47:00,602.00,672.22
2024/11/08 07:47:00,603.00,673.07
2024/11/08 07:47:00,604.00,672.75
2024/11/08 07:47:00,605.00,672.01
2024/11/08 07:47:00,606.00,671.84
2024/11/08 07:47:00,607.00,671.12
2024/11/08 07:47:00,608.00,669.72
2024/11/08 07:47:00,609.00,668.80
2024/11/08 07:47:00,610.00,667.13
2024/11/08 07:47:00,611.00,665.01
2024/11/08 07:47:00,612.00,662.32
2024/11/08 07:47:00,613.00,659.33
2024/11/08 07:47:00,614.00,656.64
2024/11/08 07:47:00,615.00,655.22
2024/11/08 07:47:00,616.00,654.40
2024/11/08 07:47:00,617.00,654.70
2024/11/08 07:47:00,618.00,655.70
2024/11/08 07:47:00,619.00,657.09
2024/11/08 07:47:00,620.00,657.13
2024/11/08 07:47:00,621.00,656.19
2024/11/08 07:47:00,622.00,655.05
2024/11/08 07:47:00,623.00,652.85
2024/11/08 07:47:00,624.00,649.61
2024/11/08 07:47:00,625.00,647.29
2024/11/08 07:47:00,626.00,644.63
2024/11/08 07:47:00,627.00,641.02
2024/11/08 07:47:00,628.00,637.72
2024/11/08 07:47:00,629.00,635.61
2024/11/08 07:47:00,630.00,635.80
2024/11/08 07:47:00,631.00,636.75
2024/11/08 07:47:00,632.00,638.89
2024/11/08 07:47:00,633.00,640.93
2024/11/08 07:47:00,634.00,644.31
2024/11/08 07:47:00,635.00,646.67
2024/11/08 07:47:00,636.00,647.51
2024/11/08 07:47:00,637.00,647.68
2024/11/08 07:47:00,638.00,648.82
2024/11/08 07:47:00,639.00,648.22
2024/11/08 07:47:00,640.00,646.66
2024/11/08 07:47:00,641.00,645.88
2024/11/08 07:47:00,642.00,646.02
2024/11/08 07:47:00,643.00,645.60
2024/11/08 07:47:00,644.00,644.64
2024/11/08 07:47:00,645.00,644.18
2024/11/08 07:47:00,646.00,642.92
2024/11/08 07:47:00,647.00,640.85
2024/11/08 07:47:00,648.00,639.37
2024/11/08 07:47:00,649.00,638.86
2024/11/08 07:47:00,650.00,638.01
2024/11/08 07:47:00,651.00,638.06
2024/11/08 07:47:00,652.00,636.44
2024/11/08 07:47:00,653.00,630.79
2024/11/08 07:47:00,654.00,623.48
2024/11/08 07:47:00,655.00,618.93
2024/11/08 07:47:00,656.00,615.12
2024/11/08 07:47:00,657.00,614.10
2024/11/08 07:47:00,658.00,618.39
2024/11/08 07:47:00,659.00,624.62
2024/11/08 07:47:00,660.00,628.24
2024/11/08 07:47:00,661.00,630.65
2024/11/08 07:47:00,662.00,632.61
2024/11/08 07:47:00,663.00,634.78
2024/11/08 07:47:00,664.00,635.93
2024/11/08 07:47:00,665.00,637.85
2024/11/08 07:47:00,666.00,640.23
2024/11/08 07:47:00,667.00,641.94
2024/11/08 07:47:00,668.00,641.40
2024/11/08 07:47:00,669.00,640.87
2024/11/08 07:47:00,670.00,639.65
2024/11/08 07:47:00,671.00,639.23
2024/11/08 07:47:00,672.00,638.66
2024/11/08 07:47:00,673.00,638.13
2024/11/08 07:47:00,674.00,639.32
2024/11/08 07:47:00,675.00,639.35
2024/11/08 07:47:00,676.00,639.03
2024/11/08 07:47:00,677.00,638.95
2024/11/08 07:47:00,678.00,638.56
2024/11/08 07:47:00,679.00,637.12
2024/11/08 07:47:00,680.00,635.87
2024/11/08 07:47:00,681.00,635.12
2024/11/08 07:47:00,682.00,633.57
2024/11/08 07:47:00,683.00,627.53
2024/11/08 07:47:00,684.00,614.50
2024/11/08 07:47:00,685.00,597.83
2024/11/08 07:47:00,686.00,579.60
2024/11/08 07:47:00,687.00,562.66
2024/11/08 07:47:00,688.00,550.25
2024/11/08 07:47:00,689.00,546.99
2024/11/08 07:47:00,690.00,551.95
2024/11/08 07:47:00,691.00,559.49
2024/11/08 07:47:00,692.00,567.00
2024/11/08 07:47:00,693.00,575.88
2024/11/08 07:47:00,694.00,584.45
2024/11/08 07:47:00,695.00,589.08
2024/11/08 07:47:00,696.00,592.94
2024/11/08 07:47:00,697.00,595.94
2024/11/08 07:47:00,698.00,597.84
2024/11/08 07:47:00,699.00,597.50
2024/11/08 07:47:00,700.00,597.21
2024/11/08 07:47:00,701.00,597.23
2024/11/08 07:47:00,702.00,598.15
2024/11/08 07:47:00,703.00,598.37
2024/11/08 07:47:00,704.00,598.39
2024/11/08 07:47:00,705.00,598.72
2024/11/08 07:47:00,706.00,597.24
2024/11/08 07:47:00,707.00,597.04
2024/11/08 07:47:00,708.00,596.53
2024/11/08 07:47:00,709.00,597.32
2024/11/08 07:47:00,710.00,597.08
2024/11/08 07:47:00,711.00,597.63
2024/11/08 07:47:00,712.00,596.71
2024/11/08 07:47:00,713.00,595.96
2024/11/08 07:47:00,714.00,591.06
2024/11/08 07:47:00,715.00,585.23
2024/11/08 07:47:00,716.00,577.26
2024/11/08 07:47:00,717.00,565.86
2024/11/08 07:47:00,718.00,556.20
2024/11/08 07:47:00,719.00,551.12
2024/11/08 07:47:00,720.00,546.33
2024/11/08 07:47:00,721.00,543.58
2024/11/08 07:47:00,722.00,544.13
2024/11/08 07:47:00,723.00,543.63
2024/11/08 07:47:00,724.00,541.89
2024/11/08 07:47:00,725.00,542.34
2024/11/08 07:47:00,726.00,544.24
2024/11/08 07:47:00,727.00,544.70
2024/11/08 07:47:00,728.00,545.86
2024/11/08 07:47:00,729.00,549.14
2024/11/08 07:47:00,730.00,553.26
2024/11/08 07:47:00,731.00,555.13
2024/11/08 07:47:00,732.00,558.72
2024/11/08 07:47:00,733.00,561.53
2024/11/08 07:47:00,734.00,563.05
2024/11/08 07:47:00,735.00,562.97
2024/11/08 07:47:00,736.00,563.41
2024/11/08 07:47:00,737.00,561.91
2024/11/08 07:47:00,738.00,560.10
2024/11/08 07:47:00,739.00,558.75
2024/11/08 07:47:00,740.00,557.71
2024/11/08 07:47:00,741.00,556.69
2024/11/08 07:47:00,742.00,557.34
2024/11/08 07:47:00,743.00,558.14
2024/11/08 07:47:00,744.00,557.44
2024/11/08 07:47:00,745.00,557.84
2024/11/08 07:47:00,746.00,558.52
2024/11/08 07:47:00,747.00,557.79
2024/11/08 07:47:00,748.00,555.34
2024/11/08 07:47:00,749.00,555.62
2024/11/08 07:47:00,750.00,554.25
2024/11/08 07:47:00,751.00,552.91
2024/11/08 07:47:00,752.00,551.99
2024/11/08 07:47:00,753.00,552.42
2024/11/08 07:47:00,754.00,549.63
2024/11/08 07:47:00,755.00,543.65
2024/11/08 07:47:00,756.00,531.49
2024/11/08 07:47:00,757.00,502.91
2024/11/08 07:47:00,758.00,462.52
2024/11/08 07:47:00,759.00,421.64
2024/11/08 07:47:00,760.00,380.85
2024/11/08 07:47:00,761.00,347.02
2024/11/08 07:47:00,762.00,331.38
2024/11/08 07:47:00,763.00,332.48
2024/11/08 07:47:00,764.00,340.97
2024/11/08 07:47:00,765.00,357.78
2024/11/08 07:47:00,766.00,379.71
2024/11/08 07:47:00,767.00,404.81
2024/11/08 07:47:00,768.00,427.49
2024/11/08 07:47:00,769.00,446.39
2024/11/08 07:47:00,770.00,464.74
2024/11/08 07:47:00,771.00,479.71
2024/11/08 07:47:00,772.00,488.79
2024/11/08 07:47:00,773.00,500.19
2024/11/08 07:47:00,774.00,506.70
2024/11/08 07:47:00,775.00,508.81
2024/11/08 07:47:00,776.00,513.55
2024/11/08 07:47:00,777.00,516.97
2024/11/08 07:47:00,778.00,517.78
2024/11/08 07:47:00,779.00,518.61
2024/11/08 07:47:00,780.00,520.47
2024/11/08 07:47:00,781.00,519.85
2024/11/08 07:47:00,782.00,518.45
2024/11/08 07:47:00,783.00,515.98
2024/11/08 07:47:00,784.00,517.80
2024/11/08 07:47:00,785.00,516.57
2024/11/08 07:47:00,786.00,514.85
2024/11/08 07:47:00,787.00,514.86
2024/11/08 07:47:00,788.00,513.88
2024/11/08 07:47:00,789.00,508.52
2024/11/08 07:47:00,790.00,507.21
2024/11/08 07:47:00,791.00,504.29
2024/11/08 07:47:00,792.00,502.85
2024/11/08 07:47:00,793.00,503.87
2024/11/08 07:47:00,794.00,505.20
2024/11/08 07:47:00,795.00,503.77
2024/11/08 07:47:00,796.00,505.05
2024/11/08 07:47:00,797.00,505.05
2024/11/08 07:47:00,798.00,503.78
2024/11/08 07:47:00,799.00,503.14
2024/11/08 07:47:00,800.00,501.67
2024/11/08 07:47:00,801.00,501.59
2024/11/08 07:47:00,802.00,500.81
2024/11/08 07:47:00,803.00,496.72
2024/11/08 07:47:00,804.00,497.87
2024/11/08 07:47:00,805.00,498.23
2024/11/08 07:47:00,806.00,494.12
2024/11/08 07:47:00,807.00,497.19
2024/11/08 07:47:00,808.00,498.79
2024/11/08 07:47:00,809.00,496.35
2024/11/08 07:47:00,810.00,496.94
2024/11/08 07:47:00,811.00,496.07
2024/11/08 07:47:00,812.00,490.35
2024/11/08 07:47:00,813.00,485.17
2024/11/08 07:47:00,814.00,480.78
2024/11/08 07:47:00,815.00,475.72
2024/11/08 07:47:00,816.00,469.36
2024/11/08 07:47:00,817.00,464.47
2024/11/08 07:47:00,818.00,465.09
2024/11/08 07:47:00,819.00,462.99
2024/11/08 07:47:00,820.00,460.45
2024/11/08 07:47:00,821.00,466.31
2024/11/08 07:47:00,822.00,470.22
2024/11/08 07:47:00,823.00,469.24
2024/11/08 07:47:00,824.00,475.60
2024/11/08 07:47:00,825.00,478.95
2024/11/08 07:47:00,826.00,476.30
2024/11/08 07:47:00,827.00,475.45
2024/11/08 07:47:00,828.00,474.31
2024/11/08 07:47:00,829.00,471.27
2024/11/08 07:47:00,830.00,468.29
2024/11/08 07:47:00,831.00,466.63
2024/11/08 07:47:00,832.00,466.13
2024/11/08 07:47:00,833.00,463.28
2024/11/08 07:47:00,834.00,462.68
2024/11/08 07:47:00,835.00,462.34
2024/11/08 07:47:00,836.00,461.93
2024/11/08 07:47:00,837.00,460.99
2024/11/08 07:47:00,838.00,463.49
2024/11/08 07:47:00,839.00,462.48
2024/11/08 07:47:00,840.00,460.78
2024/11/08 07:47:00,841.00,462.69
2024/11/08 07:47:00,842.00,459.84
2024/11/08 07:47:00,843.00,455.73
2024/11/08 07:47:00,844.00,453.41
2024/11/08 07:47:00,845.00,451.82
2024/11/08 07:47:00,846.00,447.87
2024/11/08 07:47:00,847.00,445.55
2024/11/08 07:47:00,848.00,442.21
2024/11/08 07:47:00,849.00,441.07
2024/11/08 07:47:00,850.00,436.83
2024/11/08 07:47:00,851.00,432.03
2024/11/08 07:47:00,852.00,428.57
2024/11/08 07:47:00,853.00,425.69
2024/11/08 07:47:00,854.00,424.72
2024/11/08 07:47:00,855.00,426.62
2024/11/08 07:47:00,856.00,428.95
2024/11/08 07:47:00,857.00,431.23
2024/11/08 07:47:00,858.00,433.74
2024/11/08 07:47:00,859.00,433.87
2024/11/08 07:47:00,860.00,433.77
2024/11/08 07:47:00,861.00,434.65
2024/11/08 07:47:00,862.00,433.73
2024/11/08 07:47:00,863.00,430.01
2024/11/08 07:47:00,864.00,427.52
2024/11/08 07:47:00,865.00,424.13
2024/11/08 07:47:00,866.00,421.63
2024/11/08 07:47:00,867.00,420.16
2024/11/08 07:47:00,868.00,421.20
2024/11/08 07:47:00,869.00,423.31
2024/11/08 07:47:00,870.00,423.65
2024/11/08 07:47:00,871.00,424.70
2024/11/08 07:47:00,872.00,425.34
2024/11/08 07:47:00,873.00,424.57
2024/11/08 07:47:00,874.00,423.68
2024/11/08 07:47:00,875.00,424.66
2024/11/08 07:47:00,876.00,423.60
2024/11/08 07:47:00,877.00,422.62
2024/11/08 07:47:00,878.00,422.17
2024/11/08 07:47:00,879.00,421.44
2024/11/08 07:47:00,880.00,420.64
2024/11/08 07:47:00,881.00,419.94
2024/11/08 07:47:00,882.00,419.63
2024/11/08 07:47:00,883.00,419.28
2024/11/08 07:47:00,884.00,417.04
2024/11/08 07:47:00,885.00,415.12
2024/11/08 07:47:00,886.00,414.64
2024/11/08 07:47:00,887.00,413.36
2024/11/08 07:47:00,888.00,413.26
2024/11/08 07:47:00,889.00,413.23
2024/11/08 07:47:00,890.00,411.60
2024/11/08 07:47:00,891.00,410.01
2024/11/08 07:47:00,892.00,406.88
2024/11/08 07:47:00,893.00,402.08
2024/11/08 07:47:00,894.00,396.56
2024/11/08 07:47:00,895.00,389.84
2024/11/08 07:47:00,896.00,381.76
2024/11/08 07:47:00,897.00,373.51
2024/11/08 07:47:00,898.00,366.78
2024/11/08 07:47:00,899.00,361.58
2024/11/08 07:47:00,900.00,358.57
2024/11/08 07:47:00,901.00,358.96
2024/11/08 07:47:00,902.00,360.67
2024/11/08 07:47:00,903.00,361.84
2024/11/08 07:47:00,904.00,361.84
2024/11/08 07:47:00,905.00,360.66
2024/11/08 07:47:00,906.00,357.38
2024/11/08 07:47:00,907.00,353.95
2024/11/08 07:47:00,908.00,352.36
2024/11/08 07:47:00,909.00,351.17
2024/11/08 07:47:00,910.00,349.57
2024/11/08 07:47:00,911.00,349.16
2024/11/08 07:47:00,912.00,348.21
2024/11/08 07:47:00,913.00,346.64
2024/11/08 07:47:00,914.00,345.65
2024/11/08 07:47:00,915.00,345.50
2024/11/08 07:47:00,916.00,346.60
2024/11/08 07:47:00,917.00,348.39
2024/11/08 07:47:00,918.00,349.14
2024/11/08 07:47:00,919.00,351.17
2024/11/08 07:47:00,920.00,350.98
2024/11/08 07:47:00,921.00,350.81
2024/11/08 07:47:00,922.00,349.89
2024/11/08 07:47:00,923.00,348.38
2024/11/08 07:47:00,924.00,347.09
2024/11/08 07:47:00,925.00,346.57
2024/11/08 07:47:00,926.00,340.75
2024/11/08 07:47:00,927.00,333.67
2024/11/08 07:47:00,928.00,323.56
2024/11/08 07:47:00,929.00,308.19
2024/11/08 07:47:00,930.00,290.62
2024/11/08 07:47:00,931.00,273.58
2024/11/08 07:47:00,932.00,256.83
2024/11/08 07:47:00,933.00,242.46
2024/11/08 07:47:00,934.00,231.97
2024/11/08 07:47:00,935.00,225.78
2024/11/08 07:47:00,936.00,224.63
2024/11/08 07:47:00,937.00,226.52
2024/11/08 07:47:00,938.00,231.62
2024/11/08 07:47:00,939.00,236.02
2024/11/08 07:47:00,940.00,238.19
2024/11/08 07:47:00,941.00,240.03
2024/11/08 07:47:00,942.00,238.05
2024/11/08 07:47:00,943.00,235.04
2024/11/08 07:47:00,944.00,234.84
2024/11/08 07:47:00,945.00,234.98
2024/11/08 07:47:00,946.00,234.60
2024/11/08 07:47:00,947.00,237.03
2024/11/08 07:47:00,948.00,238.65
2024/11/08 07:47:00,949.00,239.38
2024/11/08 07:47:00,950.00,240.23
2024/11/08 07:47:00,951.00,241.65
2024/11/08 07:47:00,952.00,243.31
2024/11/08 07:47:00,953.00,244.20
2024/11/08 07:47:00,954.00,246.21
2024/11/08 07:47:00,955.00,249.08
2024/11/08 07:47:00,956.00,250.16
2024/11/08 07:47:00,957.00,252.44
2024/11/08 07:47:00,958.00,256.34
2024/11/08 07:47:00,959.00,258.27
2024/11/08 07:47:00,960.00,262.19
2024/11/08 07:47:00,961.00,266.99
2024/11/08 07:47:00,962.00,270.05
2024/11/08 07:47:00,963.00,274.00
2024/11/08 07:47:00,964.00,279.49
2024/11/08 07:47:00,965.00,284.16
2024/11/08 07:47:00,966.00,290.11
2024/11/08 07:47:00,967.00,296.96
2024/11/08 07:47:00,968.00,302.71
2024/11/08 07:47:00,969.00,307.36
2024/11/08 07:47:00,970.00,309.88
2024/11/08 07:47:00,971.00,311.59
2024/11/08 07:47:00,972.00,310.57
2024/11/08 07:47:00,973.00,309.09
2024/11/08 07:47:00,974.00,309.16
2024/11/08 07:47:00,975.00,308.23
2024/11/08 07:47:00,976.00,307.55
2024/11/08 07:47:00,977.00,309.17
2024/11/08 07:47:00,978.00,310.75
2024/11/08 07:47:00,979.00,312.29
2024/11/08 07:47:00,980.00,315.16
2024/11/08 07:47:00,981.00,317.58
2024/11/08 07:47:00,982.00,319.98
2024/11/08 07:47:00,983.00,321.55
2024/11/08 07:47:00,984.00,323.03
2024/11/08 07:47:00,985.00,324.33
2024/11/08 07:47:00,986.00,325.25
2024/11/08 07:47:00,987.00,325.79
2024/11/08 07:47:00,988.00,326.10
2024/11/08 07:47:00,989.00,325.99
2024/11/08 07:47:00,990.00,326.27
2024/11/08 07:47:00,991.00,326.95
2024/11/08 07:47:00,992.00,326.62
2024/11/08 07:47:00,993.00,328.04
2024/11/08 07:47:00,994.00,328.17
2024/11/08 07:47:00,995.00,326.96
2024/11/08 07:47:00,996.00,327.56
2024/11/08 07:47:00,997.00,327.40
2024/11/08 07:47:00,998.00,325.36
2024/11/08 07:47:00,999.00,325.85
2024/11/08 07:47:00,1000.00,325.36
2024/11/08 07:47:00,1001.00,323.55
2024/11/08 07:47:00,1002.00,321.80
2024/11/08 07:47:00,1003.00,320.27
2024/11/08 07:47:00,1004.00,318.35
2024/11/08 07:47:00,1005.00,315.85
2024/11/08 07:47:00,1006.00,314.82
2024/11/08 07:47:00,1007.00,315.66
2024/11/08 07:47:00,1008.00,314.47
2024/11/08 07:47:00,1009.00,314.42
2024/11/08 07:47:00,1010.00,316.22
2024/11/08 07:47:00,1011.00,314.94
2024/11/08 07:47:00,1012.00,313.29
2024/11/08 07:47:00,1013.00,313.50
2024/11/08 07:47:00,1014.00,311.84
2024/11/08 07:47:00,1015.00,312.12
2024/11/08 07:47:00,1016.00,313.16
2024/11/08 07:47:00,1017.00,312.88
2024/11/08 07:47:00,1018.00,312.77
2024/11/08 07:47:00,1019.00,311.49
2024/11/08 07:47:00,1020.00,311.34
2024/11/08 07:47:00,1021.00,310.55
2024/11/08 07:47:00,1022.00,308.16
2024/11/08 07:47:00,1023.00,310.13
2024/11/08 07:47:00,1024.00,308.80
2024/11/08 07:47:00,1025.00,306.66
2024/11/08 07:47:00,1026.00,308.09
2024/11/08 07:47:00,1027.00,307.45
2024/11/08 07:47:00,1028.00,305.66
2024/11/08 07:47:00,1029.00,306.78
2024/11/08 07:47:00,1030.00,304.64
2024/11/08 07:47:00,1031.00,304.08
2024/11/08 07:47:00,1032.00,304.07
2024/11/08 07:47:00,1033.00,303.45
2024/11/08 07:47:00,1034.00,303.66
2024/11/08 07:47:00,1035.00,302.31
2024/11/08 07:47:00,1036.00,301.32
2024/11/08 07:47:00,1037.00,299.75
2024/11/08 07:47:00,1038.00,296.47
2024/11/08 07:47:00,1039.00,296.48
2024/11/08 07:47:00,1040.00,296.35
2024/11/08 07:47:00,1041.00,292.90
2024/11/08 07:47:00,1042.00,295.87
2024/11/08 07:47:00,1043.00,296.29
2024/11/08 07:47:00,1044.00,293.88
2024/11/08 07:47:00,1045.00,294.38
2024/11/08 07:47:00,1046.00,293.22
2024/11/08 07:47:00,1047.00,289.90
2024/11/08 07:47:00,1048.00,289.05
2024/11/08 07:47:00,1049.00,288.12
2024/11/08 07:47:00,1050.00,288.16
2024/11/08 07:47:00,1051.00,291.15
2024/11/08 07:47:00,1052.00,290.27
2024/11/08 07:47:00,1053.00,290.89
2024/11/08 07:47:00,1054.00,287.58
2024/11/08 07:47:00,1055.00,286.08
2024/11/08 07:47:00,1056.00,286.31
2024/11/08 07:47:00,1057.00,281.60
2024/11/08 07:47:00,1058.00,281.27
2024/11/08 07:47:00,1059.00,282.42
2024/11/08 07:47:00,1060.00,278.98
2024/11/08 07:47:00,1061.00,281.01
2024/11/08 07:47:00,1062.00,284.45
2024/11/08 07:47:00,1063.00,283.49
2024/11/08 07:47:00,1064.00,284.03
2024/11/08 07:47:00,1065.00,282.81
2024/11/08 07:47:00,1066.00,280.05
2024/11/08 07:47:00,1067.00,276.78
2024/11/08 07:47:00,1068.00,277.02
2024/11/08 07:47:00,1069.00,279.40
2024/11/08 07:47:00,1070.00,275.89
2024/11/08 07:47:00,1071.00,276.92
2024/11/08 07:47:00,1072.00,280.02
2024/11/08 07:47:00,1073.00,275.25
2024/11/08 07:47:00,1074.00,276.27
2024/11/08 07:47:00,1075.00,282.13
2024/11/08 07:47:00,1076.00,277.88
2024/11/08 07:47:00,1077.00,277.95
2024/11/08 07:47:00,1078.00,281.65
2024/11/08 07:47:00,1079.00,274.41
2024/11/08 07:47:00,1080.00,273.14
2024/11/08 07:47:00,1081.00,274.44
2024/11/08 07:47:00,1082.00,271.28
2024/11/08 07:47:00,1083.00,270.02
2024/11/08 07:47:00,1084.00,269.38
2024/11/08 07:47:00,1085.00,271.31
2024/11/08 07:47:00,1086.00,269.92
2024/11/08 07:47:00,1087.00,270.09
2024/11/08 07:47:00,1088.00,277.22
2024/11/08 07:47:00,1089.00,273.15
2024/11/08 07:47:00,1090.00,267.90
2024/11/08 07:47:00,1091.00,270.52
2024/11/08 07:47:00,1092.00,263.61
2024/11/08 07:47:00,1093.00,259.57
2024/11/08 07:47:00,1094.00,260.61
2024/11/08 07:47:00,1095.00,256.23
2024/11/08 07:47:00,1096.00,257.16
2024/11/08 07:47:00,1097.00,261.59
2024/11/08 07:47:00,1098.00,259.30
2024/11/08 07:47:00,1099.00,265.75
2024/11/08 07:47:00,1100.00,269.70
2024/11/08 07:48:00,Wavelength(nm),Irradiance(W/m2/um)
2024/11/08 07:48:00,300.00,9.18
2024/11/08 07:48:00,301.00,9.76
2024/11/08 07:48:00,302.00,11.17
2024/11/08 07:48:00,303.00,12.96
2024/11/08 07:48:00,304.00,14.86
2024/11/08 07:48:00,305.00,17.05
2024/11/08 07:48:00,306.00,19.85
2024/11/08 07:48:00,307.00,23.24
2024/11/08 07:48:00,308.00,27.28
2024/11/08 07:48:00,309.00,31.78
2024/11/08 07:48:00,310.00,37.60
2024/11/08 07:48:00,311.00,43.56
2024/11/08 07:48:00,312.00,49.75
2024/11/08 07:48:00,313.00,56.89
2024/11/08 07:48:00,314.00,64.71
2024/11/08 07:48:00,315.00,72.25
2024/11/08 07:48:00,316.00,80.85
2024/11/08 07:48:00,317.00,90.00
2024/11/08 07:48:00,318.00,98.37
2024/11/08 07:48:00,319.00,106.09
2024/11/08 07:48:00,320.00,114.04
2024/11/08 07:48:00,321.00,122.35
2024/11/08 07:48:00,322.00,131.83
2024/11/08 07:48:00,323.00,143.10
2024/11/08 07:48:00,324.00,155.65
2024/11/08 07:48:00,325.00,168.70
2024/11/08 07:48:00,326.00,182.07
2024/11/08 07:48:00,327.00,194.47
2024/11/08 07:48:00,328.00,205.02
2024/11/08 07:48:00,329.00,213.53
2024/11/08 07:48:00,330.00,220.76
2024/11/08 07:48:00,331.00,226.08
2024/11/08 07:48:00,332.00,229.46
2024/11/08 07:48:00,333.00,230.28
2024/11/08 07:48:00,334.00,230.61
2024/11/08 07:48:00,335.00,231.49
2024/11/08 07:48:00,336.00,232.59
2024/11/08 07:48:00,337.00,234.69
2024/11/08 07:48:00,338.00,239.09
2024/11/08 07:48:00,339.00,244.24
2024/11/08 07:48:00,340.00,248.50
2024/11/08 07:48:00,341.00,251.29
2024/11/08 07:48:00,342.00,252.71
2024/11/08 07:48:00,343.00,253.52
2024/11/08 07:48:00,344.00,253.56
2024/11/08 07:48:00,345.00,253.38
2024/11/08 07:48:00,346.00,254.29
2024/11/08 07:48:00,347.00,256.77
2024/11/08 07:48:00,348.00,260.53
2024/11/08 07:48:00,349.00,264.46
2024/11/08 07:48:00,350.00,268.94
2024/11/08 07:48:00,351.00,275.53
2024/11/08 07:48:00,352.00,281.75
2024/11/08 07:48:00,353.00,284.95
2024/11/08 07:48:00,354.00,285.36
2024/11/08 07:48:00,355.00,281.96
2024/11/08 07:48:00,356.00,277.03
2024/11/08 07:48:00,357.00,272.75
2024/11/08 07:48:00,358.00,269.24
2024/11/08 07:48:00,359.00,269.62
2024/11/08 07:48:00,360.00,275.39
2024/11/08 07:48:00,361.00,281.88
2024/11/08 07:48:00,362.00,290.22
2024/11/08 07:48:00,363.00,302.58
2024/11/08 07:48:00,364.00,315.92
2024/11/08 07:48:00,365.00,326.99
2024/11/08 07:48:00,366.00,337.18
2024/11/08 07:48:00,367.00,344.46
2024/11/08 07:48:00,368.00,347.98
2024/11/08 07:48:00,369.00,347.44
2024/11/08 07:48:00,370.00,342.98
2024/11/08 07:48:00,371.00,334.51
2024/11/08 07:48:00,372.00,325.95
2024/11/08 07:48:00,373.00,320.62
2024/11/08 07:48:00,374.00,321.16
2024/11/08 07:48:00,375.00,329.65
2024/11/08 07:48:00,376.00,341.45
2024/11/08 07:48:00,377.00,352.79
2024/11/08 07:48:00,378.00,360.48
2024/11/08 07:48:00,379.00,358.28
2024/11/08 07:48:00,380.00,343.63
2024/11/08 07:48:00,381.00,326.90
2024/11/08 07:48:00,382.00,313.37
2024/11/08 07:48:00,383.00,303.03
2024/11/08 07:48:00,384.00,299.25
2024/11/08 07:48:00,385.00,304.88
2024/11/08 07:48:00,386.00,315.00
2024/11/08 07:48:00,387.00,327.63
2024/11/08 07:48:00,388.00,342.27
2024/11/08 07:48:00,389.00,354.69
2024/11/08 07:48:00,390.00,356.83
2024/11/08 07:48:00,391.00,351.42
2024/11/08 07:48:00,392.00,346.64
2024/11/08 07:48:00,393.00,338.15
2024/11/08 07:48:00,394.00,327.82
2024/11/08 07:48:00,395.00,333.42
2024/11/08 07:48:00,396.00,358.20
2024/11/08 07:48:00,397.00,387.79
2024/11/08 07:48:00,398.00,422.71
2024/11/08 07:48:00,399.00,465.30
2024/11/08 07:48:00,400.00,502.83
2024/11/08 07:48:00,401.00,526.56
2024/11/08 07:48:00,402.00,539.87
2024/11/08 07:48:00,403.00,543.42
2024/11/08 07:48:00,404.00,540.70
2024/11/08 07:48:00,405.00,538.38
2024/11/08 07:48:00,406.00,538.35
2024/11/08 07:48:00,407.00,538.89
2024/11/08 07:48:00,408.00,541.70
2024/11/08 07:48:00,409.00,549.44
2024/11/08 07:48:00,410.00,557.32
2024/11/08 07:48:00,411.00,564.16
2024/11/08 07:48:00,412.00,571.25
2024/11/08 07:48:00,413.00,579.54
2024/11/08 07:48:00,414.00,584.46
2024/11/08 07:48:00,415.00,585.95
2024/11/08 07:48:00,416.00,585.45
2024/11/08 07:48:00,417.00,585.14
2024/11/08 07:48:00,418.00,585.12
2024/11/08 07:48:00,419.00,585.47
2024/11/08 07:48:00,420.00,586.22
2024/11/08 07:48:00,421.00,587.78
2024/11/08 07:48:00,422.00,589.01
2024/11/08 07:48:00,423.00,589.26
2024/11/08 07:48:00,424.00,587.06
2024/11/08 07:48:00,425.00,585.04
2024/11/08 07:48:00,426.00,580.84
2024/11/08 07:48:00,427.00,569.49
2024/11/08 07:48:00,428.00,554.32
2024/11/08 07:48:00,429.00,545.63
2024/11/08 07:48:00,430.00,545.43
2024/11/08 07:48:00,431.00,551.27
2024/11/08 07:48:00,432.00,566.13
2024/11/08 07:48:00,433.00,589.42
2024/11/08 07:48:00,434.00,611.68
2024/11/08 07:48:00,435.00,623.12
2024/11/08 07:48:00,436.00,628.68
2024/11/08 07:48:00,437.00,633.76
2024/11/08 07:48:00,438.00,637.83
2024/11/08 07:48:00,439.00,642.36
2024/11/08 07:48:00,440.00,652.44
2024/11/08 07:48:00,441.00,666.89
2024/11/08 07:48:00,442.00,679.63
2024/11/08 07:48:00,443.00,688.20
2024/11/08 07:48:00,444.00,694.96
2024/11/08 07:48:00,445.00,701.11
2024/11/08 07:48:00,446.00,706.79
2024/11/08 07:48:00,447.00,716.67
2024/11/08 07:48:00,448.00,729.90
2024/11/08 07:48:00,449.00,740.79
2024/11/08 07:48:00,450.00,746.67
2024/11/08 07:48:00,451.00,748.02
2024/11/08 07:48:00,452.00,746.65
2024/11/08 07:48:00,453.00,744.39
2024/11/08 07:48:00,454.00,745.47
2024/11/08 07:48:00,455.00,749.07
2024/11/08 07:48:00,456.00,754.98
2024/11/08 07:48:00,457.00,760.00
2024/11/08 07:48:00,458.00,764.59
2024/11/08 07:48:00,459.00,768.95
2024/11/08 07:48:00,460.00,772.21
2024/11/08 07:48:00,461.00,775.29
2024/11/08 07:48:00,462.00,777.96
2024/11/08 07:48:00,463.00,778.17
2024/11/08 07:48:00,464.00,774.75
2024/11/08 07:48:00,465.00,770.68
2024/11/08 07:48:00,466.00,767.81
2024/11/08 07:48:00,467.00,764.69
2024/11/08 07:48:00,468.00,762.41
2024/11/08 07:48:00,469.00,763.23
2024/11/08 07:48:00,470.00,764.37
2024/11/08 07:48:00,471.00,765.88
2024/11/08 07:48:00,472.00,769.25
2024/11/08 07:48:00,473.00,773.40
2024/11/08 07:48:00,474.00,774.97
2024/11/08 07:48:00,475.00,776.43
2024/11/08 07:48:00,476.00,778.36
2024/11/08 07:48:00,477.00,780.94
2024/11/08 07:48:00,478.00,782.66
2024/11/08 07:48:00,479.00,785.59
2024/11/08 07:48:00,480.00,788.97
2024/11/08 07:48:00,481.00,788.15
2024/11/08 07:48:00,482.00,782.85
2024/11/08 07:48:00,483.00,771.80
2024/11/08 07:48:00,484.00,755.94
2024/11/08 07:48:00,485.00,740.59
2024/11/08 07:48:00,486.00,733.11
2024/11/08 07:48:00,487.00,730.86
2024/11/08 07:48:00,488.00,736.76
2024/11/08 07:48:00,489.00,746.34
2024/11/08 07:48:00,490.00,753.28
2024/11/08 07:48:00,491.00,757.69
2024/11/08 07:48:00,492.00,760.55
2024/11/08 07:48:00,493.00,762.22
2024/11/08 07:48:00,494.00,764.77
2024/11/08 07:48:00,495.00,767.62
2024/11/08 07:48:00,496.00,767.44
2024/11/08 07:48:00,497.00,764.08
2024/11/08 07:48:00,498.00,758.69
2024/11/08 07:48:00,499.00,751.45
2024/11/08 07:48:00,500.00,744.73
2024/11/08 07:48:00,501.00,741.48
2024/11/08 07:48:00,502.00,739.77
2024/11/08 07:48:00,503.00,741.82
2024/11/08 07:48:00,504.00,747.21
2024/11/08 07:48:00,505.00,750.31
2024/11/08 07:48:00,506.00,753.16
2024/11/08 07:48:00,507.00,756.34
2024/11/08 07:48:00,508.00,756.85
2024/11/08 07:48:00,509.00,756.53
2024/11/08 07:48:00,510.00,756.57
2024/11/08 07:48:00,511.00,753.70
2024/11/08 07:48:00,512.00,748.54
2024/11/08 07:48:00,513.00,741.57
2024/11/08 07:48:00,514.00,729.36
2024/11/08 07:48:00,515.00,714.66
2024/11/08 07:48:00,516.00,704.58
2024/11/08 07:48:00,517.00,697.85
2024/11/08 07:48:00,518.00,695.63
2024/11/08 07:48:00,519.00,700.00
2024/11/08 07:48:00,520.00,709.02
2024/11/08 07:48:00,521.00,717.65
2024/11/08 07:48:00,522.00,726.98
2024/11/08 07:48:00,523.00,729.35
2024/11/08 07:48:00,524.00,728.27
2024/11/08 07:48:00,525.00,726.61
2024/11/08 07:48:00,526.00,725.41
2024/11/08 07:48:00,527.00,725.05
2024/11/08 07:48:00,528.00,729.44
2024/11/08 07:48:00,529.00,734.16
2024/11/08 07:48:00,530.00,737.66
2024/11/08 07:48:00,531.00,739.45
2024/11/08 07:48:00,532.00,739.14
2024/11/08 07:48:00,533.00,738.99
2024/11/08 07:48:00,534.00,739.48
2024/11/08 07:48:00,535.00,740.56
2024/11/08 07:48:00,536.00,741.73
2024/11/08 07:48:00,537.00,740.50
2024/11/08 07:48:00,538.00,735.93
2024/11/08 07:48:00,539.00,732.25
2024/11/08 07:48:00,540.00,729.25
2024/11/08 07:48:00,541.00,728.03
2024/11/08 07:48:00,542.00,727.40
2024/11/08 07:48:00,543.00,728.57
2024/11/08 07:48:00,544.00,729.19
2024/11/08 07:48:00,545.00,730.15
2024/11/08 07:48:00,546.00,729.61
2024/11/08 07:48:00,547.00,730.03
2024/11/08 07:48:00,548.00,729.90
2024/11/08 07:48:00,549.00,730.52
2024/11/08 07:48:00,550.00,730.38
2024/11/08 07:48:00,551.00,730.67
2024/11/08 07:48:00,552.00,730.07
2024/11/08 07:48:00,553.00,729.79
2024/11/08 07:48:00,554.00,728.75
2024/11/08 07:48:00,555.00,725.74
2024/11/08 07:48:00,556.00,721.73
2024/11/08 07:48:00,557.00,718.49
2024/11/08 07:48:00,558.00,714.36
2024/11/08 07:48:00,559.00,711.13
2024/11/08 07:48:00,560.00,710.63
2024/11/08 07:48:00,561.00,710.29
2024/11/08 07:48:00,562.00,709.84
2024/11/08 07:48:00,563.00,709.14
2024/11/08 07:48:00,564.00,709.02
2024/11/08 07:48:00,565.00,707.87
2024/11/08 07:48:00,566.00,706.03
2024/11/08 07:48:00,567.00,702.92
2024/11/08 07:48:00,568.00,700.21
2024/11/08 07:48:00,569.00,697.41
2024/11/08 07:48:00,570.00,695.79
2024/11/08 07:48:00,571.00,696.28
2024/11/08 07:48:00,572.00,695.80
2024/11/08 07:48:00,573.00,695.93
2024/11/08 07:48:00,574.00,695.48
2024/11/08 07:48:00,575.00,693.17
2024/11/08 07:48:00,576.00,690.80
2024/11/08 07:48:00,577.00,690.69
2024/11/08 07:48:00,578.00,690.45
2024/11/08 07:48:00,579.00,691.20
2024/11/08 07:48:00,580.00,694.22
2024/11/08 07:48:00,581.00,697.81
2024/11/08 07:48:00,582.00,699.03
2024/11/08 07:48:00,583.00,701.10
2024/11/08 07:48:00,584.00,702.14
2024/11/08 07:48:00,585.00,700.14
2024/11/08 07:48:00,586.00,695.85
2024/11/08 07:48:00,587.00,690.38
2024/11/08 07:48:00,588.00,685.40
2024/11/08 07:48:00,589.00,683.42
2024/11/08 07:48:00,590.00,680.32
2024/11/08 07:48:00,591.00,679.47
2024/11/08 07:48:00,592.00,683.25
2024/11/08 07:48:00,593.00,684.78
2024/11/08 07:48:00,594.00,683.92
2024/11/08 07:48:00,595.00,685.57
2024/11/08 07:48:00,596.00,683.94
2024/11/08 07:48:00,597.00,683.35
2024/11/08 07:48:00,598.00,681.74
2024/11/08 07:48:00,599.00,678.40
2024/11/08 07:48:00,600.00,675.26
2024/11/08 07:48:00,601.00,676.04
2024/11/08 07:48:00,602.00,674.65
2024/11/08 07:48:00,603.00,675.36
2024/11/08 07:48:00,604.00,677.74
2024/11/08 07:48:00,605.00,678.79
2024/11/08 07:48:00,606.00,678.94
2024/11/08 07:48:00,607.00,678.02
2024/11/08 07:48:00,608.00,676.13
2024/11/08 07:48:00,609.00,675.66
2024/11/08 07:48:00,610.00,673.56
2024/11/08 07:48:00,611.00,671.02
2024/11/08 07:48:00,612.00,669.33
2024/11/08 07:48:00,613.00,665.70
2024/11/08 07:48:00,614.00,660.84
2024/11/08 07:48:00,615.00,659.13
2024/11/08 07:48:00,616.00,658.15
2024/11/08 07:48:00,617.00,658.00
2024/11/08 07:48:00,618.00,660.33
2024/11/08 07:48:00,619.00,662.04
2024/11/08 07:48:00,620.00,661.44
2024/11/08 07:48:00,621.00,660.81
2024/11/08 07:48:00,622.00,659.42
2024/11/08 07:48:00,623.00,656.69
2024/11/08 07:48:00,624.00,654.18
2024/11/08 07:48:00,625.00,651.28
2024/11/08 07:48:00,626.00,647.44
2024/11/08 07:48:00,627.00,644.65
2024/11/08 07:48:00,628.00,642.14
2024/11/08 07:48:00,629.00,639.70
2024/11/08 07:48:00,630.00,641.30
2024/11/08 07:48:00,631.00,641.36
2024/11/08 07:48:00,632.00,641.95
2024/11/08 07:48:00,633.00,644.14
2024/11/08 07:48:00,634.00,645.41
2024/11/08 07:48:00,635.00,647.50
2024/11/08 07:48:00,636.00,650.58
2024/11/08 07:48:00,637.00,651.22
2024/11/08 07:48:00,638.00,651.84
2024/11/08 07:48:00,639.00,652.49
2024/11/08 07:48:00,640.00,650.42
2024/11/08 07:48:00,641.00,649.89
2024/11/08 07:48:00,642.00,650.77
2024/11/08 07:48:00,643.00,651.04
2024/11/08 07:48:00,644.00,651.27
2024/11/08 07:48:00,645.00,650.47
2024/11/08 07:48:00,646.00,648.55
2024/11/08 07:48:00,647.00,645.95
2024/11/08 07:48:00,648.00,643.66
2024/11/08 07:48:00,649.00,641.94
2024/11/08 07:48:00,650.00,642.20
2024/11/08 07:48:00,651.00,641.59
2024/11/08 07:48:00,652.00,638.78
2024/11/08 07:48:00,653.00,633.35
2024/11/08 07:48:00,654.00,626.43
2024/11/08 07:48:00,655.00,621.24
2024/11/08 07:48:00,656.00,618.73
2024/11/08 07:48:00,657.00,619.09
2024/11/08 07:48:00,658.00,623.48
2024/11/08 07:48:00,659.00,629.00
2024/11/08 07:48:00,660.00,632.44
2024/11/08 07:48:00,661.00,634.06
2024/11/08 07:48:00,662.00,636.42
2024/11/08 07:48:00,663.00,637.60
2024/11/08 07:48:00,664.00,639.59
2024/11/08 07:48:00,665.00,641.66
2024/11/08 07:48:00,666.00,643.53
2024/11/08 07:48:00,667.00,644.62
2024/11/08 07:48:00,668.00,644.76
2024/11/08 07:48:00,669.00,642.90
2024/11/08 07:48:00,670.00,642.99
2024/11/08 07:48:00,671.00,642.83
2024/11/08 07:48:00,672.00,641.42
2024/11/08 07:48:00,673.00,642.05
2024/11/08 07:48:00,674.00,642.74
2024/11/08 07:48:00,675.00,641.68
2024/11/08 07:48:00,676.00,642.19
2024/11/08 07:48:00,677.00,642.11
2024/11/08 07:48:00,678.00,641.03
2024/11/08 07:48:00,679.00,640.72
2024/11/08 07:48:00,680.00,639.81
2024/11/08 07:48:00,681.00,637.51
2024/11/08 07:48:00,682.00,636.29
2024/11/08 07:48:00,683.00,629.21
2024/11/08 07:48:00,684.00,615.74
2024/11/08 07:48:00,685.00,599.60
2024/11/08 07:48:00,686.00,581.24
2024/11/08 07:48:00,687.00,563.95
2024/11/08 07:48:00,688.00,553.36
2024/11/08 07:48:00,689.00,550.55
2024/11/08 07:48:00,690.00,554.87
2024/11/08 07:48:00,691.00,563.38
2024/11/08 07:48:00,692.00,571.67
2024/11/08 07:48:00,693.00,581.00
2024/11/08 07:48:00,694.00,589.08
2024/11/08 07:48:00,695.00,594.22
2024/11/08 07:48:00,696.00,598.29
2024/11/08 07:48:00,697.00,600.53
2024/11/08 07:48:00,698.00,600.29
2024/11/08 07:48:00,699.00,600.18
2024/11/08 07:48:00,700.00,599.36
2024/11/08 07:48:00,701.00,599.61
2024/11/08 07:48:00,702.00,601.58
2024/11/08 07:48:00,703.00,602.55
2024/11/08 07:48:00,704.00,603.59
2024/11/08 07:48:00,705.00,604.52
2024/11/08 07:48:00,706.00,602.89
2024/11/08 07:48:00,707.00,602.45
2024/11/08 07:48:00,708.00,602.69
2024/11/08 07:48:00,709.00,601.04
2024/11/08 07:48:00,710.00,601.12
2024/11/08 07:48:00,711.00,600.80
2024/11/08 07:48:00,712.00,599.16
2024/11/08 07:48:00,713.00,597.06
2024/11/08 07:48:00,714.00,593.80
2024/11/08 07:48:00,715.00,585.63
2024/11/08 07:48:00,716.00,576.66
2024/11/08 07:48:00,717.00,566.31
2024/11/08 07:48:00,718.00,557.49
2024/11/08 07:48:00,719.00,552.94
2024/11/08 07:48:00,720.00,550.51
2024/11/08 07:48:00,721.00,549.00
2024/11/08 07:48:00,722.00,549.81
2024/11/08 07:48:00,723.00,550.03
2024/11/08 07:48:00,724.00,548.38
2024/11/08 07:48:00,725.00,549.18
2024/11/08 07:48:00,726.00,550.48
2024/11/08 07:48:00,727.00,549.03
2024/11/08 07:48:00,728.00,551.08
2024/11/08 07:48:00,729.00,553.24
2024/11/08 07:48:00,730.00,554.50
2024/11/08 07:48:00,731.00,557.54
2024/11/08 07:48:00,732.00,560.00
2024/11/08 07:48:00,733.00,561.34
2024/11/08 07:48:00,734.00,563.83
2024/11/08 07:48:00,735.00,563.12
2024/11/08 07:48:00,736.00,563.21
2024/11/08 07:48:00,737.00,563.16
2024/11/08 07:48:00,738.00,560.82
2024/11/08 07:48:00,739.00,559.43
2024/11/08 07:48:00,740.00,561.03
2024/11/08 07:48:00,741.00,559.22
2024/11/08 07:48:00,742.00,560.41
2024/11/08 07:48:00,743.00,561.69
2024/11/08 07:48:00,744.00,560.62
2024/11/08 07:48:00,745.00,559.59
2024/11/08 07:48:00,746.00,559.01
2024/11/08 07:48:00,747.00,557.62
2024/11/08 07:48:00,748.00,557.79
2024/11/08 07:48:00,749.00,557.53
2024/11/08 07:48:00,750.00,557.60
2024/11/08 07:48:00,751.00,559.11
2024/11/08 07:48:00,752.00,557.27
2024/11/08 07:48:00,753.00,556.27
2024/11/08 07:48:00,754.00,554.69
2024/11/08 07:48:00,755.00,548.28
2024/11/08 07:48:00,756.00,534.83
2024/11/08 07:48:00,757.00,506.73
2024/11/08 07:48:00,758.00,465.23
2024/11/08 07:48:00,759.00,424.40
2024/11/08 07:48:00,760.00,382.65
2024/11/08 07:48:00,761.00,348.63
2024/11/08 07:48:00,762.00,335.15
2024/11/08 07:48:00,763.00,336.04
2024/11/08 07:48:00,764.00,343.84
2024/11/08 07:48:00,765.00,361.01
2024/11/08 07:48:00,766.00,381.04
2024/11/08 07:48:00,767.00,402.88
2024/11/08 07:48:00,768.00,425.19
2024/11/08 07:48:00,769.00,444.16
2024/11/08 07:48:00,770.00,464.49
2024/11/08 07:48:00,771.00,482.12
2024/11/08 07:48:00,772.00,494.33
2024/11/08 07:48:00,773.00,505.67
2024/11/08 07:48:00,774.00,512.82
2024/11/08 07:48:00,775.00,514.27
2024/11/08 07:48:00,776.00,519.56
2024/11/08 07:48:00,777.00,520.88
2024/11/08 07:48:00,778.00,520.39
2024/11/08 07:48:00,779.00,522.31
2024/11/08 07:48:00,780.00,521.45
2024/11/08 07:48:00,781.00,518.32
2024/11/08 07:48:00,782.00,518.14
2024/11/08 07:48:00,783.00,517.03
2024/11/08 07:48:00,784.00,516.17
2024/11/08 07:48:00,785.00,518.53
2024/11/08 07:48:00,786.00,517.31
2024/11/08 07:48:00,787.00,518.62
2024/11/08 07:48:00,788.00,519.81
2024/11/08 07:48:00,789.00,516.14
2024/11/08 07:48:00,790.00,514.97
2024/11/08 07:48:00,791.00,513.41
2024/11/08 07:48:00,792.00,509.16
2024/11/08 07:48:00,793.00,508.32
2024/11/08 07:48:00,794.00,506.83
2024/11/08 07:48:00,795.00,505.77
2024/11/08 07:48:00,796.00,507.07
2024/11/08 07:48:00,797.00,505.54
2024/11/08 07:48:00,798.00,503.58
2024/11/08 07:48:00,799.00,504.45
2024/11/08 07:48:00,800.00,501.64
2024/11/08 07:48:00,801.00,499.72
2024/11/08 07:48:00,802.00,502.80
2024/11/08 07:48:00,803.00,500.89
2024/11/08 07:48:00,804.00,502.42
2024/11/08 07:48:00,805.00,505.35
2024/11/08 07:48:00,806.00,503.39
2024/11/08 07:48:00,807.00,503.47
2024/11/08 07:48:00,808.00,503.12
2024/11/08 07:48:00,809.00,498.41
2024/11/08 07:48:00,810.00,497.66
2024/11/08 07:48:00,811.00,495.57
2024/11/08 07:48:00,812.00,491.21
2024/11/08 07:48:00,813.00,488.36
2024/11/08 07:48:00,814.00,482.54
2024/11/08 07:48:00,815.00,477.55
2024/11/08 07:48:00,816.00,475.36
2024/11/08 07:48:00,817.00,470.49
2024/11/08 07:48:00,818.00,470.46
2024/11/08 07:48:00,819.00,470.69
2024/11/08 07:48:00,820.00,466.14
2024/11/08 07:48:00,821.00,467.52
2024/11/08 07:48:00,822.00,470.73
2024/11/08 07:48:00,823.00,468.47
2024/11/08 07:48:00,824.00,472.17
2024/11/08 07:48:00,825.00,476.07
2024/11/08 07:48:00,826.00,474.65
2024/11/08 07:48:00,827.00,474.52
2024/11/08 07:48:00,828.00,473.85
2024/11/08 07:48:00,829.00,471.00
2024/11/08 07:48:00,830.00,470.22
2024/11/08 07:48:00,831.00,467.64
2024/11/08 07:48:00,832.00,466.41
2024/11/08 07:48:00,833.00,464.31
2024/11/08 07:48:00,834.00,460.61
2024/11/08 07:48:00,835.00,461.19
2024/11/08 07:48:00,836.00,460.69
2024/11/08 07:48:00,837.00,457.70
2024/11/08 07:48:00,838.00,460.13
2024/11/08 07:48:00,839.00,460.76
2024/11/08 07:48:00,840.00,458.72
2024/11/08 07:48:00,841.00,459.27
2024/11/08 07:48:00,842.00,458.11
2024/11/08 07:48:00,843.00,455.64
2024/11/08 07:48:00,844.00,455.15
2024/11/08 07:48:00,845.00,454.87
2024/11/08 07:48:00,846.00,452.58
2024/11/08 07:48:00,847.00,449.30
2024/11/08 07:48:00,848.00,446.41
2024/11/08 07:48:00,849.00,444.03
2024/11/08 07:48:00,850.00,439.08
2024/11/08 07:48:00,851.00,434.11
2024/11/08 07:48:00,852.00,431.28
2024/11/08 07:48:00,853.00,427.75
2024/11/08 07:48:00,854.00,425.97
2024/11/08 07:48:00,855.00,428.29
2024/11/08 07:48:00,856.00,430.62
2024/11/08 07:48:00,857.00,433.20
2024/11/08 07:48:00,858.00,436.25
2024/11/08 07:48:00,859.00,436.56
2024/11/08 07:48:00,860.00,437.41
2024/11/08 07:48:00,861.00,438.41
2024/11/08 07:48:00,862.00,437.60
2024/11/08 07:48:00,863.00,434.20
2024/11/08 07:48:00,864.00,429.26
2024/11/08 07:48:00,865.00,425.85
2024/11/08 07:48:00,866.00,423.33
2024/11/08 07:48:00,867.00,421.72
2024/11/08 07:48:00,868.00,422.98
2024/11/08 07:48:00,869.00,426.48
2024/11/08 07:48:00,870.00,425.45
2024/11/08 07:48:00,871.00,425.57
2024/11/08 07:48:00,872.00,426.90
2024/11/08 07:48:00,873.00,426.46
2024/11/08 07:48:00,874.00,426.04
2024/11/08 07:48:00,875.00,427.13
2024/11/08 07:48:00,876.00,426.48
2024/11/08 07:48:00,877.00,425.37
2024/11/08 07:48:00,878.00,425.00
2024/11/08 07:48:00,879.00,422.92
2024/11/08 07:48:00,880.00,422.85
2024/11/08 07:48:00,881.00,420.64
2024/11/08 07:48:00,882.00,420.50
2024/11/08 07:48:00,883.00,420.32
2024/11/08 07:48:00,884.00,418.93
2024/11/08 07:48:00,885.00,418.45
2024/11/08 07:48:00,886.00,419.58
2024/11/08 07:48:00,887.00,417.92
2024/11/08 07:48:00,888.00,417.38
2024/11/08 07:48:00,889.00,417.40
2024/11/08 07:48:00,890.00,414.50
2024/11/08 07:48:00,891.00,412.12
2024/11/08 07:48:00,892.00,408.80
2024/11/08 07:48:00,893.00,403.04
2024/11/08 07:48:00,894.00,396.46
2024/11/08 07:48:00,895.00,390.11
2024/11/08 07:48:00,896.00,382.89
2024/11/08 07:48:00,897.00,374.45
2024/11/08 07:48:00,898.00,368.32
2024/11/08 07:48:00,899.00,363.39
2024/11/08 07:48:00,900.00,359.76
2024/11/08 07:48:00,901.00,357.86
2024/11/08 07:48:00,902.00,361.25
2024/11/08 07:48:00,903.00,363.11
2024/11/08 07:48:00,904.00,362.95
2024/11/08 07:48:00,905.00,363.60
2024/11/08 07:48:00,906.00,361.82
2024/11/08 07:48:00,907.00,357.88
2024/11/08 07:48:00,908.00,355.69
2024/11/08 07:48:00,909.00,353.15
2024/11/08 07:48:00,910.00,351.11
2024/11/08 07:48:00,911.00,350.23
2024/11/08 07:48:00,912.00,348.91
2024/11/08 07:48:00,913.00,347.37
2024/11/08 07:48:00,914.00,346.37
2024/11/08 07:48:00,915.00,345.71
2024/11/08 07:48:00,916.00,346.26
2024/11/08 07:48:00,917.00,347.00
2024/11/08 07:48:00,918.00,349.65
2024/11/08 07:48:00,919.00,351.74
2024/11/08 07:48:00,920.00,351.83
2024/11/08 07:48:00,921.00,351.82
2024/11/08 07:48:00,922.00,352.04
2024/11/08 07:48:00,923.00,350.11
2024/11/08 07:48:00,924.00,349.80
2024/11/08 07:48:00,925.00,348.50
2024/11/08 07:48:00,926.00,343.54
2024/11/08 07:48:00,927.00,336.51
2024/11/08 07:48:00,928.00,325.96
2024/11/08 07:48:00,929.00,310.72
2024/11/08 07:48:00,930.00,294.58
2024/11/08 07:48:00,931.00,276.90
2024/11/08 07:48:00,932.00,258.67
2024/11/08 07:48:00,933.00,243.94
2024/11/08 07:48:00,934.00,232.33
2024/11/08 07:48:00,935.00,225.09
2024/11/08 07:48:00,936.00,224.30
2024/11/08 07:48:00,937.00,226.28
2024/11/08 07:48:00,938.00,231.07
2024/11/08 07:48:00,939.00,236.02
2024/11/08 07:48:00,940.00,238.16
2024/11/08 07:48:00,941.00,240.18
2024/11/08 07:48:00,942.00,238.96
2024/11/08 07:48:00,943.00,236.02
2024/11/08 07:48:00,944.00,235.55
2024/11/08 07:48:00,945.00,236.19
2024/11/08 07:48:00,946.00,236.23
2024/11/08 07:48:00,947.00,238.47
2024/11/08 07:48:00,948.00,240.21
2024/11/08 07:48:00,949.00,241.01
2024/11/08 07:48:00,950.00,241.54
2024/11/08 07:48:00,951.00,242.38
2024/11/08 07:48:00,952.00,243.68
2024/11/08 07:48:00,953.00,244.87
2024/11/08 07:48:00,954.00,247.04
2024/11/08 07:48:00,955.00,249.92
2024/11/08 07:48:00,956.00,251.18
2024/11/08 07:48:00,957.00,253.74
2024/11/08 07:48:00,958.00,257.30
2024/11/08 07:48:00,959.00,259.61
2024/11/08 07:48:00,960.00,264.14
2024/11/08 07:48:00,961.00,268.26
2024/11/08 07:48:00,962.00,271.54
2024/11/08 07:48:00,963.00,276.62
2024/11/08 07:48:00,964.00,280.61
2024/11/08 07:48:00,965.00,285.35
2024/11/08 07:48:00,966.00,291.79
2024/11/08 07:48:00,967.00,296.64
2024/11/08 07:48:00,968.00,302.13
2024/11/08 07:48:00,969.00,307.19
2024/11/08 07:48:00,970.00,308.66
2024/11/08 07:48:00,971.00,310.89
2024/11/08 07:48:00,972.00,311.13
2024/11/08 07:48:00,973.00,309.23
2024/11/08 07:48:00,974.00,309.01
2024/11/08 07:48:00,975.00,309.08
2024/11/08 07:48:00,976.00,309.55
2024/11/08 07:48:00,977.00,311.78
2024/11/08 07:48:00,978.00,313.27
2024/11/08 07:48:00,979.00,315.43
2024/11/08 07:48:00,980.00,317.58
2024/11/08 07:48:00,981.00,318.74
2024/11/08 07:48:00,982.00,320.54
2024/11/08 07:48:00,983.00,322.33
2024/11/08 07:48:00,984.00,323.03
2024/11/08 07:48:00,985.00,325.40
2024/11/08 07:48:00,986.00,326.42
2024/11/08 07:48:00,987.00,326.95
2024/11/08 07:48:00,988.00,328.46
2024/11/08 07:48:00,989.00,328.90
2024/11/08 07:48:00,990.00,330.09
2024/11/08 07:48:00,991.00,331.83
2024/11/08 07:48:00,992.00,331.21
2024/11/08 07:48:00,993.00,331.46
2024/11/08 07:48:00,994.00,330.99
2024/11/08 07:48:00,995.00,329.11
2024/11/08 07:48:00,996.00,329.52
2024/11/08 07:48:00,997.00,328.84
2024/11/08 07:48:00,998.00,327.66
2024/11/08 07:48:00,999.00,326.72
2024/11/08 07:48:00,1000.00,324.62
2024/11/08 07:48:00,1001.00,322.83
2024/11/08 07:48:00,1002.00,320.13
2024/11/08 07:48:00,1003.00,319.07
2024/11/08 07:48:00,1004.00,318.62
2024/11/08 07:48:00,1005.00,317.37
2024/11/08 07:48:00,1006.00,316.07
2024/11/08 07:48:00,1007.00,316.68
2024/11/08 07:48:00,1008.00,314.96
2024/11/08 07:48:00,1009.00,315.70
2024/11/08 07:48:00,1010.00,317.18
2024/11/08 07:48:00,1011.00,316.68
2024/11/08 07:48:00,1012.00,317.96
2024/11/08 07:48:00,1013.00,318.24
2024/11/08 07:48:00,1014.00,316.20
2024/11/08 07:48:00,1015.00,317.00
2024/11/08 07:48:00,1016.00,315.15
2024/11/08 07:48:00,1017.00,313.37
2024/11/08 07:48:00,1018.00,313.43
2024/11/08 07:48:00,1019.00,310.69
2024/11/08 07:48:00,1020.00,310.62
2024/11/08 07:48:00,1021.00,310.45
2024/11/08 07:48:00,1022.00,306.72
2024/11/08 07:48:00,1023.00,306.97
2024/11/08 07:48:00,1024.00,306.96
2024/11/08 07:48:00,1025.00,305.56
2024/11/08 07:48:00,1026.00,307.02
2024/11/08 07:48:00,1027.00,307.90
2024/11/08 07:48:00,1028.00,306.59
2024/11/08 07:48:00,1029.00,306.74
2024/11/08 07:48:00,1030.00,305.11
2024/11/08 07:48:00,1031.00,304.62
2024/11/08 07:48:00,1032.00,304.28
2024/11/08 07:48:00,1033.00,303.32
2024/11/08 07:48:00,1034.00,304.22
2024/11/08 07:48:00,1035.00,301.98
2024/11/08 07:48:00,1036.00,301.84
2024/11/08 07:48:00,1037.00,302.13
2024/11/08 07:48:00,1038.00,299.43
2024/11/08 07:48:00,1039.00,298.07
2024/11/08 07:48:00,1040.00,298.52
2024/11/08 07:48:00,1041.00,297.09
2024/11/08 07:48:00,1042.00,297.36
2024/11/08 07:48:00,1043.00,297.72
2024/11/08 07:48:00,1044.00,295.73
2024/11/08 07:48:00,1045.00,295.51
2024/11/08 07:48:00,1046.00,294.71
2024/11/08 07:48:00,1047.00,293.49
2024/11/08 07:48:00,1048.00,291.92
2024/11/08 07:48:00,1049.00,291.00
2024/11/08 07:48:00,1050.00,290.98
2024/11/08 07:48:00,1051.00,292.08
2024/11/08 07:48:00,1052.00,292.36
2024/11/08 07:48:00,1053.00,293.47
2024/11/08 07:48:00,1054.00,291.56
2024/11/08 07:48:00,1055.00,290.94
2024/11/08 07:48:00,1056.00,291.99
2024/11/08 07:48:00,1057.00,287.08
2024/11/08 07:48:00,1058.00,285.47
2024/11/08 07:48:00,1059.00,286.36
2024/11/08 07:48:00,1060.00,284.22
2024/11/08 07:48:00,1061.00,283.74
2024/11/08 07:48:00,1062.00,284.34
2024/11/08 07:48:00,1063.00,283.80
2024/11/08 07:48:00,1064.00,284.39
2024/11/08 07:48:00,1065.00,282.13
2024/11/08 07:48:00,1066.00,283.37
2024/11/08 07:48:00,1067.00,282.13
2024/11/08 07:48:00,1068.00,279.03
2024/11/08 07:48:00,1069.00,280.37
2024/11/08 07:48:00,1070.00,276.00
2024/11/08 07:48:00,1071.00,271.23
2024/11/08 07:48:00,1072.00,273.27
2024/11/08 07:48:00,1073.00,268.53
2024/11/08 07:48:00,1074.00,266.15
2024/11/08 07:48:00,1075.00,271.05
2024/11/08 07:48:00,1076.00,266.91
2024/11/08 07:48:00,1077.00,268.41
2024/11/08 07:48:00,1078.00,270.86
2024/11/08 07:48:00,1079.00,268.39
2024/11/08 07:48:00,1080.00,271.37
2024/11/08 07:48:00,1081.00,273.72
2024/11/08 07:48:00,1082.00,272.43
2024/11/08 07:48:00,1083.00,274.10
2024/11/08 07:48:00,1084.00,270.62
2024/11/08 07:48:00,1085.00,271.35
2024/11/08 07:48:00,1086.00,271.64
2024/11/08 07:48:00,1087.00,268.78
2024/11/08 07:48:00,1088.00,272.03
2024/11/08 07:48:00,1089.00,266.87
2024/11/08 07:48:00,1090.00,260.23
2024/11/08 07:48:00,1091.00,263.46
2024/11/08 07:48:00,1092.00,255.82
2024/11/08 07:48:00,1093.00,259.29
2024/11/08 07:48:00,1094.00,266.85
2024/11/08 07:48:00,1095.00,261.72
2024/11/08 07:48:00,1096.00,266.57
2024/11/08 07:48:00,1097.00,263.80
2024/11/08 07:48:00,1098.00,258.23
2024/11/08 07:48:00,1099.00,261.76
2024/11/08 07:48:00,1100.00,252.44
2024/11/08 07:49:00,Wavelength(nm),Irradiance(W/m2/um)
2024/11/08 07:49:00,300.00,9.76
2024/11/08 07:49:00,301.00,10.90
2024/11/08 07:49:00,302.00,11.98
2024/11/08 07:49:00,303.00,13.45
2024/11/08 07:49:00,304.00,15.51
2024/11/08 07:49:00,305.00,17.31
2024/11/08 07:49:00,306.00,19.89
2024/11/08 07:49:00,307.00,23.29
2024/11/08 07:49:00,308.00,27.09
2024/11/08 07:49:00,309.00,32.03
2024/11/08 07:49:00,310.00,37.89
2024/11/08 07:49:00,311.00,43.84
2024/11/08 07:49:00,312.00,50.45
2024/11/08 07:49:00,313.00,57.57
2024/11/08 07:49:00,314.00,65.19
2024/11/08 07:49:00,315.00,73.32
2024/11/08 07:49:00,316.00,81.75
2024/11/08 07:49:00,317.00,90.85
2024/11/08 07:49:00,318.00,99.45
2024/11/08 07:49:00,319.00,107.01
2024/11/08 07:49:00,320.00,114.61
2024/11/08 07:49:00,321.00,123.08
2024/11/08 07:49:00,322.00,132.56
2024/11/08 07:49:00,323.00,143.92
2024/11/08 07:49:00,324.00,156.44
2024/11/08 07:49:00,325.00,169.68
2024/11/08 07:49:00,326.00,183.45
2024/11/08 07:49:00,327.00,196.21
2024/11/08 07:49:00,328.00,206.40
2024/11/08 07:49:00,329.00,215.23
2024/11/08 07:49:00,330.00,222.76
2024/11/08 07:49:00,331.00,227.82
2024/11/08 07:49:00,332.00,231.05
2024/11/08 07:49:00,333.00,232.59
2024/11/08 07:49:00,334.00,233.42
2024/11/08 07:49:00,335.00,233.84
2024/11/08 07:49:00,336.00,234.99
2024/11/08 07:49:00,337.00,237.13
2024/11/08 07:49:00,338.00,241.12
2024/11/08 07:49:00,339.00,245.82
2024/11/08 07:49:00,340.00,250.12
2024/11/08 07:49:00,341.00,252.71
2024/11/08 07:49:00,342.00,253.96
2024/11/08 07:49:00,343.00,254.88
2024/11/08 07:49:00,344.00,255.22
2024/11/08 07:49:00,345.00,255.12
2024/11/08 07:49:00,346.00,255.98
2024/11/08 07:49:00,347.00,258.70
2024/11/08 07:49:00,348.00,262.09
2024/11/08 07:49:00,349.00,265.62
2024/11/08 07:49:00,350.00,270.14
2024/11/08 07:49:00,351.00,276.65
2024/11/08 07:49:00,352.00,282.78
2024/11/08 07:49:00,353.00,286.55
2024/11/08 07:49:00,354.00,286.96
2024/11/08 07:49:00,355.00,283.47
2024/11/08 07:49:00,356.00,278.81
2024/11/08 07:49:00,357.00,274.45
2024/11/08 07:49:00,358.00,270.74
2024/11/08 07:49:00,359.00,271.16
2024/11/08 07:49:00,360.00,277.29
2024/11/08 07:49:00,361.00,283.88
2024/11/08 07:49:00,362.00,292.06
2024/11/08 07:49:00,363.00,304.63
2024/11/08 07:49:00,364.00,318.24
2024/11/08 07:49:00,365.00,328.99
2024/11/08 07:49:00,366.00,338.90
2024/11/08 07:49:00,367.00,346.24
2024/11/08 07:49:00,368.00,349.88
2024/11/08 07:49:00,369.00,348.93
2024/11/08 07:49:00,370.00,344.14
2024/11/08 07:49:00,371.00,335.55
2024/11/08 07:49:00,372.00,326.98
2024/11/08 07:49:00,373.00,321.01
2024/11/08 07:49:00,374.00,321.62
2024/11/08 07:49:00,375.00,330.45
2024/11/08 07:49:00,376.00,342.39
2024/11/08 07:49:00,377.00,354.09
2024/11/08 07:49:00,378.00,362.27
2024/11/08 07:49:00,379.00,360.33
2024/11/08 07:49:00,380.00,345.81
2024/11/08 07:49:00,381.00,329.16
2024/11/08 07:49:00,382.00,315.51
2024/11/08 07:49:00,383.00,305.03
2024/11/08 07:49:00,384.00,301.36
2024/11/08 07:49:00,385.00,307.01
2024/11/08 07:49:00,386.00,316.82
2024/11/08 07:49:00,387.00,329.56
2024/11/08 07:49:00,388.00,344.76
2024/11/08 07:49:00,389.00,356.96
2024/11/08 07:49:00,390.00,358.84
2024/11/08 07:49:00,391.00,353.67
2024/11/08 07:49:00,392.00,348.59
2024/11/08 07:49:00,393.00,339.81
2024/11/08 07:49:00,394.00,329.52
2024/11/08 07:49:00,395.00,335.01
2024/11/08 07:49:00,396.00,360.16
2024/11/08 07:49:00,397.00,389.61
2024/11/08 07:49:00,398.00,424.69
2024/11/08 07:49:00,399.00,467.38
2024/11/08 07:49:00,400.00,505.78
2024/11/08 07:49:00,401.00,529.93
2024/11/08 07:49:00,402.00,543.35
2024/11/08 07:49:00,403.00,546.65
2024/11/08 07:49:00,404.00,544.09
2024/11/08 07:49:00,405.00,541.17
2024/11/08 07:49:00,406.00,540.63
2024/11/08 07:49:00,407.00,541.07
2024/11/08 07:49:00,408.00,544.23
2024/11/08 07:49:00,409.00,551.81
2024/11/08 07:49:00,410.00,559.78
2024/11/08 07:49:00,411.00,566.93
2024/11/08 07:49:00,412.00,574.47
2024/11/08 07:49:00,413.00,582.51
2024/11/08 07:49:00,414.00,587.74
2024/11/08 07:49:00,415.00,589.00
2024/11/08 07:49:00,416.00,588.19
2024/11/08 07:49:00,417.00,587.83
2024/11/08 07:49:00,418.00,588.29
2024/11/08 07:49:00,419.00,588.90
2024/11/08 07:49:00,420.00,590.15
2024/11/08 07:49:00,421.00,591.78
2024/11/08 07:49:00,422.00,592.97
2024/11/08 07:49:00,423.00,592.66
2024/11/08 07:49:00,424.00,590.93
2024/11/08 07:49:00,425.00,588.32
2024/11/08 07:49:00,426.00,583.81
2024/11/08 07:49:00,427.00,572.52
2024/11/08 07:49:00,428.00,557.80
2024/11/08 07:49:00,429.00,548.41
2024/11/08 07:49:00,430.00,548.14
2024/11/08 07:49:00,431.00,554.58
2024/11/08 07:49:00,432.00,569.72
2024/11/08 07:49:00,433.00,592.84
2024/11/08 07:49:00,434.00,615.43
2024/11/08 07:49:00,435.00,627.38
2024/11/08 07:49:00,436.00,632.53
2024/11/08 07:49:00,437.00,636.97
2024/11/08 07:49:00,438.00,641.49
2024/11/08 07:49:00,439.00,645.72
2024/11/08 07:49:00,440.00,654.97
2024/11/08 07:49:00,441.00,670.00
2024/11/08 07:49:00,442.00,682.68
2024/11/08 07:49:00,443.00,691.42
2024/11/08 07:49:00,444.00,698.43
2024/11/08 07:49:00,445.00,704.53
2024/11/08 07:49:00,446.00,710.04
2024/11/08 07:49:00,447.00,720.62
2024/11/08 07:49:00,448.00,733.84
2024/11/08 07:49:00,449.00,744.63
2024/11/08 07:49:00,450.00,750.23
2024/11/08 07:49:00,451.00,751.70
2024/11/08 07:49:00,452.00,750.70
2024/11/08 07:49:00,453.00,748.54
2024/11/08 07:49:00,454.00,749.52
2024/11/08 07:49:00,455.00,753.39
2024/11/08 07:49:00,456.00,758.80
2024/11/08 07:49:00,457.00,763.34
2024/11/08 07:49:00,458.00,768.12
2024/11/08 07:49:00,459.00,772.66
2024/11/08 07:49:00,460.00,776.64
2024/11/08 07:49:00,461.00,780.29
2024/11/08 07:49:00,462.00,782.91
2024/11/08 07:49:00,463.00,782.74
2024/11/08 07:49:00,464.00,778.85
2024/11/08 07:49:00,465.00,773.58
2024/11/08 07:49:00,466.00,770.24
2024/11/08 07:49:00,467.00,767.83
2024/11/08 07:49:00,468.00,766.36
2024/11/08 07:49:00,469.00,767.13
2024/11/08 07:49:00,470.00,769.40
2024/11/08 07:49:00,471.00,770.70
2024/11/08 07:49:00,472.00,772.72
2024/11/08 07:49:00,473.00,775.21
2024/11/08 07:49:00,474.00,776.50
2024/11/08 07:49:00,475.00,777.46
2024/11/08 07:49:00,476.00,780.35
2024/11/08 07:49:00,477.00,784.02
2024/11/08 07:49:00,478.00,787.35
2024/11/08 07:49:00,479.00,790.51
2024/11/08 07:49:00,480.00,794.26
2024/11/08 07:49:00,481.00,793.59
2024/11/08 07:49:00,482.00,787.10
2024/11/08 07:49:00,483.00,774.75
2024/11/08 07:49:00,484.00,758.18
2024/11/08 07:49:00,485.00,742.75
2024/11/08 07:49:00,486.00,733.46
2024/11/08 07:49:00,487.00,731.23
2024/11/08 07:49:00,488.00,736.97
2024/11/08 07:49:00,489.00,746.39
2024/11/08 07:49:00,490.00,753.22
2024/11/08 07:49:00,491.00,759.00
2024/11/08 07:49:00,492.00,763.54
2024/11/08 07:49:00,493.00,765.42
2024/11/08 07:49:00,494.00,768.64
2024/11/08 07:49:00,495.00,772.44
2024/11/08 07:49:00,496.00,771.84
2024/11/08 07:49:00,497.00,767.37
2024/11/08 07:49:00,498.00,762.66
2024/11/08 07:49:00,499.00,756.59
2024/11/08 07:49:00,500.00,749.52
2024/11/08 07:49:00,501.00,744.82
2024/11/08 07:49:00,502.00,744.29
2024/11/08 07:49:00,503.00,745.80
2024/11/08 07:49:00,504.00,749.02
2024/11/08 07:49:00,505.00,753.28
2024/11/08 07:49:00,506.00,756.43
2024/11/08 07:49:00,507.00,758.26
2024/11/08 07:49:00,508.00,759.66
2024/11/08 07:49:00,509.00,759.95
2024/11/08 07:49:00,510.00,758.08
2024/11/08 07:49:00,511.00,755.44
2024/11/08 07:49:00,512.00,751.72
2024/11/08 07:49:00,513.00,744.81
2024/11/08 07:49:00,514.00,732.10
2024/11/08 07:49:00,515.00,719.12
2024/11/08 07:49:00,516.00,708.94
2024/11/08 07:49:00,517.00,702.64
2024/11/08 07:49:00,518.00,698.71
2024/11/08 07:49:00,519.00,703.33
2024/11/08 07:49:00,520.00,712.35
2024/11/08 07:49:00,521.00,720.67
2024/11/08 07:49:00,522.00,727.81
2024/11/08 07:49:00,523.00,731.88
2024/11/08 07:49:00,524.00,731.43
2024/11/08 07:49:00,525.00,729.30
2024/11/08 07:49:00,526.00,730.40
2024/11/08 07:49:00,527.00,730.58
2024/11/08 07:49:00,528.00,733.92
2024/11/08 07:49:00,529.00,738.91
2024/11/08 07:49:00,530.00,742.37
2024/11/08 07:49:00,531.00,743.19
2024/11/08 07:49:00,532.00,742.84
2024/11/08 07:49:00,533.00,742.50
2024/11/08 07:49:00,534.00,742.78
2024/11/08 07:49:00,535.00,743.72
2024/11/08 07:49:00,536.00,742.15
2024/11/08 07:49:00,537.00,740.83
2024/11/08 07:49:00,538.00,736.62
2024/11/08 07:49:00,539.00,731.61
2024/11/08 07:49:00,540.00,728.71
2024/11/08 07:49:00,541.00,727.39
2024/11/08 07:49:00,542.00,727.64
2024/11/08 07:49:00,543.00,728.96
2024/11/08 07:49:00,544.00,731.42
2024/11/08 07:49:00,545.00,732.74
2024/11/08 07:49:00,546.00,733.62
2024/11/08 07:49:00,547.00,733.03
2024/11/08 07:49:00,548.00,732.91
2024/11/08 07:49:00,549.00,732.87
2024/11/08 07:49:00,550.00,732.06
2024/11/08 07:49:00,551.00,732.45
2024/11/08 07:49:00,552.00,733.02
2024/11/08 07:49:00,553.00,732.19
2024/11/08 07:49:00,554.00,730.86
2024/11/08 07:49:00,555.00,728.63
2024/11/08 07:49:00,556.00,723.92
2024/11/08 07:49:00,557.00,719.01
2024/11/08 07:49:00,558.00,715.43
2024/11/08 07:49:00,559.00,714.20
2024/11/08 07:49:00,560.00,711.85
2024/11/08 07:49:00,561.00,712.52
2024/11/08 07:49:00,562.00,712.10
2024/11/08 07:49:00,563.00,710.46
2024/11/08 07:49:00,564.00,708.60
2024/11/08 07:49:00,565.00,708.39
2024/11/08 07:49:00,566.00,707.02
2024/11/08 07:49:00,567.00,704.54
2024/11/08 07:49:00,568.00,702.71
2024/11/08 07:49:00,569.00,700.96
2024/11/08 07:49:00,570.00,699.64
2024/11/08 07:49:00,571.00,698.43
2024/11/08 07:49:00,572.00,698.80
2024/11/08 07:49:00,573.00,699.45
2024/11/08 07:49:00,574.00,699.33
2024/11/08 07:49:00,575.00,697.43
2024/11/08 07:49:00,576.00,696.26
2024/11/08 07:49:00,577.00,695.88
2024/11/08 07:49:00,578.00,695.24
2024/11/08 07:49:00,579.00,696.01
2024/11/08 07:49:00,580.00,699.98
2024/11/08 07:49:00,581.00,702.82
2024/11/08 07:49:00,582.00,703.62
2024/11/08 07:49:00,583.00,706.32
2024/11/08 07:49:00,584.00,706.37
2024/11/08 07:49:00,585.00,703.82
2024/11/08 07:49:00,586.00,698.67
2024/11/08 07:49:00,587.00,694.32
2024/11/08 07:49:00,588.00,689.62
2024/11/08 07:49:00,589.00,685.87
2024/11/08 07:49:00,590.00,683.69
2024/11/08 07:49:00,591.00,685.15
2024/11/08 07:49:00,592.00,686.11
2024/11/08 07:49:00,593.00,687.44
2024/11/08 07:49:00,594.00,688.69
2024/11/08 07:49:00,595.00,688.74
2024/11/08 07:49:00,596.00,687.12
2024/11/08 07:49:00,597.00,686.65
2024/11/08 07:49:00,598.00,684.60
2024/11/08 07:49:00,599.00,681.88
2024/11/08 07:49:00,600.00,680.28
2024/11/08 07:49:00,601.00,681.12
2024/11/08 07:49:00,602.00,680.76
2024/11/08 07:49:00,603.00,681.09
2024/11/08 07:49:00,604.00,682.41
2024/11/08 07:49:00,605.00,681.91
2024/11/08 07:49:00,606.00,679.33
2024/11/08 07:49:00,607.00,678.14
2024/11/08 07:49:00,608.00,676.77
2024/11/08 07:49:00,609.00,675.21
2024/11/08 07:49:00,610.00,672.96
2024/11/08 07:49:00,611.00,671.20
2024/11/08 07:49:00,612.00,670.39
2024/11/08 07:49:00,613.00,666.06
2024/11/08 07:49:00,614.00,662.20
2024/11/08 07:49:00,615.00,661.82
2024/11/08 07:49:00,616.00,661.90
2024/11/08 07:49:00,617.00,661.37
2024/11/08 07:49:00,618.00,663.74
2024/11/08 07:49:00,619.00,665.80
2024/11/08 07:49:00,620.00,664.57
2024/11/08 07:49:00,621.00,663.78
2024/11/08 07:49:00,622.00,662.07
2024/11/08 07:49:00,623.00,660.76
2024/11/08 07:49:00,624.00,658.07
2024/11/08 07:49:00,625.00,655.97
2024/11/08 07:49:00,626.00,652.43
2024/11/08 07:49:00,627.00,649.27
2024/11/08 07:49:00,628.00,645.85
2024/11/08 07:49:00,629.00,644.73
2024/11/08 07:49:00,630.00,643.67
2024/11/08 07:49:00,631.00,643.51
2024/11/08 07:49:00,632.00,645.15
2024/11/08 07:49:00,633.00,647.20
2024/11/08 07:49:00,634.00,648.13
2024/11/08 07:49:00,635.00,651.15
2024/11/08 07:49:00,636.00,653.71
2024/11/08 07:49:00,637.00,655.03
2024/11/08 07:49:00,638.00,654.66
2024/11/08 07:49:00,639.00,655.69
2024/11/08 07:49:00,640.00,654.47
2024/11/08 07:49:00,641.00,653.34
2024/11/08 07:49:00,642.00,652.74
2024/11/08 07:49:00,643.00,653.34
2024/11/08 07:49:00,644.00,652.77
2024/11/08 07:49:00,645.00,652.25
2024/11/08 07:49:00,646.00,651.11
2024/11/08 07:49:00,647.00,650.92
2024/11/08 07:49:00,648.00,649.32
2024/11/08 07:49:00,649.00,647.72
2024/11/08 07:49:00,650.00,647.52
2024/11/08 07:49:00,651.00,647.22
2024/11/08 07:49:00,652.00,642.51
2024/11/08 07:49:00,653.00,636.70
2024/11/08 07:49:00,654.00,629.64
2024/11/08 07:49:00,655.00,623.87
2024/11/08 07:49:00,656.00,619.45
2024/11/08 07:49:00,657.00,620.59
2024/11/08 07:49:00,658.00,624.48
2024/11/08 07:49:00,659.00,629.43
2024/11/08 07:49:00,660.00,632.64
2024/11/08 07:49:00,661.00,636.40
2024/11/08 07:49:00,662.00,637.26
2024/11/08 07:49:00,663.00,638.80
2024/11/08 07:49:00,664.00,640.69
2024/11/08 07:49:00,665.00,643.04
2024/11/08 07:49:00,666.00,644.41
2024/11/08 07:49:00,667.00,647.45
2024/11/08 07:49:00,668.00,647.77
2024/11/08 07:49:00,669.00,647.30
2024/11/08 07:49:00,670.00,646.80
2024/11/08 07:49:00,671.00,645.95
2024/11/08 07:49:00,672.00,644.97
2024/11/08 07:49:00,673.00,644.28
2024/11/08 07:49:00,674.00,644.71
2024/11/08 07:49:00,675.00,644.47
2024/11/08 07:49:00,676.00,644.12
2024/11/08 07:49:00,677.00,642.83
2024/11/08 07:49:00,678.00,644.04
2024/11/08 07:49:00,679.00,642.69
2024/11/08 07:49:00,680.00,641.44
2024/11/08 07:49:00,681.00,640.76
2024/11/08 07:49:00,682.00,639.03
2024/11/08 07:49:00,683.00,631.04
2024/11/08 07:49:00,684.00,618.93
2024/11/08 07:49:00,685.00,602.93
2024/11/08 07:49:00,686.00,585.96
2024/11/08 07:49:00,687.00,569.62
2024/11/08 07:49:00,688.00,558.71
2024/11/08 07:49:00,689.00,555.75
2024/11/08 07:49:00,690.00,560.41
2024/11/08 07:49:00,691.00,567.03
2024/11/08 07:49:00,692.00,575.76
2024/11/08 07:49:00,693.00,584.50
2024/11/08 07:49:00,694.00,591.35
2024/11/08 07:49:00,695.00,596.54
2024/11/08 07:49:00,696.00,600.01
2024/11/08 07:49:00,697.00,600.95
2024/11/08 07:49:00,698.00,602.10
2024/11/08 07:49:00,699.00,602.73
2024/11/08 07:49:00,700.00,601.72
2024/11/08 07:49:00,701.00,601.94
2024/11/08 07:49:00,702.00,603.85
2024/11/08 07:49:00,703.00,605.40
2024/11/08 07:49:00,704.00,605.76
2024/11/08 07:49:00,705.00,607.87
2024/11/08 07:49:00,706.00,608.41
2024/11/08 07:49:00,707.00,607.51
2024/11/08 07:49:00,708.00,606.14
2024/11/08 07:49:00,709.00,606.76
2024/11/08 07:49:00,710.00,606.81
2024/11/08 07:49:00,711.00,605.55
2024/11/08 07:49:00,712.00,604.82
2024/11/08 07:49:00,713.00,604.13
2024/11/08 07:49:00,714.00,598.23
2024/11/08 07:49:00,715.00,589.44
2024/11/08 07:49:00,716.00,581.89
2024/11/08 07:49:00,717.00,571.16
2024/11/08 07:49:00,718.00,560.75
2024/11/08 07:49:00,719.00,556.65
2024/11/08 07:49:00,720.00,554.09
2024/11/08 07:49:00,721.00,551.44
2024/11/08 07:49:00,722.00,551.98
2024/11/08 07:49:00,723.00,552.52
2024/11/08 07:49:00,724.00,551.66
2024/11/08 07:49:00,725.00,550.61
2024/11/08 07:49:00,726.00,550.79
2024/11/08 07:49:00,727.00,552.12
2024/11/08 07:49:00,728.00,551.96
2024/11/08 07:49:00,729.00,552.64
2024/11/08 07:49:00,730.00,556.99
2024/11/08 07:49:00,731.00,561.01
2024/11/08 07:49:00,732.00,562.17
2024/11/08 07:49:00,733.00,566.66
2024/11/08 07:49:00,734.00,569.03
2024/11/08 07:49:00,735.00,566.92
2024/11/08 07:49:00,736.00,565.96
2024/11/08 07:49:00,737.00,565.26
2024/11/08 07:49:00,738.00,563.50
2024/11/08 07:49:00,739.00,561.95
2024/11/08 07:49:00,740.00,562.71
2024/11/08 07:49:00,741.00,563.05
2024/11/08 07:49:00,742.00,563.07
2024/11/08 07:49:00,743.00,562.97
2024/11/08 07:49:00,744.00,565.16
2024/11/08 07:49:00,745.00,563.91
2024/11/08 07:49:00,746.00,561.74
2024/11/08 07:49:00,747.00,562.69
2024/11/08 07:49:00,748.00,561.57
2024/11/08 07:49:00,749.00,557.96
2024/11/08 07:49:00,750.00,559.33
2024/11/08 07:49:00,751.00,559.02
2024/11/08 07:49:00,752.00,556.89
2024/11/08 07:49:00,753.00,554.57
2024/11/08 07:49:00,754.00,552.53
2024/11/08 07:49:00,755.00,549.57
2024/11/08 07:49:00,756.00,536.21
2024/11/08 07:49:00,757.00,507.06
2024/11/08 07:49:00,758.00,469.99
2024/11/08 07:49:00,759.00,427.42
2024/11/08 07:49:00,760.00,384.10
2024/11/08 07:49:00,761.00,353.19
2024/11/08 07:49:00,762.00,338.51
2024/11/08 07:49:00,763.00,336.38
2024/11/08 07:49:00,764.00,347.70
2024/11/08 07:49:00,765.00,363.23
2024/11/08 07:49:00,766.00,382.14
2024/11/08 07:49:00,767.00,408.45
2024/11/08 07:49:00,768.00,431.90
2024/11/08 07:49:00,769.00,452.09
2024/11/08 07:49:00,770.00,470.40
2024/11/08 07:49:00,771.00,487.26
2024/11/08 07:49:00,772.00,499.51
2024/11/08 07:49:00,773.00,510.59
2024/11/08 07:49:00,774.00,515.68
2024/11/08 07:49:00,775.00,521.62
2024/11/08 07:49:00,776.00,522.93
2024/11/08 07:49:00,777.00,521.69
2024/11/08 07:49:00,778.00,521.29
2024/11/08 07:49:00,779.00,522.07
2024/11/08 07:49:00,780.00,518.34
2024/11/08 07:49:00,781.00,520.93
2024/11/08 07:49:00,782.00,520.36
2024/11/08 07:49:00,783.00,518.22
2024/11/08 07:49:00,784.00,518.41
2024/11/08 07:49:00,785.00,518.76
2024/11/08 07:49:00,786.00,516.91
2024/11/08 07:49:00,787.00,517.10
2024/11/08 07:49:00,788.00,516.89
2024/11/08 07:49:00,789.00,516.74
2024/11/08 07:49:00,790.00,513.28
2024/11/08 07:49:00,791.00,510.86
2024/11/08 07:49:00,792.00,510.87
2024/11/08 07:49:00,793.00,507.81
2024/11/08 07:49:00,794.00,504.70
2024/11/08 07:49:00,795.00,506.81
2024/11/08 07:49:00,796.00,506.06
2024/11/08 07:49:00,797.00,503.52
2024/11/08 07:49:00,798.00,506.03
2024/11/08 07:49:00,799.00,505.65
2024/11/08 07:49:00,800.00,502.88
2024/11/08 07:49:00,801.00,504.10
2024/11/08 07:49:00,802.00,504.70
2024/11/08 07:49:00,803.00,502.69
2024/11/08 07:49:00,804.00,503.99
2024/11/08 07:49:00,805.00,505.99
2024/11/08 07:49:00,806.00,506.31
2024/11/08 07:49:00,807.00,506.65
2024/11/08 07:49:00,808.00,506.51
2024/11/08 07:49:00,809.00,509.62
2024/11/08 07:49:00,810.00,505.68
2024/11/08 07:49:00,811.00,501.25
2024/11/08 07:49:00,812.00,500.45
2024/11/08 07:49:00,813.00,493.70
2024/11/08 07:49:00,814.00,483.48
2024/11/08 07:49:00,815.00,482.24
2024/11/08 07:49:00,816.00,478.51
2024/11/08 07:49:00,817.00,473.46
2024/11/08 07:49:00,818.00,475.56
2024/11/08 07:49:00,819.00,476.08
2024/11/08 07:49:00,820.00,475.23
2024/11/08 07:49:00,821.00,474.64
2024/11/08 07:49:00,822.00,476.48
2024/11/08 07:49:00,823.00,476.93
2024/11/08 07:49:00,824.00,475.83
2024/11/08 07:49:00,825.00,475.04
2024/11/08 07:49:00,826.00,476.87
2024/11/08 07:49:00,827.00,473.62
2024/11/08 07:49:00,828.00,470.28
2024/11/08 07:49:00,829.00,471.71
2024/11/08 07:49:00,830.00,471.11
2024/11/08 07:49:00,831.00,468.98
2024/11/08 07:49:00,832.00,472.75
2024/11/08 07:49:00,833.00,470.66
2024/11/08 07:49:00,834.00,467.40
2024/11/08 07:49:00,835.00,466.71
2024/11/08 07:49:00,836.00,466.77
2024/11/08 07:49:00,837.00,465.45
2024/11/08 07:49:00,838.00,464.27
2024/11/08 07:49:00,839.00,465.47
2024/11/08 07:49:00,840.00,466.67
2024/11/08 07:49:00,841.00,464.06
2024/11/08 07:49:00,842.00,461.50
2024/11/08 07:49:00,843.00,462.17
2024/11/08 07:49:00,844.00,457.90
2024/11/08 07:49:00,845.00,454.94
2024/11/08 07:49:00,846.00,454.42
2024/11/08 07:49:00,847.00,450.34
2024/11/08 07:49:00,848.00,447.03
2024/11/08 07:49:00,849.00,446.72
2024/11/08 07:49:00,850.00,442.18
2024/11/08 07:49:00,851.00,436.05
2024/11/08 07:49:00,852.00,432.07
2024/11/08 07:49:00,853.00,429.30
2024/11/08 07:49:00,854.00,427.46
2024/11/08 07:49:00,855.00,428.77
2024/11/08 07:49:00,856.00,432.34
2024/11/08 07:49:00,857.00,435.52
2024/11/08 07:49:00,858.00,435.44
2024/11/08 07:49:00,859.00,437.55
2024/11/08 07:49:00,860.00,439.22
2024/11/08 07:49:00,861.00,437.90
2024/11/08 07:49:00,862.00,437.73
2024/11/08 07:49:00,863.00,435.81
2024/11/08 07:49:00,864.00,429.53
2024/11/08 07:49:00,865.00,426.61
2024/11/08 07:49:00,866.00,424.81
2024/11/08 07:49:00,867.00,422.39
2024/11/08 07:49:00,868.00,424.31
2024/11/08 07:49:00,869.00,425.93
2024/11/08 07:49:00,870.00,427.12
2024/11/08 07:49:00,871.00,427.79
2024/11/08 07:49:00,872.00,427.70
2024/11/08 07:49:00,873.00,428.48
2024/11/08 07:49:00,874.00,428.34
2024/11/08 07:49:00,875.00,426.35
2024/11/08 07:49:00,876.00,427.71
2024/11/08 07:49:00,877.00,427.06
2024/11/08 07:49:00,878.00,424.79
2024/11/08 07:49:00,879.00,426.02
2024/11/08 07:49:00,880.00,424.65
2024/11/08 07:49:00,881.00,421.83
2024/11/08 07:49:00,882.00,422.03
2024/11/08 07:49:00,883.00,422.36
2024/11/08 07:49:00,884.00,420.33
2024/11/08 07:49:00,885.00,420.85
2024/11/08 07:49:00,886.00,420.05
2024/11/08 07:49:00,887.00,419.61
2024/11/08 07:49:00,888.00,418.16
2024/11/08 07:49:00,889.00,417.06
2024/11/08 07:49:00,890.00,417.21
2024/11/08 07:49:00,891.00,414.16
2024/11/08 07:49:00,892.00,409.68
2024/11/08 07:49:00,893.00,407.00
2024/11/08 07:49:00,894.00,400.71
2024/11/08 07:49:00,895.00,392.30
2024/11/08 07:49:00,896.00,385.42
2024/11/08 07:49:00,897.00,377.01
2024/11/08 07:49:00,898.00,368.89
2024/11/08 07:49:00,899.00,363.79
2024/11/08 07:49:00,900.00,361.43
2024/11/08 07:49:00,901.00,361.76
2024/11/08 07:49:00,902.00,363.99
2024/11/08 07:49:00,903.00,366.80
2024/11/08 07:49:00,904.00,368.15
2024/11/08 07:49:00,905.00,366.10
2024/11/08 07:49:00,906.00,362.77
2024/11/08 07:49:00,907.00,359.62
2024/11/08 07:49:00,908.00,354.92
2024/11/08 07:49:00,909.00,353.51
2024/11/08 07:49:00,910.00,352.82
2024/11/08 07:49:00,911.00,350.93
2024/11/08 07:49:00,912.00,349.42
2024/11/08 07:49:00,913.00,348.66
2024/11/08 07:49:00,914.00,346.30
2024/11/08 07:49:00,915.00,346.05
2024/11/08 07:49:00,916.00,347.74
2024/11/08 07:49:00,917.00,348.67
2024/11/08 07:49:00,918.00,351.35
2024/11/08 07:49:00,919.00,352.78
2024/11/08 07:49:00,920.00,354.35
2024/11/08 07:49:00,921.00,353.74
2024/11/08 07:49:00,922.00,353.50
2024/11/08 07:49:00,923.00,353.88
2024/11/08 07:49:00,924.00,353.32
2024/11/08 07:49:00,925.00,349.85
2024/11/08 07:49:00,926.00,347.20
2024/11/08 07:49:00,927.00,339.36
2024/11/08 07:49:00,928.00,326.82
2024/11/08 07:49:00,929.00,313.26
2024/11/08 07:49:00,930.00,296.03
2024/11/08 07:49:00,931.00,276.71
2024/11/08 07:49:00,932.00,259.81
2024/11/08 07:49:00,933.00,245.15
2024/11/08 07:49:00,934.00,233.34
2024/11/08 07:49:00,935.00,226.42
2024/11/08 07:49:00,936.00,224.61
2024/11/08 07:49:00,937.00,227.50
2024/11/08 07:49:00,938.00,230.89
2024/11/08 07:49:00,939.00,235.62
2024/11/08 07:49:00,940.00,240.60
2024/11/08 07:49:00,941.00,240.71
2024/11/08 07:49:00,942.00,239.96
2024/11/08 07:49:00,943.00,239.76
2024/11/08 07:49:00,944.00,238.12
2024/11/08 07:49:00,945.00,238.56
2024/11/08 07:49:00,946.00,239.55
2024/11/08 07:49:00,947.00,239.87
2024/11/08 07:49:00,948.00,240.82
2024/11/08 07:49:00,949.00,241.73
2024/11/08 07:49:00,950.00,242.70
2024/11/08 07:49:00,951.00,244.83
2024/11/08 07:49:00,952.00,245.17
2024/11/08 07:49:00,953.00,246.57
2024/11/08 07:49:00,954.00,248.52
2024/11/08 07:49:00,955.00,249.30
2024/11/08 07:49:00,956.00,251.53
2024/11/08 07:49:00,957.00,254.79
2024/11/08 07:49:00,958.00,257.69
2024/11/08 07:49:00,959.00,262.57
2024/11/08 07:49:00,960.00,266.30
2024/11/08 07:49:00,961.00,269.16
2024/11/08 07:49:00,962.00,272.51
2024/11/08 07:49:00,963.00,275.91
2024/11/08 07:49:00,964.00,279.01
2024/11/08 07:49:00,965.00,284.75
2024/11/08 07:49:00,966.00,291.66
2024/11/08 07:49:00,967.00,297.96
2024/11/08 07:49:00,968.00,303.93
2024/11/08 07:49:00,969.00,309.55
2024/11/08 07:49:00,970.00,313.33
2024/11/08 07:49:00,971.00,312.82
2024/11/08 07:49:00,972.00,313.32
2024/11/08 07:49:00,973.00,313.74
2024/11/08 07:49:00,974.00,311.68
2024/11/08 07:49:00,975.00,311.43
2024/11/08 07:49:00,976.00,312.31
2024/11/08 07:49:00,977.00,311.94
2024/11/08 07:49:00,978.00,313.48
2024/11/08 07:49:00,979.00,315.55
2024/11/08 07:49:00,980.00,317.39
2024/11/08 07:49:00,981.00,320.75
2024/11/08 07:49:00,982.00,323.58
2024/11/08 07:49:00,983.00,325.38
2024/11/08 07:49:00,984.00,326.77
2024/11/08 07:49:00,985.00,327.47
2024/11/08 07:49:00,986.00,329.68
2024/11/08 07:49:00,987.00,329.15
2024/11/08 07:49:00,988.00,329.62
2024/11/08 07:49:00,989.00,332.17
2024/11/08 07:49:00,990.00,332.08
2024/11/08 07:49:00,991.00,331.53
2024/11/08 07:49:00,992.00,332.86
2024/11/08 07:49:00,993.00,331.63
2024/11/08 07:49:00,994.00,330.78
2024/11/08 07:49:00,995.00,330.69
2024/11/08 07:49:00,996.00,330.36
2024/11/08 07:49:00,997.00,329.57
2024/11/08 07:49:00,998.00,328.62
2024/11/08 07:49:00,999.00,328.18
2024/11/08 07:49:00,1000.00,326.49
2024/11/08 07:49:00,1001.00,324.13
2024/11/08 07:49:00,1002.00,324.13
2024/11/08 07:49:00,1003.00,323.53
2024/11/08 07:49:00,1004.00,321.32
2024/11/08 07:49:00,1005.00,321.41
2024/11/08 07:49:00,1006.00,321.29
2024/11/08 07:49:00,1007.00,319.75
2024/11/08 07:49:00,1008.00,319.95
2024/11/08 07:49:00,1009.00,320.19
2024/11/08 07:49:00,1010.00,318.98
2024/11/08 07:49:00,1011.00,318.95
2024/11/08 07:49:00,1012.00,318.39
2024/11/08 07:49:00,1013.00,318.18
2024/11/08 07:49:00,1014.00,317.58
2024/11/08 07:49:00,1015.00,316.89
2024/11/08 07:49:00,1016.00,316.65
2024/11/08 07:49:00,1017.00,315.33
2024/11/08 07:49:00,1018.00,315.05
2024/11/08 07:49:00,1019.00,314.93
2024/11/08 07:49:00,1020.00,312.63
2024/11/08 07:49:00,1021.00,312.28
2024/11/08 07:49:00,1022.00,313.98
2024/11/08 07:49:00,1023.00,311.27
2024/11/08 07:49:00,1024.00,312.24
2024/11/08 07:49:00,1025.00,313.48
2024/11/08 07:49:00,1026.00,311.38
2024/11/08 07:49:00,1027.00,310.09
2024/11/08 07:49:00,1028.00,309.40
2024/11/08 07:49:00,1029.00,307.68
2024/11/08 07:49:00,1030.00,307.02
2024/11/08 07:49:00,1031.00,305.00
2024/11/08 07:49:00,1032.00,304.66
2024/11/08 07:49:00,1033.00,304.17
2024/11/08 07:49:00,1034.00,302.53
2024/11/08 07:49:00,1035.00,303.70
2024/11/08 07:49:00,1036.00,303.19
2024/11/08 07:49:00,1037.00,302.09
2024/11/08 07:49:00,1038.00,303.67
2024/11/08 07:49:00,1039.00,301.77
2024/11/08 07:49:00,1040.00,300.35
2024/11/08 07:49:00,1041.00,301.75
2024/11/08 07:49:00,1042.00,300.67
2024/11/08 07:49:00,1043.00,297.91
2024/11/08 07:49:00,1044.00,296.88
2024/11/08 07:49:00,1045.00,296.67
2024/11/08 07:49:00,1046.00,294.65
2024/11/08 07:49:00,1047.00,292.76
2024/11/08 07:49:00,1048.00,295.21
2024/11/08 07:49:00,1049.00,295.34
2024/11/08 07:49:00,1050.00,293.68
2024/11/08 07:49:00,1051.00,299.73
2024/11/08 07:49:00,1052.00,298.46
2024/11/08 07:49:00,1053.00,296.34
2024/11/08 07:49:00,1054.00,297.68
2024/11/08 07:49:00,1055.00,293.52
2024/11/08 07:49:00,1056.00,289.15
2024/11/08 07:49:00,1057.00,290.85
2024/11/08 07:49:00,1058.00,286.50
2024/11/08 07:49:00,1059.00,284.78
2024/11/08 07:49:00,1060.00,287.17
2024/11/08 07:49:00,1061.00,286.94
2024/11/08 07:49:00,1062.00,284.93
2024/11/08 07:49:00,1063.00,283.79
2024/11/08 07:49:00,1064.00,283.17
2024/11/08 07:49:00,1065.00,280.55
2024/11/08 07:49:00,1066.00,277.11
2024/11/08 07:49:00,1067.00,278.73
2024/11/08 07:49:00,1068.00,279.68
2024/11/08 07:49:00,1069.00,275.52
2024/11/08 07:49:00,1070.00,280.35
2024/11/08 07:49:00,1071.00,281.01
2024/11/08 07:49:00,1072.00,277.11
2024/11/08 07:49:00,1073.00,280.33
2024/11/08 07:49:00,1074.00,280.60
2024/11/08 07:49:00,1075.00,276.62
2024/11/08 07:49:00,1076.00,277.60
2024/11/08 07:49:00,1077.00,274.38
2024/11/08 07:49:00,1078.00,270.83
2024/11/08 07:49:00,1079.00,271.66
2024/11/08 07:49:00,1080.00,272.24
2024/11/08 07:49:00,1081.00,274.69
2024/11/08 07:49:00,1082.00,273.09
2024/11/08 07:49:00,1083.00,277.07
2024/11/08 07:49:00,1084.00,279.41
2024/11/08 07:49:00,1085.00,274.16
2024/11/08 07:49:00,1086.00,276.68
2024/11/08 07:49:00,1087.00,275.94
2024/11/08 07:49:00,1088.00,268.14
2024/11/08 07:49:00,1089.00,268.48
2024/11/08 07:49:00,1090.00,267.24
2024/11/08 07:49:00,1091.00,261.24
2024/11/08 07:49:00,1092.00,263.72
2024/11/08 07:49:00,1093.00,262.63
2024/11/08 07:49:00,1094.00,261.49
2024/11/08 07:49:00,1095.00,262.46
2024/11/08 07:49:00,1096.00,263.30
2024/11/08 07:49:00,1097.00,267.97
2024/11/08 07:49:00,1098.00,264.28
2024/11/08 07:49:00,1099.00,265.95
2024/11/08 07:49:00,1100.00,270.92
2024/11/08 07:50:00,Wavelength(nm),Irradiance(W/m2/um)
2024/11/08 07:50:00,300.00,9.37
2024/11/08 07:50:00,301.00,10.01
2024/11/08 07:50:00,302.00,11.35
2024/11/08 07:50:00,303.00,13.57
2024/11/08 07:50:00,304.00,15.28
2024/11/08 07:50:00,305.00,17.48
2024/11/08 07:50:00,306.00,20.41
2024/11/08 07:50:00,307.00,23.77
2024/11/08 07:50:00,308.00,27.61
2024/11/08 07:50:00,309.00,32.62
2024/11/08 07:50:00,310.00,38.28
2024/11/08 07:50:00,311.00,44.39
2024/11/08 07:50:00,312.00,51.05
2024/11/08 07:50:00,313.00,58.20
2024/11/08 07:50:00,314.00,65.99
2024/11/08 07:50:00,315.00,73.92
2024/11/08 07:50:00,316.00,82.48
2024/11/08 07:50:00,317.00,91.72
2024/11/08 07:50:00,318.00,100.20
2024/11/08 07:50:00,319.00,107.84
2024/11/08 07:50:00,320.00,115.77
2024/11/08 07:50:00,321.00,123.83
2024/11/08 07:50:00,322.00,133.07
2024/11/08 07:50:00,323.00,144.49
2024/11/08 07:50:00,324.00,157.17
2024/11/08 07:50:00,325.00,170.33
2024/11/08 07:50:00,326.00,184.42
2024/11/08 07:50:00,327.00,197.16
2024/11/08 07:50:00,328.00,207.95
2024/11/08 07:50:00,329.00,216.80
2024/11/08 07:50:00,330.00,224.01
2024/11/08 07:50:00,331.00,229.04
2024/11/08 07:50:00,332.00,232.38
2024/11/08 07:50:00,333.00,233.29
2024/11/08 07:50:00,334.00,233.83
2024/11/08 07:50:00,335.00,234.52
2024/11/08 07:50:00,336.00,235.66
2024/11/08 07:50:00,337.00,237.96
2024/11/08 07:50:00,338.00,242.19
2024/11/08 07:50:00,339.00,246.97
2024/11/08 07:50:00,340.00,251.49
2024/11/08 07:50:00,341.00,254.04
2024/11/08 07:50:00,342.00,255.06
2024/11/08 07:50:00,343.00,256.13
2024/11/08 07:50:00,344.00,256.41
2024/11/08 07:50:00,345.00,256.11
2024/11/08 07:50:00,346.00,257.15
2024/11/08 07:50:00,347.00,260.26
2024/11/08 07:50:00,348.00,263.70
2024/11/08 07:50:00,349.00,267.66
2024/11/08 07:50:00,350.00,272.02
2024/11/08 07:50:00,351.00,278.54
2024/11/08 07:50:00,352.00,284.48
2024/11/08 07:50:00,353.00,287.93
2024/11/08 07:50:00,354.00,288.17
2024/11/08 07:50:00,355.00,284.64
2024/11/08 07:50:00,356.00,279.86
2024/11/08 07:50:00,357.00,275.72
2024/11/08 07:50:00,358.00,272.38
2024/11/08 07:50:00,359.00,272.76
2024/11/08 07:50:00,360.00,279.37
2024/11/08 07:50:00,361.00,286.04
2024/11/08 07:50:00,362.00,294.30
2024/11/08 07:50:00,363.00,307.04
2024/11/08 07:50:00,364.00,320.95
2024/11/08 07:50:00,365.00,331.90
2024/11/08 07:50:00,366.00,341.83
2024/11/08 07:50:00,367.00,349.11
2024/11/08 07:50:00,368.00,352.36
2024/11/08 07:50:00,369.00,351.76
2024/11/08 07:50:00,370.00,346.98
2024/11/08 07:50:00,371.00,338.21
2024/11/08 07:50:00,372.00,329.84
2024/11/08 07:50:00,373.00,324.25
2024/11/08 07:50:00,374.00,324.88
2024/11/08 07:50:00,375.00,333.62
2024/11/08 07:50:00,376.00,345.72
2024/11/08 07:50:00,377.00,357.38
2024/11/08 07:50:00,378.00,365.22
2024/11/08 07:50:00,379.00,362.63
2024/11/08 07:50:00,380.00,347.64
2024/11/08 07:50:00,381.00,330.49
2024/11/08 07:50:00,382.00,316.43
2024/11/08 07:50:00,383.00,305.71
2024/11/08 07:50:00,384.00,302.04
2024/11/08 07:50:00,385.00,307.74
2024/11/08 07:50:00,386.00,318.35
2024/11/08 07:50:00,387.00,331.59
2024/11/08 07:50:00,388.00,346.76
2024/11/08 07:50:00,389.00,359.38
2024/11/08 07:50:00,390.00,361.50
2024/11/08 07:50:00,391.00,355.73
2024/11/08 07:50:00,392.00,350.58
2024/11/08 07:50:00,393.00,341.99
2024/11/08 07:50:00,394.00,331.67
2024/11/08 07:50:00,395.00,337.35
2024/11/08 07:50:00,396.00,362.72
2024/11/08 07:50:00,397.00,392.69
2024/11/08 07:50:00,398.00,428.36
2024/11/08 07:50:00,399.00,470.82
2024/11/08 07:50:00,400.00,508.75
2024/11/08 07:50:00,401.00,532.78
2024/11/08 07:50:00,402.00,545.90
2024/11/08 07:50:00,403.00,548.83
2024/11/08 07:50:00,404.00,546.79
2024/11/08 07:50:00,405.00,544.57
2024/11/08 07:50:00,406.00,544.13
2024/11/08 07:50:00,407.00,544.78
2024/11/08 07:50:00,408.00,548.10
2024/11/08 07:50:00,409.00,555.33
2024/11/08 07:50:00,410.00,563.15
2024/11/08 07:50:00,411.00,570.47
2024/11/08 07:50:00,412.00,577.59
2024/11/08 07:50:00,413.00,585.67
2024/11/08 07:50:00,414.00,591.03
2024/11/08 07:50:00,415.00,592.77
2024/11/08 07:50:00,416.00,592.41
2024/11/08 07:50:00,417.00,592.24
2024/11/08 07:50:00,418.00,592.35
2024/11/08 07:50:00,419.00,593.41
2024/11/08 07:50:00,420.00,593.44
2024/11/08 07:50:00,421.00,594.63
2024/11/08 07:50:00,422.00,596.11
2024/11/08 07:50:00,423.00,595.94
2024/11/08 07:50:00,424.00,593.30
2024/11/08 07:50:00,425.00,591.76
2024/11/08 07:50:00,426.00,587.59
2024/11/08 07:50:00,427.00,575.40
2024/11/08 07:50:00,428.00,560.65
2024/11/08 07:50:00,429.00,552.13
2024/11/08 07:50:00,430.00,551.58
2024/11/08 07:50:00,431.00,557.11
2024/11/08 07:50:00,432.00,572.42
2024/11/08 07:50:00,433.00,595.44
2024/11/08 07:50:00,434.00,617.11
2024/11/08 07:50:00,435.00,629.04
2024/11/08 07:50:00,436.00,635.06
2024/11/08 07:50:00,437.00,640.36
2024/11/08 07:50:00,438.00,644.83
2024/11/08 07:50:00,439.00,650.26
2024/11/08 07:50:00,440.00,659.74
2024/11/08 07:50:00,441.00,673.81
2024/11/08 07:50:00,442.00,686.51
2024/11/08 07:50:00,443.00,695.46
2024/11/08 07:50:00,444.00,701.44
2024/11/08 07:50:00,445.00,707.09
2024/11/08 07:50:00,446.00,713.69
2024/11/08 07:50:00,447.00,724.69
2024/11/08 07:50:00,448.00,738.33
2024/11/08 07:50:00,449.00,750.33
2024/11/08 07:50:00,450.00,756.33
2024/11/08 07:50:00,451.00,757.08
2024/11/08 07:50:00,452.00,755.64
2024/11/08 07:50:00,453.00,753.65
2024/11/08 07:50:00,454.00,754.84
2024/11/08 07:50:00,455.00,759.24
2024/11/08 07:50:00,456.00,765.49
2024/11/08 07:50:00,457.00,770.92
2024/11/08 07:50:00,458.00,774.82
2024/11/08 07:50:00,459.00,777.53
2024/11/08 07:50:00,460.00,781.63
2024/11/08 07:50:00,461.00,784.55
2024/11/08 07:50:00,462.00,786.55
2024/11/08 07:50:00,463.00,786.42
2024/11/08 07:50:00,464.00,783.42
2024/11/08 07:50:00,465.00,777.73
2024/11/08 07:50:00,466.00,775.24
2024/11/08 07:50:00,467.00,772.15
2024/11/08 07:50:00,468.00,771.30
2024/11/08 07:50:00,469.00,771.64
2024/11/08 07:50:00,470.00,772.66
2024/11/08 07:50:00,471.00,774.11
2024/11/08 07:50:00,472.00,777.28
2024/11/08 07:50:00,473.00,779.07
2024/11/08 07:50:00,474.00,780.58
2024/11/08 07:50:00,475.00,782.78
2024/11/08 07:50:00,476.00,784.49
2024/11/08 07:50:00,477.00,786.55
2024/11/08 07:50:00,478.00,790.18
2024/11/08 07:50:00,479.00,793.61
2024/11/08 07:50:00,480.00,797.47
2024/11/08 07:50:00,481.00,796.47
2024/11/08 07:50:00,482.00,792.18
2024/11/08 07:50:00,483.00,781.00
2024/11/08 07:50:00,484.00,764.16
2024/11/08 07:50:00,485.00,747.77
2024/11/08 07:50:00,486.00,739.75
2024/11/08 07:50:00,487.00,737.11
2024/11/08 07:50:00,488.00,741.28
2024/11/08 07:50:00,489.00,751.92
2024/11/08 07:50:00,490.00,760.15
2024/11/08 07:50:00,491.00,764.95
2024/11/08 07:50:00,492.00,767.97
2024/11/08 07:50:00,493.00,771.54
2024/11/08 07:50:00,494.00,774.70
2024/11/08 07:50:00,495.00,776.86
2024/11/08 07:50:00,496.00,776.34
2024/11/08 07:50:00,497.00,773.93
2024/11/08 07:50:00,498.00,767.44
2024/11/08 07:50:00,499.00,758.94
2024/11/08 07:50:00,500.00,753.23
2024/11/08 07:50:00,501.00,750.12
2024/11/08 07:50:00,502.00,748.36
2024/11/08 07:50:00,503.00,750.75
2024/11/08 07:50:00,504.00,755.53
2024/11/08 07:50:00,505.00,758.24
2024/11/08 07:50:00,506.00,760.19
2024/11/08 07:50:00,507.00,762.07
2024/11/08 07:50:00,508.00,761.81
2024/11/08 07:50:00,509.00,762.01
2024/11/08 07:50:00,510.00,761.17
2024/11/08 07:50:00,511.00,759.08
2024/11/08 07:50:00,512.00,755.44
2024/11/08 07:50:00,513.00,748.47
2024/11/08 07:50:00,514.00,737.33
2024/11/08 07:50:00,515.00,724.37
2024/11/08 07:50:00,516.00,713.01
2024/11/08 07:50:00,517.00,705.64
2024/11/08 07:50:00,518.00,705.32
2024/11/08 07:50:00,519.00,708.04
2024/11/08 07:50:00,520.00,715.10
2024/11/08 07:50:00,521.00,725.94
2024/11/08 07:50:00,522.00,735.06
2024/11/08 07:50:00,523.00,736.22
2024/11/08 07:50:00,524.00,736.42
2024/11/08 07:50:00,525.00,735.82
2024/11/08 07:50:00,526.00,735.35
2024/11/08 07:50:00,527.00,735.31
2024/11/08 07:50:00,528.00,739.09
2024/11/08 07:50:00,529.00,743.94
2024/11/08 07:50:00,530.00,748.56
2024/11/08 07:50:00,531.00,747.94
2024/11/08 07:50:00,532.00,748.03
2024/11/08 07:50:00,533.00,747.86
2024/11/08 07:50:00,534.00,746.69
2024/11/08 07:50:00,535.00,747.04
2024/11/08 07:50:00,536.00,748.10
2024/11/08 07:50:00,537.00,744.82
2024/11/08 07:50:00,538.00,740.94
2024/11/08 07:50:00,539.00,737.59
2024/11/08 07:50:00,540.00,733.34
2024/11/08 07:50:00,541.00,731.65
2024/11/08 07:50:00,542.00,733.53
2024/11/08 07:50:00,543.00,735.11
2024/11/08 07:50:00,544.00,736.95
2024/11/08 07:50:00,545.00,739.42
2024/11/08 07:50:00,546.00,740.50
2024/11/08 07:50:00,547.00,740.52
2024/11/08 07:50:00,548.00,738.77
2024/11/08 07:50:00,549.00,738.77
2024/11/08 07:50:00,550.00,739.28
2024/11/08 07:50:00,551.00,738.31
2024/11/08 07:50:00,552.00,738.12
2024/11/08 07:50:00,553.00,739.28
2024/11/08 07:50:00,554.00,737.35
2024/11/08 07:50:00,555.00,732.99
2024/11/08 07:50:00,556.00,729.25
2024/11/08 07:50:00,557.00,724.39
2024/11/08 07:50:00,558.00,720.17
2024/11/08 07:50:00,559.00,717.51
2024/11/08 07:50:00,560.00,715.68
2024/11/08 07:50:00,561.00,715.85
2024/11/08 07:50:00,562.00,714.77
2024/11/08 07:50:00,563.00,712.52
2024/11/08 07:50:00,564.00,712.65
2024/11/08 07:50:00,565.00,712.27
2024/11/08 07:50:00,566.00,709.14
2024/11/08 07:50:00,567.00,708.11
2024/11/08 07:50:00,568.00,706.46
2024/11/08 07:50:00,569.00,702.52
2024/11/08 07:50:00,570.00,701.04
2024/11/08 07:50:00,571.00,702.23
2024/11/08 07:50:00,572.00,700.90
2024/11/08 07:50:00,573.00,702.04
2024/11/08 07:50:00,574.00,702.89
2024/11/08 07:50:00,575.00,701.30
2024/11/08 07:50:00,576.00,698.72
2024/11/08 07:50:00,577.00,699.16
2024/11/08 07:50:00,578.00,698.63
2024/11/08 07:50:00,579.00,699.58
2024/11/08 07:50:00,580.00,701.74
2024/11/08 07:50:00,581.00,705.18
2024/11/08 07:50:00,582.00,707.38
2024/11/08 07:50:00,583.00,708.20
2024/11/08 07:50:00,584.00,709.73
2024/11/08 07:50:00,585.00,709.43
2024/11/08 07:50:00,586.00,703.99
2024/11/08 07:50:00,587.00,697.88
2024/11/08 07:50:00,588.00,694.48
2024/11/08 07:50:00,589.00,690.35
2024/11/08 07:50:00,590.00,686.36
2024/11/08 07:50:00,591.00,687.51
2024/11/08 07:50:00,592.00,689.52
2024/11/08 07:50:00,593.00,690.02
2024/11/08 07:50:00,594.00,689.72
2024/11/08 07:50:00,595.00,690.13
2024/11/08 07:50:00,596.00,690.04
2024/11/08 07:50:00,597.00,689.34
2024/11/08 07:50:00,598.00,686.62
2024/11/08 07:50:00,599.00,685.33
2024/11/08 07:50:00,600.00,683.92
2024/11/08 07:50:00,601.00,682.23
2024/11/08 07:50:00,602.00,683.13
2024/11/08 07:50:00,603.00,685.73
2024/11/08 07:50:00,604.00,685.00
2024/11/08 07:50:00,605.00,685.52
2024/11/08 07:50:00,606.00,686.05
2024/11/08 07:50:00,607.00,683.49
2024/11/08 07:50:00,608.00,680.54
2024/11/08 07:50:00,609.00,679.54
2024/11/08 07:50:00,610.00,677.58
2024/11/08 07:50:00,611.00,673.57
2024/11/08 07:50:00,612.00,671.31
2024/11/08 07:50:00,613.00,669.66
2024/11/08 07:50:00,614.00,667.48
2024/11/08 07:50:00,615.00,665.19
2024/11/08 07:50:00,616.00,666.50
2024/11/08 07:50:00,617.00,667.77
2024/11/08 07:50:00,618.00,667.76
2024/11/08 07:50:00,619.00,668.98
2024/11/08 07:50:00,620.00,669.73
2024/11/08 07:50:00,621.00,667.31
2024/11/08 07:50:00,622.00,664.99
2024/11/08 07:50:00,623.00,662.49
2024/11/08 07:50:00,624.00,659.37
2024/11/08 07:50:00,625.00,655.90
2024/11/08 07:50:00,626.00,652.27
2024/11/08 07:50:00,627.00,649.53
2024/11/08 07:50:00,628.00,646.90
2024/11/08 07:50:00,629.00,644.74
2024/11/08 07:50:00,630.00,644.65
2024/11/08 07:50:00,631.00,646.91
2024/11/08 07:50:00,632.00,648.09
2024/11/08 07:50:00,633.00,651.02
2024/11/08 07:50:00,634.00,653.85
2024/11/08 07:50:00,635.00,656.40
2024/11/08 07:50:00,636.00,657.06
2024/11/08 07:50:00,637.00,659.03
2024/11/08 07:50:00,638.00,660.06
2024/11/08 07:50:00,639.00,659.90
2024/11/08 07:50:00,640.00,658.66
2024/11/08 07:50:00,641.00,658.24
2024/11/08 07:50:00,642.00,656.89
2024/11/08 07:50:00,643.00,655.38
2024/11/08 07:50:00,644.00,654.39
2024/11/08 07:50:00,645.00,654.39
2024/11/08 07:50:00,646.00,652.71
2024/11/08 07:50:00,647.00,651.04
2024/11/08 07:50:00,648.00,650.39
2024/11/08 07:50:00,649.00,651.04
2024/11/08 07:50:00,650.00,650.26
2024/11/08 07:50:00,651.00,650.18
2024/11/08 07:50:00,652.00,648.37
2024/11/08 07:50:00,653.00,640.25
2024/11/08 07:50:00,654.00,632.35
2024/11/08 07:50:00,655.00,627.37
2024/11/08 07:50:00,656.00,624.08
2024/11/08 07:50:00,657.00,623.25
2024/11/08 07:50:00,658.00,627.42
2024/11/08 07:50:00,659.00,633.37
2024/11/08 07:50:00,660.00,637.53
2024/11/08 07:50:00,661.00,639.81
2024/11/08 07:50:00,662.00,642.41
2024/11/08 07:50:00,663.00,644.64
2024/11/08 07:50:00,664.00,644.86
2024/11/08 07:50:00,665.00,646.42
2024/11/08 07:50:00,666.00,649.20
2024/11/08 07:50:00,667.00,649.66
2024/11/08 07:50:00,668.00,651.15
2024/11/08 07:50:00,669.00,652.54
2024/11/08 07:50:00,670.00,651.77
2024/11/08 07:50:00,671.00,649.95
2024/11/08 07:50:00,672.00,649.32
2024/11/08 07:50:00,673.00,648.62
2024/11/08 07:50:00,674.00,647.17
2024/11/08 07:50:00,675.00,646.31
2024/11/08 07:50:00,676.00,646.70
2024/11/08 07:50:00,677.00,646.36
2024/11/08 07:50:00,678.00,645.00
2024/11/08 07:50:00,679.00,644.66
2024/11/08 07:50:00,680.00,645.27
2024/11/08 07:50:00,681.00,643.39
2024/11/08 07:50:00,682.00,642.14
2024/11/08 07:50:00,683.00,637.09
2024/11/08 07:50:00,684.00,624.45
2024/11/08 07:50:00,685.00,606.80
2024/11/08 07:50:00,686.00,589.61
2024/11/08 07:50:00,687.00,572.72
2024/11/08 07:50:00,688.00,560.34
2024/11/08 07:50:00,689.00,557.63
2024/11/08 07:50:00,690.00,563.57
2024/11/08 07:50:00,691.00,571.75
2024/11/08 07:50:00,692.00,579.84
2024/11/08 07:50:00,693.00,588.79
2024/11/08 07:50:00,694.00,596.49
2024/11/08 07:50:00,695.00,600.13
2024/11/08 07:50:00,696.00,602.35
2024/11/08 07:50:00,697.00,605.76
2024/11/08 07:50:00,698.00,606.76
2024/11/08 07:50:00,699.00,606.59
2024/11/08 07:50:00,700.00,605.93
2024/11/08 07:50:00,701.00,607.92
2024/11/08 07:50:00,702.00,606.38
2024/11/08 07:50:00,703.00,607.44
2024/11/08 07:50:00,704.00,608.84
2024/11/08 07:50:00,705.00,609.54
2024/11/08 07:50:00,706.00,609.57
2024/11/08 07:50:00,707.00,611.10
2024/11/08 07:50:00,708.00,612.16
2024/11/08 07:50:00,709.00,611.04
2024/11/08 07:50:00,710.00,610.84
2024/11/08 07:50:00,711.00,609.93
2024/11/08 07:50:00,712.00,608.11
2024/11/08 07:50:00,713.00,603.86
2024/11/08 07:50:00,714.00,599.04
2024/11/08 07:50:00,715.00,592.55
2024/11/08 07:50:00,716.00,582.10
2024/11/08 07:50:00,717.00,570.58
2024/11/08 07:50:00,718.00,564.35
2024/11/08 07:50:00,719.00,559.05
2024/11/08 07:50:00,720.00,554.77
2024/11/08 07:50:00,721.00,553.42
2024/11/08 07:50:00,722.00,554.20
2024/11/08 07:50:00,723.00,552.06
2024/11/08 07:50:00,724.00,550.79
2024/11/08 07:50:00,725.00,551.43
2024/11/08 07:50:00,726.00,551.67
2024/11/08 07:50:00,727.00,552.71
2024/11/08 07:50:00,728.00,555.26
2024/11/08 07:50:00,729.00,558.26
2024/11/08 07:50:00,730.00,560.37
2024/11/08 07:50:00,731.00,564.45
2024/11/08 07:50:00,732.00,567.81
2024/11/08 07:50:00,733.00,568.02
2024/11/08 07:50:00,734.00,570.53
2024/11/08 07:50:00,735.00,571.88
2024/11/08 07:50:00,736.00,571.52
2024/11/08 07:50:00,737.00,570.89
2024/11/08 07:50:00,738.00,570.13
2024/11/08 07:50:00,739.00,569.02
2024/11/08 07:50:00,740.00,568.04
2024/11/08 07:50:00,741.00,566.68
2024/11/08 07:50:00,742.00,567.96
2024/11/08 07:50:00,743.00,568.28
2024/11/08 07:50:00,744.00,567.03
2024/11/08 07:50:00,745.00,566.41
2024/11/08 07:50:00,746.00,567.46
2024/11/08 07:50:00,747.00,565.72
2024/11/08 07:50:00,748.00,565.23
2024/11/08 07:50:00,749.00,567.52
2024/11/08 07:50:00,750.00,566.91
2024/11/08 07:50:00,751.00,563.78
2024/11/08 07:50:00,752.00,561.39
2024/11/08 07:50:00,753.00,559.46
2024/11/08 07:50:00,754.00,555.81
2024/11/08 07:50:00,755.00,551.10
2024/11/08 07:50:00,756.00,539.54
2024/11/08 07:50:00,757.00,511.40
2024/11/08 07:50:00,758.00,471.89
2024/11/08 07:50:00,759.00,430.57
2024/11/08 07:50:00,760.00,387.71
2024/11/08 07:50:00,761.00,352.64
2024/11/08 07:50:00,762.00,337.18
2024/11/08 07:50:00,763.00,338.08
2024/11/08 07:50:00,764.00,346.10
2024/11/08 07:50:00,765.00,362.41
2024/11/08 07:50:00,766.00,386.99
2024/11/08 07:50:00,767.00,411.39
2024/11/08 07:50:00,768.00,434.93
2024/11/08 07:50:00,769.00,455.61
2024/11/08 07:50:00,770.00,473.72
2024/11/08 07:50:00,771.00,488.05
2024/11/08 07:50:00,772.00,500.95
2024/11/08 07:50:00,773.00,511.30
2024/11/08 07:50:00,774.00,517.98
2024/11/08 07:50:00,775.00,521.71
2024/11/08 07:50:00,776.00,525.16
2024/11/08 07:50:00,777.00,525.19
2024/11/08 07:50:00,778.00,524.10
2024/11/08 07:50:00,779.00,524.86
2024/11/08 07:50:00,780.00,526.72
2024/11/08 07:50:00,781.00,526.88
2024/11/08 07:50:00,782.00,527.24
2024/11/08 07:50:00,783.00,525.79
2024/11/08 07:50:00,784.00,525.42
2024/11/08 07:50:00,785.00,523.32
2024/11/08 07:50:00,786.00,522.46
2024/11/08 07:50:00,787.00,522.48
2024/11/08 07:50:00,788.00,520.53
2024/11/08 07:50:00,789.00,518.03
2024/11/08 07:50:00,790.00,515.41
2024/11/08 07:50:00,791.00,512.89
2024/11/08 07:50:00,792.00,509.43
2024/11/08 07:50:00,793.00,507.35
2024/11/08 07:50:00,794.00,509.08
2024/11/08 07:50:00,795.00,509.57
2024/11/08 07:50:00,796.00,510.02
2024/11/08 07:50:00,797.00,511.17
2024/11/08 07:50:00,798.00,512.36
2024/11/08 07:50:00,799.00,511.18
2024/11/08 07:50:00,800.00,509.90
2024/11/08 07:50:00,801.00,511.50
2024/11/08 07:50:00,802.00,510.33
2024/11/08 07:50:00,803.00,509.76
2024/11/08 07:50:00,804.00,509.59
2024/11/08 07:50:00,805.00,508.67
2024/11/08 07:50:00,806.00,508.73
2024/11/08 07:50:00,807.00,507.90
2024/11/08 07:50:00,808.00,507.71
2024/11/08 07:50:00,809.00,507.80
2024/11/08 07:50:00,810.00,505.80
2024/11/08 07:50:00,811.00,502.73
2024/11/08 07:50:00,812.00,498.84
2024/11/08 07:50:00,813.00,491.09
2024/11/08 07:50:00,814.00,486.32
2024/11/08 07:50:00,815.00,481.69
2024/11/08 07:50:00,816.00,476.81
2024/11/08 07:50:00,817.00,473.83
2024/11/08 07:50:00,818.00,474.58
2024/11/08 07:50:00,819.00,470.89
2024/11/08 07:50:00,820.00,470.10
2024/11/08 07:50:00,821.00,471.57
2024/11/08 07:50:00,822.00,473.79
2024/11/08 07:50:00,823.00,476.53
2024/11/08 07:50:00,824.00,478.77
2024/11/08 07:50:00,825.00,480.58
2024/11/08 07:50:00,826.00,481.48
2024/11/08 07:50:00,827.00,478.23
2024/11/08 07:50:00,828.00,475.97
2024/11/08 07:50:00,829.00,474.00
2024/11/08 07:50:00,830.00,471.43
2024/11/08 07:50:00,831.00,472.83
2024/11/08 07:50:00,832.00,472.86
2024/11/08 07:50:00,833.00,469.12
2024/11/08 07:50:00,834.00,471.19
2024/11/08 07:50:00,835.00,471.02
2024/11/08 07:50:00,836.00,468.46
2024/11/08 07:50:00,837.00,470.61
2024/11/08 07:50:00,838.00,470.52
2024/11/08 07:50:00,839.00,468.70
2024/11/08 07:50:00,840.00,468.59
2024/11/08 07:50:00,841.00,466.53
2024/11/08 07:50:00,842.00,464.10
2024/11/08 07:50:00,843.00,464.53
2024/11/08 07:50:00,844.00,461.87
2024/11/08 07:50:00,845.00,460.22
2024/11/08 07:50:00,846.00,456.57
2024/11/08 07:50:00,847.00,451.97
2024/11/08 07:50:00,848.00,448.47
2024/11/08 07:50:00,849.00,445.85
2024/11/08 07:50:00,850.00,440.99
2024/11/08 07:50:00,851.00,437.30
2024/11/08 07:50:00,852.00,431.79
2024/11/08 07:50:00,853.00,427.03
2024/11/08 07:50:00,854.00,428.12
2024/11/08 07:50:00,855.00,428.58
2024/11/08 07:50:00,856.00,432.48
2024/11/08 07:50:00,857.00,438.28
2024/11/08 07:50:00,858.00,439.84
2024/11/08 07:50:00,859.00,441.36
2024/11/08 07:50:00,860.00,443.25
2024/11/08 07:50:00,861.00,442.00
2024/11/08 07:50:00,862.00,441.12
2024/11/08 07:50:00,863.00,438.67
2024/11/08 07:50:00,864.00,433.34
2024/11/08 07:50:00,865.00,430.28
2024/11/08 07:50:00,866.00,427.29
2024/11/08 07:50:00,867.00,425.76
2024/11/08 07:50:00,868.00,426.30
2024/11/08 07:50:00,869.00,427.71
2024/11/08 07:50:00,870.00,428.21
2024/11/08 07:50:00,871.00,428.04
2024/11/08 07:50:00,872.00,426.80
2024/11/08 07:50:00,873.00,428.67
2024/11/08 07:50:00,874.00,428.49
2024/11/08 07:50:00,875.00,427.46
2024/11/08 07:50:00,876.00,429.74
2024/11/08 07:50:00,877.00,429.74
2024/11/08 07:50:00,878.00,427.98
2024/11/08 07:50:00,879.00,428.10
2024/11/08 07:50:00,880.00,427.39
2024/11/08 07:50:00,881.00,426.66
2024/11/08 07:50:00,882.00,426.20
2024/11/08 07:50:00,883.00,425.04
2024/11/08 07:50:00,884.00,423.75
2024/11/08 07:50:00,885.00,421.78
2024/11/08 07:50:00,886.00,420.59
2024/11/08 07:50:00,887.00,420.32
2024/11/08 07:50:00,888.00,420.23
2024/11/08 07:50:00,889.00,419.99
2024/11/08 07:50:00,890.00,420.32
2024/11/08 07:50:00,891.00,416.35
2024/11/08 07:50:00,892.00,413.34
2024/11/08 07:50:00,893.00,408.37
2024/11/08 07:50:00,894.00,401.11
2024/11/08 07:50:00,895.00,394.44
2024/11/08 07:50:00,896.00,386.83
2024/11/08 07:50:00,897.00,377.82
2024/11/08 07:50:00,898.00,371.66
2024/11/08 07:50:00,899.00,366.78
2024/11/08 07:50:00,900.00,363.92
2024/11/08 07:50:00,901.00,365.08
2024/11/08 07:50:00,902.00,365.67
2024/11/08 07:50:00,903.00,367.14
2024/11/08 07:50:00,904.00,367.42
2024/11/08 07:50:00,905.00,365.18
2024/11/08 07:50:00,906.00,362.24
2024/11/08 07:50:00,907.00,360.17
2024/11/08 07:50:00,908.00,357.61
2024/11/08 07:50:00,909.00,357.06
2024/11/08 07:50:00,910.00,356.41
2024/11/08 07:50:00,911.00,354.93
2024/11/08 07:50:00,912.00,353.34
2024/11/08 07:50:00,913.00,351.51
2024/11/08 07:50:00,914.00,349.93
2024/11/08 07:50:00,915.00,348.80
2024/11/08 07:50:00,916.00,348.41
2024/11/08 07:50:00,917.00,350.43
2024/11/08 07:50:00,918.00,351.88
2024/11/08 07:50:00,919.00,352.38
2024/11/08 07:50:00,920.00,354.10
2024/11/08 07:50:00,921.00,354.46
2024/11/08 07:50:00,922.00,353.88
2024/11/08 07:50:00,923.00,353.70
2024/11/08 07:50:00,924.00,352.47
2024/11/08 07:50:00,925.00,350.78
2024/11/08 07:50:00,926.00,347.07
2024/11/08 07:50:00,927.00,339.43
2024/11/08 07:50:00,928.00,329.74
2024/11/08 07:50:00,929.00,315.47
2024/11/08 07:50:00,930.00,297.03
2024/11/08 07:50:00,931.00,278.82
2024/11/08 07:50:00,932.00,259.99
2024/11/08 07:50:00,933.00,245.25
2024/11/08 07:50:00,934.00,234.54
2024/11/08 07:50:00,935.00,227.84
2024/11/08 07:50:00,936.00,226.53
2024/11/08 07:50:00,937.00,229.59
2024/11/08 07:50:00,938.00,232.38
2024/11/08 07:50:00,939.00,238.32
2024/11/08 07:50:00,940.00,241.33
2024/11/08 07:50:00,941.00,241.75
2024/11/08 07:50:00,942.00,241.02
2024/11/08 07:50:00,943.00,239.95
2024/11/08 07:50:00,944.00,238.36
2024/11/08 07:50:00,945.00,239.49
2024/11/08 07:50:00,946.00,239.76
2024/11/08 07:50:00,947.00,241.13
2024/11/08 07:50:00,948.00,241.80
2024/11/08 07:50:00,949.00,241.99
2024/11/08 07:50:00,950.00,243.50
2024/11/08 07:50:00,951.00,244.94
2024/11/08 07:50:00,952.00,245.63
2024/11/08 07:50:00,953.00,248.03
2024/11/08 07:50:00,954.00,249.58
2024/11/08 07:50:00,955.00,251.00
2024/11/08 07:50:00,956.00,254.15
2024/11/08 07:50:00,957.00,256.22
2024/11/08 07:50:00,958.00,259.32
2024/11/08 07:50:00,959.00,262.99
2024/11/08 07:50:00,960.00,266.13
2024/11/08 07:50:00,961.00,270.97
2024/11/08 07:50:00,962.00,274.80
2024/11/08 07:50:00,963.00,279.17
2024/11/08 07:50:00,964.00,284.59
2024/11/08 07:50:00,965.00,288.64
2024/11/08 07:50:00,966.00,294.46
2024/11/08 07:50:00,967.00,300.76
2024/11/08 07:50:00,968.00,305.56
2024/11/08 07:50:00,969.00,309.99
2024/11/08 07:50:00,970.00,313.36
2024/11/08 07:50:00,971.00,313.75
2024/11/08 07:50:00,972.00,313.68
2024/11/08 07:50:00,973.00,314.14
2024/11/08 07:50:00,974.00,313.87
2024/11/08 07:50:00,975.00,313.26
2024/11/08 07:50:00,976.00,314.29
2024/11/08 07:50:00,977.00,315.99
2024/11/08 07:50:00,978.00,316.91
2024/11/08 07:50:00,979.00,318.82
2024/11/08 07:50:00,980.00,321.09
2024/11/08 07:50:00,981.00,321.32
2024/11/08 07:50:00,982.00,322.95
2024/11/08 07:50:00,983.00,326.03
2024/11/08 07:50:00,984.00,326.83
2024/11/08 07:50:00,985.00,328.79
2024/11/08 07:50:00,986.00,331.36
2024/11/08 07:50:00,987.00,331.86
2024/11/08 07:50:00,988.00,332.71
2024/11/08 07:50:00,989.00,333.72
2024/11/08 07:50:00,990.00,333.47
2024/11/08 07:50:00,991.00,333.87
2024/11/08 07:50:00,992.00,331.99
2024/11/08 07:50:00,993.00,331.06
2024/11/08 07:50:00,994.00,330.99
2024/11/08 07:50:00,995.00,329.56
2024/11/08 07:50:00,996.00,330.32
2024/11/08 07:50:00,997.00,330.53
2024/11/08 07:50:00,998.00,329.61
2024/11/08 07:50:00,999.00,329.93
2024/11/08 07:50:00,1000.00,329.14
2024/11/08 07:50:00,1001.00,327.47
2024/11/08 07:50:00,1002.00,326.16
2024/11/08 07:50:00,1003.00,323.18
2024/11/08 07:50:00,1004.00,321.32
2024/11/08 07:50:00,1005.00,319.34
2024/11/08 07:50:00,1006.00,318.72
2024/11/08 07:50:00,1007.00,319.90
2024/11/08 07:50:00,1008.00,319.03
2024/11/08 07:50:00,1009.00,319.31
2024/11/08 07:50:00,1010.00,320.40
2024/11/08 07:50:00,1011.00,319.17
2024/11/08 07:50:00,1012.00,319.22
2024/11/08 07:50:00,1013.00,320.36
2024/11/08 07:50:00,1014.00,318.48
2024/11/08 07:50:00,1015.00,317.19
2024/11/08 07:50:00,1016.00,317.07
2024/11/08 07:50:00,1017.00,316.52
2024/11/08 07:50:00,1018.00,315.46
2024/11/08 07:50:00,1019.00,316.32
2024/11/08 07:50:00,1020.00,316.52
2024/11/08 07:50:00,1021.00,314.89
2024/11/08 07:50:00,1022.00,314.06
2024/11/08 07:50:00,1023.00,314.19
2024/11/08 07:50:00,1024.00,312.65
2024/11/08 07:50:00,1025.00,312.00
2024/11/08 07:50:00,1026.00,312.87
2024/11/08 07:50:00,1027.00,310.66
2024/11/08 07:50:00,1028.00,309.88
2024/11/08 07:50:00,1029.00,311.14
2024/11/08 07:50:00,1030.00,308.33
2024/11/08 07:50:00,1031.00,306.96
2024/11/08 07:50:00,1032.00,307.69
2024/11/08 07:50:00,1033.00,305.91
2024/11/08 07:50:00,1034.00,305.33
2024/11/08 07:50:00,1035.00,305.64
2024/11/08 07:50:00,1036.00,304.83
2024/11/08 07:50:00,1037.00,304.68
2024/11/08 07:50:00,1038.00,302.43
2024/11/08 07:50:00,1039.00,303.02
2024/11/08 07:50:00,1040.00,302.02
2024/11/08 07:50:00,1041.00,299.20
2024/11/08 07:50:00,1042.00,300.10
2024/11/08 07:50:00,1043.00,298.79
2024/11/08 07:50:00,1044.00,297.84
2024/11/08 07:50:00,1045.00,299.66
2024/11/08 07:50:00,1046.00,298.19
2024/11/08 07:50:00,1047.00,298.56
2024/11/08 07:50:00,1048.00,298.12
2024/11/08 07:50:00,1049.00,295.05
2024/11/08 07:50:00,1050.00,296.17
2024/11/08 07:50:00,1051.00,297.69
2024/11/08 07:50:00,1052.00,294.53
2024/11/08 07:50:00,1053.00,293.50
2024/11/08 07:50:00,1054.00,288.59
2024/11/08 07:50:00,1055.00,286.65
2024/11/08 07:50:00,1056.00,288.68
2024/11/08 07:50:00,1057.00,285.54
2024/11/08 07:50:00,1058.00,288.65
2024/11/08 07:50:00,1059.00,289.33
2024/11/08 07:50:00,1060.00,285.26
2024/11/08 07:50:00,1061.00,284.82
2024/11/08 07:50:00,1062.00,284.44
2024/11/08 07:50:00,1063.00,282.45
2024/11/08 07:50:00,1064.00,281.52
2024/11/08 07:50:00,1065.00,281.00
2024/11/08 07:50:00,1066.00,283.10
2024/11/08 07:50:00,1067.00,280.28
2024/11/08 07:50:00,1068.00,279.68
2024/11/08 07:50:00,1069.00,281.54
2024/11/08 07:50:00,1070.00,277.39
2024/11/08 07:50:00,1071.00,276.84
2024/11/08 07:50:00,1072.00,279.23
2024/11/08 07:50:00,1073.00,276.00
2024/11/08 07:50:00,1074.00,278.49
2024/11/08 07:50:00,1075.00,279.00
2024/11/08 07:50:00,1076.00,275.20
2024/11/08 07:50:00,1077.00,277.66
2024/11/08 07:50:00,1078.00,280.70
2024/11/08 07:50:00,1079.00,282.89
2024/11/08 07:50:00,1080.00,285.51
2024/11/08 07:50:00,1081.00,283.93
2024/11/08 07:50:00,1082.00,285.25
2024/11/08 07:50:00,1083.00,283.31
2024/11/08 07:50:00,1084.00,279.56
2024/11/08 07:50:00,1085.00,279.92
2024/11/08 07:50:00,1086.00,276.31
2024/11/08 07:50:00,1087.00,272.63
2024/11/08 07:50:00,1088.00,271.46
2024/11/08 07:50:00,1089.00,269.59
2024/11/08 07:50:00,1090.00,271.58
2024/11/08 07:50:00,1091.00,271.25
2024/11/08 07:50:00,1092.00,267.17
2024/11/08 07:50:00,1093.00,270.21
2024/11/08 07:50:00,1094.00,267.17
2024/11/08 07:50:00,1095.00,271.26
2024/11/08 07:50:00,1096.00,273.49
2024/11/08 07:50:00,1097.00,270.75
2024/11/08 07:50:00,1098.00,274.24
2024/11/08 07:50:00,1099.00,266.36
2024/11/08 07:50:00,1100.00,261.11
2024/11/08 07:51:00,Wavelength(nm),Irradiance(W/m2/um)
2024/11/08 07:51:00,300.00,9.59
2024/11/08 07:51:00,301.00,10.66
2024/11/08 07:51:00,302.00,11.81
2024/11/08 07:51:00,303.00,13.74
2024/11/08 07:51:00,304.00,15.70
2024/11/08 07:51:00,305.00,17.82
2024/11/08 07:51:00,306.00,20.31
2024/11/08 07:51:00,307.00,23.96
2024/11/08 07:51:00,308.00,27.87
2024/11/08 07:51:00,309.00,32.68
2024/11/08 07:51:00,310.00,38.72
2024/11/08 07:51:00,311.00,44.99
2024/11/08 07:51:00,312.00,51.36
2024/11/08 07:51:00,313.00,58.50
2024/11/08 07:51:00,314.00,66.61
2024/11/08 07:51:00,315.00,74.55
2024/11/08 07:51:00,316.00,83.01
2024/11/08 07:51:00,317.00,92.38
2024/11/08 07:51:00,318.00,101.03
2024/11/08 07:51:00,319.00,108.61
2024/11/08 07:51:00,320.00,116.35
2024/11/08 07:51:00,321.00,124.94
2024/11/08 07:51:00,322.00,134.69
2024/11/08 07:51:00,323.00,146.00
2024/11/08 07:51:00,324.00,158.71
2024/11/08 07:51:00,325.00,172.30
2024/11/08 07:51:00,326.00,185.72
2024/11/08 07:51:00,327.00,198.37
2024/11/08 07:51:00,328.00,209.14
2024/11/08 07:51:00,329.00,217.93
2024/11/08 07:51:00,330.00,224.91
2024/11/08 07:51:00,331.00,230.51
2024/11/08 07:51:00,332.00,234.00
2024/11/08 07:51:00,333.00,235.21
2024/11/08 07:51:00,334.00,235.65
2024/11/08 07:51:00,335.00,236.42
2024/11/08 07:51:00,336.00,238.01
2024/11/08 07:51:00,337.00,240.01
2024/11/08 07:51:00,338.00,244.02
2024/11/08 07:51:00,339.00,249.35
2024/11/08 07:51:00,340.00,253.63
2024/11/08 07:51:00,341.00,255.53
2024/11/08 07:51:00,342.00,256.61
2024/11/08 07:51:00,343.00,257.54
2024/11/08 07:51:00,344.00,257.47
2024/11/08 07:51:00,345.00,257.70
2024/11/08 07:51:00,346.00,259.08
2024/11/08 07:51:00,347.00,262.24
2024/11/08 07:51:00,348.00,265.85
2024/11/08 07:51:00,349.00,269.75
2024/11/08 07:51:00,350.00,274.18
2024/11/08 07:51:00,351.00,280.50
2024/11/08 07:51:00,352.00,286.14
2024/11/08 07:51:00,353.00,289.67
2024/11/08 07:51:00,354.00,289.91
2024/11/08 07:51:00,355.00,286.25
2024/11/08 07:51:00,356.00,281.77
2024/11/08 07:51:00,357.00,277.79
2024/11/08 07:51:00,358.00,274.09
2024/11/08 07:51:00,359.00,274.18
2024/11/08 07:51:00,360.00,280.52
2024/11/08 07:51:00,361.00,287.09
2024/11/08 07:51:00,362.00,295.26
2024/11/08 07:51:00,363.00,308.10
2024/11/08 07:51:00,364.00,322.40
2024/11/08 07:51:00,365.00,333.50
2024/11/08 07:51:00,366.00,343.29
2024/11/08 07:51:00,367.00,350.94
2024/11/08 07:51:00,368.00,354.92
2024/11/08 07:51:00,369.00,353.73
2024/11/08 07:51:00,370.00,348.55
2024/11/08 07:51:00,371.00,340.10
2024/11/08 07:51:00,372.00,331.39
2024/11/08 07:51:00,373.00,325.18
2024/11/08 07:51:00,374.00,325.94
2024/11/08 07:51:00,375.00,334.91
2024/11/08 07:51:00,376.00,346.69
2024/11/08 07:51:00,377.00,358.01
2024/11/08 07:51:00,378.00,366.20
2024/11/08 07:51:00,379.00,364.07
2024/11/08 07:51:00,380.00,349.11
2024/11/08 07:51:00,381.00,332.16
2024/11/08 07:51:00,382.00,318.71
2024/11/08 07:51:00,383.00,308.04
2024/11/08 07:51:00,384.00,304.08
2024/11/08 07:51:00,385.00,309.96
2024/11/08 07:51:00,386.00,320.29
2024/11/08 07:51:00,387.00,332.81
2024/11/08 07:51:00,388.00,347.94
2024/11/08 07:51:00,389.00,360.43
2024/11/08 07:51:00,390.00,362.55
2024/11/08 07:51:00,391.00,357.06
2024/11/08 07:51:00,392.00,352.13
2024/11/08 07:51:00,393.00,343.60
2024/11/08 07:51:00,394.00,333.38
2024/11/08 07:51:00,395.00,338.66
2024/11/08 07:51:00,396.00,363.98
2024/11/08 07:51:00,397.00,394.02
2024/11/08 07:51:00,398.00,429.48
2024/11/08 07:51:00,399.00,472.51
2024/11/08 07:51:00,400.00,511.03
2024/11/08 07:51:00,401.00,535.29
2024/11/08 07:51:00,402.00,548.42
2024/11/08 07:51:00,403.00,551.81
2024/11/08 07:51:00,404.00,549.29
2024/11/08 07:51:00,405.00,546.72
2024/11/08 07:51:00,406.00,546.48
2024/11/08 07:51:00,407.00,547.38
2024/11/08 07:51:00,408.00,550.44
2024/11/08 07:51:00,409.00,557.80
2024/11/08 07:51:00,410.00,565.80
2024/11/08 07:51:00,411.00,573.01
2024/11/08 07:51:00,412.00,579.94
2024/11/08 07:51:00,413.00,587.89
2024/11/08 07:51:00,414.00,593.16
2024/11/08 07:51:00,415.00,594.83
2024/11/08 07:51:00,416.00,594.21
2024/11/08 07:51:00,417.00,594.08
2024/11/08 07:51:00,418.00,594.60
2024/11/08 07:51:00,419.00,595.39
2024/11/08 07:51:00,420.00,596.21
2024/11/08 07:51:00,421.00,597.76
2024/11/08 07:51:00,422.00,599.67
2024/11/08 07:51:00,423.00,599.52
2024/11/08 07:51:00,424.00,596.78
2024/11/08 07:51:00,425.00,595.03
2024/11/08 07:51:00,426.00,590.63
2024/11/08 07:51:00,427.00,578.43
2024/11/08 07:51:00,428.00,563.48
2024/11/08 07:51:00,429.00,554.58
2024/11/08 07:51:00,430.00,553.87
2024/11/08 07:51:00,431.00,559.69
2024/11/08 07:51:00,432.00,574.86
2024/11/08 07:51:00,433.00,599.15
2024/11/08 07:51:00,434.00,621.35
2024/11/08 07:51:00,435.00,633.29
2024/11/08 07:51:00,436.00,639.12
2024/11/08 07:51:00,437.00,643.50
2024/11/08 07:51:00,438.00,646.96
2024/11/08 07:51:00,439.00,651.61
2024/11/08 07:51:00,440.00,660.93
2024/11/08 07:51:00,441.00,675.38
2024/11/08 07:51:00,442.00,689.33
2024/11/08 07:51:00,443.00,698.39
2024/11/08 07:51:00,444.00,705.19
2024/11/08 07:51:00,445.00,711.44
2024/11/08 07:51:00,446.00,717.86
2024/11/08 07:51:00,447.00,728.17
2024/11/08 07:51:00,448.00,742.53
2024/11/08 07:51:00,449.00,754.01
2024/11/08 07:51:00,450.00,759.72
2024/11/08 07:51:00,451.00,761.08
2024/11/08 07:51:00,452.00,759.36
2024/11/08 07:51:00,453.00,756.64
2024/11/08 07:51:00,454.00,758.42
2024/11/08 07:51:00,455.00,762.17
2024/11/08 07:51:00,456.00,767.42
2024/11/08 07:51:00,457.00,772.80
2024/11/08 07:51:00,458.00,776.72
2024/11/08 07:51:00,459.00,780.01
2024/11/08 07:51:00,460.00,783.40
2024/11/08 07:51:00,461.00,787.26
2024/11/08 07:51:00,462.00,790.03
2024/11/08 07:51:00,463.00,789.92
2024/11/08 07:51:00,464.00,786.81
2024/11/08 07:51:00,465.00,783.35
2024/11/08 07:51:00,466.00,778.97
2024/11/08 07:51:00,467.00,775.52
2024/11/08 07:51:00,468.00,774.49
2024/11/08 07:51:00,469.00,773.68
2024/11/08 07:51:00,470.00,774.02
2024/11/08 07:51:00,471.00,778.10
2024/11/08 07:51:00,472.00,781.70
2024/11/08 07:51:00,473.00,783.43
2024/11/08 07:51:00,474.00,786.54
2024/11/08 07:51:00,475.00,788.40
2024/11/08 07:51:00,476.00,789.16
2024/11/08 07:51:00,477.00,791.00
2024/11/08 07:51:00,478.00,794.33
2024/11/08 07:51:00,479.00,797.14
2024/11/08 07:51:00,480.00,799.81
2024/11/08 07:51:00,481.00,798.75
2024/11/08 07:51:00,482.00,793.62
2024/11/08 07:51:00,483.00,782.32
2024/11/08 07:51:00,484.00,765.57
2024/11/08 07:51:00,485.00,750.13
2024/11/08 07:51:00,486.00,742.15
2024/11/08 07:51:00,487.00,739.93
2024/11/08 07:51:00,488.00,744.16
2024/11/08 07:51:00,489.00,754.01
2024/11/08 07:51:00,490.00,761.49
2024/11/08 07:51:00,491.00,766.53
2024/11/08 07:51:00,492.00,769.58
2024/11/08 07:51:00,493.00,772.76
2024/11/08 07:51:00,494.00,776.01
2024/11/08 07:51:00,495.00,779.08
2024/11/08 07:51:00,496.00,778.56
2024/11/08 07:51:00,497.00,776.47
2024/11/08 07:51:00,498.00,770.20
2024/11/08 07:51:00,499.00,761.78
2024/11/08 07:51:00,500.00,756.10
2024/11/08 07:51:00,501.00,752.00
2024/11/08 07:51:00,502.00,750.16
2024/11/08 07:51:00,503.00,753.27
2024/11/08 07:51:00,504.00,758.13
2024/11/08 07:51:00,505.00,761.84
2024/11/08 07:51:00,506.00,764.58
2024/11/08 07:51:00,507.00,766.19
2024/11/08 07:51:00,508.00,766.98
2024/11/08 07:51:00,509.00,765.85
2024/11/08 07:51:00,510.00,763.74
2024/11/08 07:51:00,511.00,761.61
2024/11/08 07:51:00,512.00,757.33
2024/11/08 07:51:00,513.00,749.56
2024/11/08 07:51:00,514.00,739.56
2024/11/08 07:51:00,515.00,727.66
2024/11/08 07:51:00,516.00,715.98
2024/11/08 07:51:00,517.00,709.06
2024/11/08 07:51:00,518.00,708.15
2024/11/08 07:51:00,519.00,711.02
2024/11/08 07:51:00,520.00,719.43
2024/11/08 07:51:00,521.00,728.72
2024/11/08 07:51:00,522.00,737.54
2024/11/08 07:51:00,523.00,741.06
2024/11/08 07:51:00,524.00,740.05
2024/11/08 07:51:00,525.00,739.13
2024/11/08 07:51:00,526.00,739.90
2024/11/08 07:51:00,527.00,739.88
2024/11/08 07:51:00,528.00,741.86
2024/11/08 07:51:00,529.00,748.18
2024/11/08 07:51:00,530.00,750.82
2024/11/08 07:51:00,531.00,751.07
2024/11/08 07:51:00,532.00,751.66
2024/11/08 07:51:00,533.00,750.34
2024/11/08 07:51:00,534.00,749.47
2024/11/08 07:51:00,535.00,750.79
2024/11/08 07:51:00,536.00,751.84
2024/11/08 07:51:00,537.00,750.30
2024/11/08 07:51:00,538.00,746.23
2024/11/08 07:51:00,539.00,742.02
2024/11/08 07:51:00,540.00,740.10
2024/11/08 07:51:00,541.00,738.04
2024/11/08 07:51:00,542.00,737.36
2024/11/08 07:51:00,543.00,740.16
2024/11/08 07:51:00,544.00,741.57
2024/11/08 07:51:00,545.00,740.96
2024/11/08 07:51:00,546.00,741.55
2024/11/08 07:51:00,547.00,740.85
2024/11/08 07:51:00,548.00,740.94
2024/11/08 07:51:00,549.00,741.39
2024/11/08 07:51:00,550.00,742.12
2024/11/08 07:51:00,551.00,742.50
2024/11/08 07:51:00,552.00,743.19
2024/11/08 07:51:00,553.00,742.17
2024/11/08 07:51:00,554.00,740.87
2024/11/08 07:51:00,555.00,737.56
2024/11/08 07:51:00,556.00,731.17
2024/11/08 07:51:00,557.00,726.38
2024/11/08 07:51:00,558.00,721.51
2024/11/08 07:51:00,559.00,717.36
2024/11/08 07:51:00,560.00,716.37
2024/11/08 07:51:00,561.00,717.95
2024/11/08 07:51:00,562.00,717.66
2024/11/08 07:51:00,563.00,717.35
2024/11/08 07:51:00,564.00,717.09
2024/11/08 07:51:00,565.00,716.02
2024/11/08 07:51:00,566.00,712.87
2024/11/08 07:51:00,567.00,710.03
2024/11/08 07:51:00,568.00,707.25
2024/11/08 07:51:00,569.00,705.49
2024/11/08 07:51:00,570.00,703.45
2024/11/08 07:51:00,571.00,704.20
2024/11/08 07:51:00,572.00,705.58
2024/11/08 07:51:00,573.00,705.98
2024/11/08 07:51:00,574.00,705.80
2024/11/08 07:51:00,575.00,705.98
2024/11/08 07:51:00,576.00,703.33
2024/11/08 07:51:00,577.00,701.94
2024/11/08 07:51:00,578.00,702.82
2024/11/08 07:51:00,579.00,703.78
2024/11/08 07:51:00,580.00,705.08
2024/11/08 07:51:00,581.00,708.64
2024/11/08 07:51:00,582.00,710.67
2024/11/08 07:51:00,583.00,711.37
2024/11/08 07:51:00,584.00,711.38
2024/11/08 07:51:00,585.00,708.56
2024/11/08 07:51:00,586.00,703.72
2024/11/08 07:51:00,587.00,697.94
2024/11/08 07:51:00,588.00,692.99
2024/11/08 07:51:00,589.00,690.39
2024/11/08 07:51:00,590.00,689.52
2024/11/08 07:51:00,591.00,689.06
2024/11/08 07:51:00,592.00,692.92
2024/11/08 07:51:00,593.00,695.28
2024/11/08 07:51:00,594.00,695.58
2024/11/08 07:51:00,595.00,696.45
2024/11/08 07:51:00,596.00,696.23
2024/11/08 07:51:00,597.00,694.43
2024/11/08 07:51:00,598.00,691.63
2024/11/08 07:51:00,599.00,687.85
2024/11/08 07:51:00,600.00,685.71
2024/11/08 07:51:00,601.00,686.33
2024/11/08 07:51:00,602.00,685.41
2024/11/08 07:51:00,603.00,687.20
2024/11/08 07:51:00,604.00,688.70
2024/11/08 07:51:00,605.00,686.72
2024/11/08 07:51:00,606.00,685.68
2024/11/08 07:51:00,607.00,685.97
2024/11/08 07:51:00,608.00,683.72
2024/11/08 07:51:00,609.00,682.88
2024/11/08 07:51:00,610.00,681.96
2024/11/08 07:51:00,611.00,679.62
2024/11/08 07:51:00,612.00,676.49
2024/11/08 07:51:00,613.00,673.25
2024/11/08 07:51:00,614.00,669.85
2024/11/08 07:51:00,615.00,668.64
2024/11/08 07:51:00,616.00,667.70
2024/11/08 07:51:00,617.00,668.30
2024/11/08 07:51:00,618.00,670.59
2024/11/08 07:51:00,619.00,671.58
2024/11/08 07:51:00,620.00,671.24
2024/11/08 07:51:00,621.00,671.03
2024/11/08 07:51:00,622.00,668.90
2024/11/08 07:51:00,623.00,666.01
2024/11/08 07:51:00,624.00,663.45
2024/11/08 07:51:00,625.00,661.11
2024/11/08 07:51:00,626.00,657.45
2024/11/08 07:51:00,627.00,654.30
2024/11/08 07:51:00,628.00,650.71
2024/11/08 07:51:00,629.00,649.44
2024/11/08 07:51:00,630.00,648.79
2024/11/08 07:51:00,631.00,648.36
2024/11/08 07:51:00,632.00,651.24
2024/11/08 07:51:00,633.00,653.74
2024/11/08 07:51:00,634.00,654.96
2024/11/08 07:51:00,635.00,656.54
2024/11/08 07:51:00,636.00,659.26
2024/11/08 07:51:00,637.00,659.82
2024/11/08 07:51:00,638.00,661.09
2024/11/08 07:51:00,639.00,662.32
2024/11/08 07:51:00,640.00,661.70
2024/11/08 07:51:00,641.00,661.62
2024/11/08 07:51:00,642.00,661.17
2024/11/08 07:51:00,643.00,660.46
2024/11/08 07:51:00,644.00,660.04
2024/11/08 07:51:00,645.00,659.43
2024/11/08 07:51:00,646.00,658.34
2024/11/08 07:51:00,647.00,656.12
2024/11/08 07:51:00,648.00,654.40
2024/11/08 07:51:00,649.00,653.94
2024/11/08 07:51:00,650.00,653.69
2024/11/08 07:51:00,651.00,652.08
2024/11/08 07:51:00,652.00,649.59
2024/11/08 07:51:00,653.00,642.42
2024/11/08 07:51:00,654.00,633.56
2024/11/08 07:51:00,655.00,627.79
2024/11/08 07:51:00,656.00,624.10
2024/11/08 07:51:00,657.00,624.26
2024/11/08 07:51:00,658.00,628.83
2024/11/08 07:51:00,659.00,634.02
2024/11/08 07:51:00,660.00,638.99
2024/11/08 07:51:00,661.00,643.03
2024/11/08 07:51:00,662.00,644.84
2024/11/08 07:51:00,663.00,647.06
2024/11/08 07:51:00,664.00,650.30
2024/11/08 07:51:00,665.00,650.81
2024/11/08 07:51:00,666.00,652.76
2024/11/08 07:51:00,667.00,655.04
2024/11/08 07:51:00,668.00,654.15
2024/11/08 07:51:00,669.00,653.46
2024/11/08 07:51:00,670.00,653.00
2024/11/08 07:51:00,671.00,651.02
2024/11/08 07:51:00,672.00,649.77
2024/11/08 07:51:00,673.00,650.00
2024/11/08 07:51:00,674.00,650.13
2024/11/08 07:51:00,675.00,650.26
2024/11/08 07:51:00,676.00,650.32
2024/11/08 07:51:00,677.00,648.91
2024/11/08 07:51:00,678.00,648.63
2024/11/08 07:51:00,679.00,647.73
2024/11/08 07:51:00,680.00,646.93
2024/11/08 07:51:00,681.00,646.43
2024/11/08 07:51:00,682.00,644.15
2024/11/08 07:51:00,683.00,638.32
2024/11/08 07:51:00,684.00,625.74
2024/11/08 07:51:00,685.00,608.77
2024/11/08 07:51:00,686.00,590.97
2024/11/08 07:51:00,687.00,575.10
2024/11/08 07:51:00,688.00,563.11
2024/11/08 07:51:00,689.00,560.66
2024/11/08 07:51:00,690.00,565.42
2024/11/08 07:51:00,691.00,572.76
2024/11/08 07:51:00,692.00,581.01
2024/11/08 07:51:00,693.00,588.98
2024/11/08 07:51:00,694.00,595.37
2024/11/08 07:51:00,695.00,599.69
2024/11/08 07:51:00,696.00,602.35
2024/11/08 07:51:00,697.00,605.55
2024/11/08 07:51:00,698.00,606.39
2024/11/08 07:51:00,699.00,606.80
2024/11/08 07:51:00,700.00,606.76
2024/11/08 07:51:00,701.00,608.13
2024/11/08 07:51:00,702.00,608.67
2024/11/08 07:51:00,703.00,610.55
2024/11/08 07:51:00,704.00,611.26
2024/11/08 07:51:00,705.00,611.42
2024/11/08 07:51:00,706.00,610.78
2024/11/08 07:51:00,707.00,609.82
2024/11/08 07:51:00,708.00,610.58
2024/11/08 07:51:00,709.00,611.73
2024/11/08 07:51:00,710.00,612.59
2024/11/08 07:51:00,711.00,613.03
2024/11/08 07:51:00,712.00,611.91
2024/11/08 07:51:00,713.00,609.90
2024/11/08 07:51:00,714.00,604.40
2024/11/08 07:51:00,715.00,595.94
2024/11/08 07:51:00,716.00,586.56
2024/11/08 07:51:00,717.00,576.81
2024/11/08 07:51:00,718.00,567.12
2024/11/08 07:51:00,719.00,561.00
2024/11/08 07:51:00,720.00,558.49
2024/11/08 07:51:00,721.00,557.15
2024/11/08 07:51:00,722.00,555.26
2024/11/08 07:51:00,723.00,554.75
2024/11/08 07:51:00,724.00,554.84
2024/11/08 07:51:00,725.00,554.12
2024/11/08 07:51:00,726.00,555.24
2024/11/08 07:51:00,727.00,557.34
2024/11/08 07:51:00,728.00,557.62
2024/11/08 07:51:00,729.00,559.08
2024/11/08 07:51:00,730.00,561.26
2024/11/08 07:51:00,731.00,564.66
2024/11/08 07:51:00,732.00,567.51
2024/11/08 07:51:00,733.00,570.12
2024/11/08 07:51:00,734.00,572.44
2024/11/08 07:51:00,735.00,573.32
2024/11/08 07:51:00,736.00,570.94
2024/11/08 07:51:00,737.00,572.15
2024/11/08 07:51:00,738.00,570.56
2024/11/08 07:51:00,739.00,568.06
2024/11/08 07:51:00,740.00,568.04
2024/11/08 07:51:00,741.00,567.91
2024/11/08 07:51:00,742.00,565.26
2024/11/08 07:51:00,743.00,566.84
2024/11/08 07:51:00,744.00,568.76
2024/11/08 07:51:00,745.00,568.21
2024/11/08 07:51:00,746.00,569.60
2024/11/08 07:51:00,747.00,567.61
2024/11/08 07:51:00,748.00,567.86
2024/11/08 07:51:00,749.00,567.15
2024/11/08 07:51:00,750.00,564.53
2024/11/08 07:51:00,751.00,564.05
2024/11/08 07:51:00,752.00,563.96
2024/11/08 07:51:00,753.00,557.70
2024/11/08 07:51:00,754.00,557.96
2024/11/08 07:51:00,755.00,555.98
2024/11/08 07:51:00,756.00,539.74
2024/11/08 07:51:00,757.00,512.47
2024/11/08 07:51:00,758.00,475.43
2024/11/08 07:51:00,759.00,428.79
2024/11/08 07:51:00,760.00,385.72
2024/11/08 07:51:00,761.00,352.86
2024/11/08 07:51:00,762.00,336.85
2024/11/08 07:51:00,763.00,337.23
2024/11/08 07:51:00,764.00,346.22
2024/11/08 07:51:00,765.00,363.23
2024/11/08 07:51:00,766.00,386.88
2024/11/08 07:51:00,767.00,410.15
2024/11/08 07:51:00,768.00,436.80
2024/11/08 07:51:00,769.00,458.79
2024/11/08 07:51:00,770.00,475.23
2024/11/08 07:51:00,771.00,490.81
2024/11/08 07:51:00,772.00,502.49
2024/11/08 07:51:00,773.00,507.92
2024/11/08 07:51:00,774.00,515.31
2024/11/08 07:51:00,775.00,520.25
2024/11/08 07:51:00,776.00,522.14
2024/11/08 07:51:00,777.00,523.46
2024/11/08 07:51:00,778.00,523.90
2024/11/08 07:51:00,779.00,525.81
2024/11/08 07:51:00,780.00,526.68
2024/11/08 07:51:00,781.00,525.82
2024/11/08 07:51:00,782.00,528.63
2024/11/08 07:51:00,783.00,528.95
2024/11/08 07:51:00,784.00,526.18
2024/11/08 07:51:00,785.00,527.05
2024/11/08 07:51:00,786.00,526.78
2024/11/08 07:51:00,787.00,523.59
2024/11/08 07:51:00,788.00,522.74
2024/11/08 07:51:00,789.00,521.97
2024/11/08 07:51:00,790.00,518.86
2024/11/08 07:51:00,791.00,517.56
2024/11/08 07:51:00,792.00,514.06
2024/11/08 07:51:00,793.00,512.79
2024/11/08 07:51:00,794.00,510.33
2024/11/08 07:51:00,795.00,507.83
2024/11/08 07:51:00,796.00,510.71
2024/11/08 07:51:00,797.00,510.19
2024/11/08 07:51:00,798.00,508.79
2024/11/08 07:51:00,799.00,511.74
2024/11/08 07:51:00,800.00,512.32
2024/11/08 07:51:00,801.00,508.36
2024/11/08 07:51:00,802.00,513.79
2024/11/08 07:51:00,803.00,514.04
2024/11/08 07:51:00,804.00,511.15
2024/11/08 07:51:00,805.00,511.76
2024/11/08 07:51:00,806.00,512.03
2024/11/08 07:51:00,807.00,510.75
2024/11/08 07:51:00,808.00,510.77
2024/11/08 07:51:00,809.00,508.23
2024/11/08 07:51:00,810.00,509.01
2024/11/08 07:51:00,811.00,504.43
2024/11/08 07:51:00,812.00,498.20
2024/11/08 07:51:00,813.00,496.14
2024/11/08 07:51:00,814.00,492.85
2024/11/08 07:51:00,815.00,485.30
2024/11/08 07:51:00,816.00,483.22
2024/11/08 07:51:00,817.00,479.02
2024/11/08 07:51:00,818.00,475.94
2024/11/08 07:51:00,819.00,477.04
2024/11/08 07:51:00,820.00,476.90
2024/11/08 07:51:00,821.00,476.60
2024/11/08 07:51:00,822.00,479.96
2024/11/08 07:51:00,823.00,480.65
2024/11/08 07:51:00,824.00,483.60
2024/11/08 07:51:00,825.00,483.65
2024/11/08 07:51:00,826.00,484.01
2024/11/08 07:51:00,827.00,485.83
2024/11/08 07:51:00,828.00,479.80
2024/11/08 07:51:00,829.00,475.06
2024/11/08 07:51:00,830.00,476.41
2024/11/08 07:51:00,831.00,471.96
2024/11/08 07:51:00,832.00,469.74
2024/11/08 07:51:00,833.00,473.54
2024/11/08 07:51:00,834.00,472.33
2024/11/08 07:51:00,835.00,471.66
2024/11/08 07:51:00,836.00,474.11
2024/11/08 07:51:00,837.00,474.33
2024/11/08 07:51:00,838.00,471.97
2024/11/08 07:51:00,839.00,470.62
2024/11/08 07:51:00,840.00,469.34
2024/11/08 07:51:00,841.00,466.60
2024/11/08 07:51:00,842.00,463.37
2024/11/08 07:51:00,843.00,462.55
2024/11/08 07:51:00,844.00,462.44
2024/11/08 07:51:00,845.00,458.74
2024/11/08 07:51:00,846.00,457.54
2024/11/08 07:51:00,847.00,455.77
2024/11/08 07:51:00,848.00,451.63
2024/11/08 07:51:00,849.00,448.79
2024/11/08 07:51:00,850.00,445.89
2024/11/08 07:51:00,851.00,438.69
2024/11/08 07:51:00,852.00,433.01
2024/11/08 07:51:00,853.00,430.38
2024/11/08 07:51:00,854.00,429.25
2024/11/08 07:51:00,855.00,431.05
2024/11/08 07:51:00,856.00,435.60
2024/11/08 07:51:00,857.00,440.03
2024/11/08 07:51:00,858.00,442.68
2024/11/08 07:51:00,859.00,442.17
2024/11/08 07:51:00,860.00,444.08
2024/11/08 07:51:00,861.00,445.36
2024/11/08 07:51:00,862.00,442.42
2024/11/08 07:51:00,863.00,439.85
2024/11/08 07:51:00,864.00,436.38
2024/11/08 07:51:00,865.00,430.92
2024/11/08 07:51:00,866.00,428.05
2024/11/08 07:51:00,867.00,427.89
2024/11/08 07:51:00,868.00,428.11
2024/11/08 07:51:00,869.00,430.84
2024/11/08 07:51:00,870.00,431.42
2024/11/08 07:51:00,871.00,432.09
2024/11/08 07:51:00,872.00,431.81
2024/11/08 07:51:00,873.00,430.18
2024/11/08 07:51:00,874.00,431.04
2024/11/08 07:51:00,875.00,430.46
2024/11/08 07:51:00,876.00,429.74
2024/11/08 07:51:00,877.00,430.63
2024/11/08 07:51:00,878.00,429.96
2024/11/08 07:51:00,879.00,428.50
2024/11/08 07:51:00,880.00,428.58
2024/11/08 07:51:00,881.00,427.77
2024/11/08 07:51:00,882.00,427.46
2024/11/08 07:51:00,883.00,426.63
2024/11/08 07:51:00,884.00,425.63
2024/11/08 07:51:00,885.00,424.04
2024/11/08 07:51:00,886.00,423.81
2024/11/08 07:51:00,887.00,422.04
2024/11/08 07:51:00,888.00,421.99
2024/11/08 07:51:00,889.00,419.76
2024/11/08 07:51:00,890.00,418.76
2024/11/08 07:51:00,891.00,416.61
2024/11/08 07:51:00,892.00,411.86
2024/11/08 07:51:00,893.00,407.43
2024/11/08 07:51:00,894.00,403.16
2024/11/08 07:51:00,895.00,395.15
2024/11/08 07:51:00,896.00,387.16
2024/11/08 07:51:00,897.00,381.31
2024/11/08 07:51:00,898.00,372.55
2024/11/08 07:51:00,899.00,366.78
2024/11/08 07:51:00,900.00,364.57
2024/11/08 07:51:00,901.00,364.66
2024/11/08 07:51:00,902.00,366.26
2024/11/08 07:51:00,903.00,368.90
2024/11/08 07:51:00,904.00,369.77
2024/11/08 07:51:00,905.00,368.25
2024/11/08 07:51:00,906.00,364.17
2024/11/08 07:51:00,907.00,360.17
2024/11/08 07:51:00,908.00,358.17
2024/11/08 07:51:00,909.00,355.81
2024/11/08 07:51:00,910.00,355.58
2024/11/08 07:51:00,911.00,355.31
2024/11/08 07:51:00,912.00,353.92
2024/11/08 07:51:00,913.00,352.18
2024/11/08 07:51:00,914.00,350.85
2024/11/08 07:51:00,915.00,349.70
2024/11/08 07:51:00,916.00,349.99
2024/11/08 07:51:00,917.00,350.97
2024/11/08 07:51:00,918.00,354.13
2024/11/08 07:51:00,919.00,355.92
2024/11/08 07:51:00,920.00,356.86
2024/11/08 07:51:00,921.00,358.82
2024/11/08 07:51:00,922.00,357.92
2024/11/08 07:51:00,923.00,356.27
2024/11/08 07:51:00,924.00,354.75
2024/11/08 07:51:00,925.00,351.08
2024/11/08 07:51:00,926.00,344.76
2024/11/08 07:51:00,927.00,338.30
2024/11/08 07:51:00,928.00,327.68
2024/11/08 07:51:00,929.00,314.47
2024/11/08 07:51:00,930.00,297.48
2024/11/08 07:51:00,931.00,280.10
2024/11/08 07:51:00,932.00,261.89
2024/11/08 07:51:00,933.00,245.86
2024/11/08 07:51:00,934.00,233.59
2024/11/08 07:51:00,935.00,227.13
2024/11/08 07:51:00,936.00,224.12
2024/11/08 07:51:00,937.00,226.67
2024/11/08 07:51:00,938.00,232.18
2024/11/08 07:51:00,939.00,237.21
2024/11/08 07:51:00,940.00,241.55
2024/11/08 07:51:00,941.00,243.34
2024/11/08 07:51:00,942.00,241.33
2024/11/08 07:51:00,943.00,240.05
2024/11/08 07:51:00,944.00,238.59
2024/11/08 07:51:00,945.00,238.71
2024/11/08 07:51:00,946.00,239.48
2024/11/08 07:51:00,947.00,240.09
2024/11/08 07:51:00,948.00,242.21
2024/11/08 07:51:00,949.00,243.75
2024/11/08 07:51:00,950.00,245.07
2024/11/08 07:51:00,951.00,248.51
2024/11/08 07:51:00,952.00,248.79
2024/11/08 07:51:00,953.00,248.82
2024/11/08 07:51:00,954.00,251.99
2024/11/08 07:51:00,955.00,253.60
2024/11/08 07:51:00,956.00,255.30
2024/11/08 07:51:00,957.00,259.22
2024/11/08 07:51:00,958.00,261.62
2024/11/08 07:51:00,959.00,263.61
2024/11/08 07:51:00,960.00,266.72
2024/11/08 07:51:00,961.00,270.61
2024/11/08 07:51:00,962.00,274.14
2024/11/08 07:51:00,963.00,278.18
2024/11/08 07:51:00,964.00,283.81
2024/11/08 07:51:00,965.00,289.69
2024/11/08 07:51:00,966.00,294.56
2024/11/08 07:51:00,967.00,301.18
2024/11/08 07:51:00,968.00,307.83
2024/11/08 07:51:00,969.00,311.25
2024/11/08 07:51:00,970.00,314.37
2024/11/08 07:51:00,971.00,316.14
2024/11/08 07:51:00,972.00,315.16
2024/11/08 07:51:00,973.00,314.37
2024/11/08 07:51:00,974.00,313.97
2024/11/08 07:51:00,975.00,313.67
2024/11/08 07:51:00,976.00,313.47
2024/11/08 07:51:00,977.00,314.00
2024/11/08 07:51:00,978.00,316.30
2024/11/08 07:51:00,979.00,317.65
2024/11/08 07:51:00,980.00,319.98
2024/11/08 07:51:00,981.00,323.89
2024/11/08 07:51:00,982.00,325.91
2024/11/08 07:51:00,983.00,328.33
2024/11/08 07:51:00,984.00,331.66
2024/11/08 07:51:00,985.00,332.40
2024/11/08 07:51:00,986.00,332.62
2024/11/08 07:51:00,987.00,333.25
2024/11/08 07:51:00,988.00,332.25
2024/11/08 07:51:00,989.00,332.19
2024/11/08 07:51:00,990.00,331.72
2024/11/08 07:51:00,991.00,332.50
2024/11/08 07:51:00,992.00,333.09
2024/11/08 07:51:00,993.00,333.08
2024/11/08 07:51:00,994.00,334.59
2024/11/08 07:51:00,995.00,334.09
2024/11/08 07:51:00,996.00,332.94
2024/11/08 07:51:00,997.00,332.54
2024/11/08 07:51:00,998.00,330.49
2024/11/08 07:51:00,999.00,328.66
2024/11/08 07:51:00,1000.00,329.66
2024/11/08 07:51:00,1001.00,328.85
2024/11/08 07:51:00,1002.00,327.35
2024/11/08 07:51:00,1003.00,326.95
2024/11/08 07:51:00,1004.00,325.16
2024/11/08 07:51:00,1005.00,322.86
2024/11/08 07:51:00,1006.00,320.36
2024/11/08 07:51:00,1007.00,320.41
2024/11/08 07:51:00,1008.00,321.28
2024/11/08 07:51:00,1009.00,320.77
2024/11/08 07:51:00,1010.00,323.40
2024/11/08 07:51:00,1011.00,324.93
2024/11/08 07:51:00,1012.00,323.01
2024/11/08 07:51:00,1013.00,323.09
2024/11/08 07:51:00,1014.00,322.50
2024/11/08 07:51:00,1015.00,318.69
2024/11/08 07:51:00,1016.00,318.54
2024/11/08 07:51:00,1017.00,316.59
2024/11/08 07:51:00,1018.00,314.70
2024/11/08 07:51:00,1019.00,314.49
2024/11/08 07:51:00,1020.00,313.47
2024/11/08 07:51:00,1021.00,314.24
2024/11/08 07:51:00,1022.00,313.87
2024/11/08 07:51:00,1023.00,314.82
2024/11/08 07:51:00,1024.00,316.44
2024/11/08 07:51:00,1025.00,314.89
2024/11/08 07:51:00,1026.00,313.17
2024/11/08 07:51:00,1027.00,314.33
2024/11/08 07:51:00,1028.00,310.21
2024/11/08 07:51:00,1029.00,310.70
2024/11/08 07:51:00,1030.00,311.60
2024/11/08 07:51:00,1031.00,308.94
2024/11/08 07:51:00,1032.00,307.80
2024/11/08 07:51:00,1033.00,306.82
2024/11/08 07:51:00,1034.00,304.58
2024/11/08 07:51:00,1035.00,303.96
2024/11/08 07:51:00,1036.00,303.41
2024/11/08 07:51:00,1037.00,305.06
2024/11/08 07:51:00,1038.00,305.19
2024/11/08 07:51:00,1039.00,304.45
2024/11/08 07:51:00,1040.00,307.09
2024/11/08 07:51:00,1041.00,306.55
2024/11/08 07:51:00,1042.00,304.14
2024/11/08 07:51:00,1043.00,304.53
2024/11/08 07:51:00,1044.00,300.17
2024/11/08 07:51:00,1045.00,297.48
2024/11/08 07:51:00,1046.00,298.25
2024/11/08 07:51:00,1047.00,297.81
2024/11/08 07:51:00,1048.00,297.10
2024/11/08 07:51:00,1049.00,296.99
2024/11/08 07:51:00,1050.00,297.16
2024/11/08 07:51:00,1051.00,297.16
2024/11/08 07:51:00,1052.00,294.82
2024/11/08 07:51:00,1053.00,295.07
2024/11/08 07:51:00,1054.00,294.23
2024/11/08 07:51:00,1055.00,289.98
2024/11/08 07:51:00,1056.00,293.13
2024/11/08 07:51:00,1057.00,292.73
2024/11/08 07:51:00,1058.00,291.26
2024/11/08 07:51:00,1059.00,292.57
2024/11/08 07:51:00,1060.00,293.52
2024/11/08 07:51:00,1061.00,292.81
2024/11/08 07:51:00,1062.00,292.53
2024/11/08 07:51:00,1063.00,292.63
2024/11/08 07:51:00,1064.00,290.50
2024/11/08 07:51:00,1065.00,286.27
2024/11/08 07:51:00,1066.00,285.15
2024/11/08 07:51:00,1067.00,284.83
2024/11/08 07:51:00,1068.00,281.35
2024/11/08 07:51:00,1069.00,283.09
2024/11/08 07:51:00,1070.00,284.19
2024/11/08 07:51:00,1071.00,278.35
2024/11/08 07:51:00,1072.00,280.50
2024/11/08 07:51:00,1073.00,280.48
2024/11/08 07:51:00,1074.00,278.20
2024/11/08 07:51:00,1075.00,282.02
2024/11/08 07:51:00,1076.00,284.52
2024/11/08 07:51:00,1077.00,284.77
2024/11/08 07:51:00,1078.00,284.10
2024/11/08 07:51:00,1079.00,280.99
2024/11/08 07:51:00,1080.00,280.74
2024/11/08 07:51:00,1081.00,272.75
2024/11/08 07:51:00,1082.00,273.65
2024/11/08 07:51:00,1083.00,280.37
2024/11/08 07:51:00,1084.00,275.48
2024/11/08 07:51:00,1085.00,280.54
2024/11/08 07:51:00,1086.00,284.41
2024/11/08 07:51:00,1087.00,276.88
2024/11/08 07:51:00,1088.00,278.63
2024/11/08 07:51:00,1089.00,278.27
2024/11/08 07:51:00,1090.00,272.24
2024/11/08 07:51:00,1091.00,270.89
2024/11/08 07:51:00,1092.00,266.12
2024/11/08 07:51:00,1093.00,268.04
2024/11/08 07:51:00,1094.00,263.94
2024/11/08 07:51:00,1095.00,263.06
2024/11/08 07:51:00,1096.00,269.75
2024/11/08 07:51:00,1097.00,259.40
2024/11/08 07:51:00,1098.00,259.76
2024/11/08 07:51:00,1099.00,269.12
2024/11/08 07:51:00,1100.00,259.38
2024/11/08 07:52:00,Wavelength(nm),Irradiance(W/m2/um)
2024/11/08 07:52:00,300.00,9.90
2024/11/08 07:52:00,301.00,10.88
2024/11/08 07:52:00,302.00,12.08
2024/11/08 07:52:00,303.00,13.74
2024/11/08 07:52:00,304.00,15.50
2024/11/08 07:52:00,305.00,17.65
2024/11/08 07:52:00,306.00,20.30
2024/11/08 07:52:00,307.00,23.79
2024/11/08 07:52:00,308.00,27.88
2024/11/08 07:52:00,309.00,32.96
2024/11/08 07:52:00,310.00,39.11
2024/11/08 07:52:00,311.00,45.29
2024/11/08 07:52:00,312.00,51.96
2024/11/08 07:52:00,313.00,59.41
2024/11/08 07:52:00,314.00,67.24
2024/11/08 07:52:00,315.00,75.14
2024/11/08 07:52:00,316.00,83.76
2024/11/08 07:52:00,317.00,93.05
2024/11/08 07:52:00,318.00,101.57
2024/11/08 07:52:00,319.00,109.25
2024/11/08 07:52:00,320.00,117.25
2024/11/08 07:52:00,321.00,125.86
2024/11/08 07:52:00,322.00,135.65
2024/11/08 07:52:00,323.00,146.97
2024/11/08 07:52:00,324.00,159.92
2024/11/08 07:52:00,325.00,173.33
2024/11/08 07:52:00,326.00,186.98
2024/11/08 07:52:00,327.00,199.67
2024/11/08 07:52:00,328.00,210.23
2024/11/08 07:52:00,329.00,219.06
2024/11/08 07:52:00,330.00,226.35
2024/11/08 07:52:00,331.00,231.90
2024/11/08 07:52:00,332.00,235.44
2024/11/08 07:52:00,333.00,236.86
2024/11/08 07:52:00,334.00,237.06
2024/11/08 07:52:00,335.00,237.95
2024/11/08 07:52:00,336.00,239.25
2024/11/08 07:52:00,337.00,241.25
2024/11/08 07:52:00,338.00,245.20
2024/11/08 07:52:00,339.00,250.66
2024/11/08 07:52:00,340.00,254.97
2024/11/08 07:52:00,341.00,256.92
2024/11/08 07:52:00,342.00,258.25
2024/11/08 07:52:00,343.00,259.26
2024/11/08 07:52:00,344.00,259.40
2024/11/08 07:52:00,345.00,259.02
2024/11/08 07:52:00,346.00,260.32
2024/11/08 07:52:00,347.00,263.20
2024/11/08 07:52:00,348.00,266.84
2024/11/08 07:52:00,349.00,270.27
2024/11/08 07:52:00,350.00,274.97
2024/11/08 07:52:00,351.00,281.55
2024/11/08 07:52:00,352.00,287.45
2024/11/08 07:52:00,353.00,290.74
2024/11/08 07:52:00,354.00,291.37
2024/11/08 07:52:00,355.00,288.00
2024/11/08 07:52:00,356.00,283.23
2024/11/08 07:52:00,357.00,279.40
2024/11/08 07:52:00,358.00,276.09
2024/11/08 07:52:00,359.00,276.13
2024/11/08 07:52:00,360.00,282.29
2024/11/08 07:52:00,361.00,289.11
2024/11/08 07:52:00,362.00,297.37
2024/11/08 07:52:00,363.00,310.05
2024/11/08 07:52:00,364.00,324.23
2024/11/08 07:52:00,365.00,335.36
2024/11/08 07:52:00,366.00,345.12
2024/11/08 07:52:00,367.00,352.50
2024/11/08 07:52:00,368.00,356.24
2024/11/08 07:52:00,369.00,355.09
2024/11/08 07:52:00,370.00,349.90
2024/11/08 07:52:00,371.00,341.30
2024/11/08 07:52:00,372.00,332.48
2024/11/08 07:52:00,373.00,326.23
2024/11/08 07:52:00,374.00,327.01
2024/11/08 07:52:00,375.00,336.06
2024/11/08 07:52:00,376.00,348.15
2024/11/08 07:52:00,377.00,359.59
2024/11/08 07:52:00,378.00,368.09
2024/11/08 07:52:00,379.00,366.34
2024/11/08 07:52:00,380.00,351.78
2024/11/08 07:52:00,381.00,334.80
2024/11/08 07:52:00,382.00,321.13
2024/11/08 07:52:00,383.00,310.34
2024/11/08 07:52:00,384.00,306.03
2024/11/08 07:52:00,385.00,311.42
2024/11/08 07:52:00,386.00,321.85
2024/11/08 07:52:00,387.00,334.86
2024/11/08 07:52:00,388.00,349.89
2024/11/08 07:52:00,389.00,362.67
2024/11/08 07:52:00,390.00,364.89
2024/11/08 07:52:00,391.00,359.49
2024/11/08 07:52:00,392.00,354.47
2024/11/08 07:52:00,393.00,345.86
2024/11/08 07:52:00,394.00,335.59
2024/11/08 07:52:00,395.00,341.07
2024/11/08 07:52:00,396.00,365.78
2024/11/08 07:52:00,397.00,395.93
2024/11/08 07:52:00,398.00,431.49
2024/11/08 07:52:00,399.00,474.21
2024/11/08 07:52:00,400.00,513.06
2024/11/08 07:52:00,401.00,537.74
2024/11/08 07:52:00,402.00,551.25
2024/11/08 07:52:00,403.00,554.95
2024/11/08 07:52:00,404.00,553.16
2024/11/08 07:52:00,405.00,550.54
2024/11/08 07:52:00,406.00,550.34
2024/11/08 07:52:00,407.00,550.92
2024/11/08 07:52:00,408.00,554.15
2024/11/08 07:52:00,409.00,561.24
2024/11/08 07:52:00,410.00,569.14
2024/11/08 07:52:00,411.00,576.48
2024/11/08 07:52:00,412.00,583.67
2024/11/08 07:52:00,413.00,591.48
2024/11/08 07:52:00,414.00,596.65
2024/11/08 07:52:00,415.00,598.23
2024/11/08 07:52:00,416.00,597.82
2024/11/08 07:52:00,417.00,597.67
2024/11/08 07:52:00,418.00,598.07
2024/11/08 07:52:00,419.00,599.01
2024/11/08 07:52:00,420.00,599.94
2024/11/08 07:52:00,421.00,601.43
2024/11/08 07:52:00,422.00,603.17
2024/11/08 07:52:00,423.00,603.09
2024/11/08 07:52:00,424.00,600.60
2024/11/08 07:52:00,425.00,598.21
2024/11/08 07:52:00,426.00,593.43
2024/11/08 07:52:00,427.00,580.88
2024/11/08 07:52:00,428.00,565.50
2024/11/08 07:52:00,429.00,556.51
2024/11/08 07:52:00,430.00,555.74
2024/11/08 07:52:00,431.00,561.25
2024/11/08 07:52:00,432.00,577.22
2024/11/08 07:52:00,433.00,601.81
2024/11/08 07:52:00,434.00,624.39
2024/11/08 07:52:00,435.00,636.64
2024/11/08 07:52:00,436.00,642.52
2024/11/08 07:52:00,437.00,646.96
2024/11/08 07:52:00,438.00,650.01
2024/11/08 07:52:00,439.00,654.44
2024/11/08 07:52:00,440.00,664.43
2024/11/08 07:52:00,441.00,679.73
2024/11/08 07:52:00,442.00,692.38
2024/11/08 07:52:00,443.00,701.97
2024/11/08 07:52:00,444.00,709.69
2024/11/08 07:52:00,445.00,715.71
2024/11/08 07:52:00,446.00,721.42
2024/11/08 07:52:00,447.00,732.66
2024/11/08 07:52:00,448.00,746.69
2024/11/08 07:52:00,449.00,757.86
2024/11/08 07:52:00,450.00,762.91
2024/11/08 07:52:00,451.00,764.13
2024/11/08 07:52:00,452.00,762.54
2024/11/08 07:52:00,453.00,760.06
2024/11/08 07:52:00,454.00,760.95
2024/11/08 07:52:00,455.00,765.02
2024/11/08 07:52:00,456.00,770.39
2024/11/08 07:52:00,457.00,775.80
2024/11/08 07:52:00,458.00,780.61
2024/11/08 07:52:00,459.00,783.94
2024/11/08 07:52:00,460.00,787.54
2024/11/08 07:52:00,461.00,791.48
2024/11/08 07:52:00,462.00,794.24
2024/11/08 07:52:00,463.00,793.03
2024/11/08 07:52:00,464.00,789.88
2024/11/08 07:52:00,465.00,785.95
2024/11/08 07:52:00,466.00,781.81
2024/11/08 07:52:00,467.00,777.66
2024/11/08 07:52:00,468.00,777.03
2024/11/08 07:52:00,469.00,777.53
2024/11/08 07:52:00,470.00,777.79
2024/11/08 07:52:00,471.00,779.99
2024/11/08 07:52:00,472.00,783.14
2024/11/08 07:52:00,473.00,784.88
2024/11/08 07:52:00,474.00,785.79
2024/11/08 07:52:00,475.00,788.47
2024/11/08 07:52:00,476.00,791.23
2024/11/08 07:52:00,477.00,796.09
2024/11/08 07:52:00,478.00,798.63
2024/11/08 07:52:00,479.00,802.64
2024/11/08 07:52:00,480.00,806.66
2024/11/08 07:52:00,481.00,805.79
2024/11/08 07:52:00,482.00,798.83
2024/11/08 07:52:00,483.00,788.19
2024/11/08 07:52:00,484.00,771.12
2024/11/08 07:52:00,485.00,755.13
2024/11/08 07:52:00,486.00,745.59
2024/11/08 07:52:00,487.00,742.79
2024/11/08 07:52:00,488.00,747.73
2024/11/08 07:52:00,489.00,757.61
2024/11/08 07:52:00,490.00,765.00
2024/11/08 07:52:00,491.00,771.92
2024/11/08 07:52:00,492.00,776.38
2024/11/08 07:52:00,493.00,779.21
2024/11/08 07:52:00,494.00,782.57
2024/11/08 07:52:00,495.00,785.40
2024/11/08 07:52:00,496.00,783.93
2024/11/08 07:52:00,497.00,780.86
2024/11/08 07:52:00,498.00,774.32
2024/11/08 07:52:00,499.00,766.46
2024/11/08 07:52:00,500.00,760.41
2024/11/08 07:52:00,501.00,756.26
2024/11/08 07:52:00,502.00,754.74
2024/11/08 07:52:00,503.00,757.03
2024/11/08 07:52:00,504.00,761.33
2024/11/08 07:52:00,505.00,765.11
2024/11/08 07:52:00,506.00,767.33
2024/11/08 07:52:00,507.00,768.44
2024/11/08 07:52:00,508.00,769.76
2024/11/08 07:52:00,509.00,769.82
2024/11/08 07:52:00,510.00,768.55
2024/11/08 07:52:00,511.00,767.05
2024/11/08 07:52:00,512.00,764.58
2024/11/08 07:52:00,513.00,756.13
2024/11/08 07:52:00,514.00,744.27
2024/11/08 07:52:00,515.00,729.45
2024/11/08 07:52:00,516.00,718.47
2024/11/08 07:52:00,517.00,709.69
2024/11/08 07:52:00,518.00,707.67
2024/11/08 07:52:00,519.00,712.16
2024/11/08 07:52:00,520.00,721.96
2024/11/08 07:52:00,521.00,730.51
2024/11/08 07:52:00,522.00,739.65
2024/11/08 07:52:00,523.00,744.29
2024/11/08 07:52:00,524.00,742.21
2024/11/08 07:52:00,525.00,740.68
2024/11/08 07:52:00,526.00,742.07
2024/11/08 07:52:00,527.00,742.57
2024/11/08 07:52:00,528.00,745.02
2024/11/08 07:52:00,529.00,752.46
2024/11/08 07:52:00,530.00,756.68
2024/11/08 07:52:00,531.00,757.69
2024/11/08 07:52:00,532.00,756.81
2024/11/08 07:52:00,533.00,755.49
2024/11/08 07:52:00,534.00,754.35
2024/11/08 07:52:00,535.00,753.80
2024/11/08 07:52:00,536.00,752.36
2024/11/08 07:52:00,537.00,751.26
2024/11/08 07:52:00,538.00,747.14
2024/11/08 07:52:00,539.00,743.16
2024/11/08 07:52:00,540.00,741.41
2024/11/08 07:52:00,541.00,740.68
2024/11/08 07:52:00,542.00,741.02
2024/11/08 07:52:00,543.00,742.62
2024/11/08 07:52:00,544.00,743.55
2024/11/08 07:52:00,545.00,744.49
2024/11/08 07:52:00,546.00,744.76
2024/11/08 07:52:00,547.00,743.84
2024/11/08 07:52:00,548.00,744.13
2024/11/08 07:52:00,549.00,743.90
2024/11/08 07:52:00,550.00,743.71
2024/11/08 07:52:00,551.00,744.10
2024/11/08 07:52:00,552.00,745.51
2024/11/08 07:52:00,553.00,744.55
2024/11/08 07:52:00,554.00,743.95
2024/11/08 07:52:00,555.00,740.91
2024/11/08 07:52:00,556.00,735.96
2024/11/08 07:52:00,557.00,731.23
2024/11/08 07:52:00,558.00,727.05
2024/11/08 07:52:00,559.00,725.08
2024/11/08 07:52:00,560.00,723.20
2024/11/08 07:52:00,561.00,723.51
2024/11/08 07:52:00,562.00,723.96
2024/11/08 07:52:00,563.00,724.08
2024/11/08 07:52:00,564.00,722.30
2024/11/08 07:52:00,565.00,721.48
2024/11/08 07:52:00,566.00,719.84
2024/11/08 07:52:00,567.00,715.83
2024/11/08 07:52:00,568.00,712.83
2024/11/08 07:52:00,569.00,711.15
2024/11/08 07:52:00,570.00,710.07
2024/11/08 07:52:00,571.00,710.15
2024/11/08 07:52:00,572.00,709.26
2024/11/08 07:52:00,573.00,708.48
2024/11/08 07:52:00,574.00,708.36
2024/11/08 07:52:00,575.00,705.56
2024/11/08 07:52:00,576.00,702.30
2024/11/08 07:52:00,577.00,703.78
2024/11/08 07:52:00,578.00,704.61
2024/11/08 07:52:00,579.00,706.42
2024/11/08 07:52:00,580.00,710.92
2024/11/08 07:52:00,581.00,713.61
2024/11/08 07:52:00,582.00,715.04
2024/11/08 07:52:00,583.00,717.34
2024/11/08 07:52:00,584.00,716.58
2024/11/08 07:52:00,585.00,713.92
2024/11/08 07:52:00,586.00,709.62
2024/11/08 07:52:00,587.00,703.81
2024/11/08 07:52:00,588.00,699.70
2024/11/08 07:52:00,589.00,697.68
2024/11/08 07:52:00,590.00,694.88
2024/11/08 07:52:00,591.00,696.44
2024/11/08 07:52:00,592.00,697.14
2024/11/08 07:52:00,593.00,696.53
2024/11/08 07:52:00,594.00,696.61
2024/11/08 07:52:00,595.00,696.97
2024/11/08 07:52:00,596.00,695.72
2024/11/08 07:52:00,597.00,695.65
2024/11/08 07:52:00,598.00,695.10
2024/11/08 07:52:00,599.00,692.52
2024/11/08 07:52:00,600.00,690.47
2024/11/08 07:52:00,601.00,689.65
2024/11/08 07:52:00,602.00,689.64
2024/11/08 07:52:00,603.00,689.13
2024/11/08 07:52:00,604.00,689.10
2024/11/08 07:52:00,605.00,690.00
2024/11/08 07:52:00,606.00,689.68
2024/11/08 07:52:00,607.00,688.31
2024/11/08 07:52:00,608.00,686.77
2024/11/08 07:52:00,609.00,686.75
2024/11/08 07:52:00,610.00,683.89
2024/11/08 07:52:00,611.00,681.12
2024/11/08 07:52:00,612.00,678.29
2024/11/08 07:52:00,613.00,675.29
2024/11/08 07:52:00,614.00,671.84
2024/11/08 07:52:00,615.00,669.00
2024/11/08 07:52:00,616.00,669.26
2024/11/08 07:52:00,617.00,670.04
2024/11/08 07:52:00,618.00,670.93
2024/11/08 07:52:00,619.00,672.12
2024/11/08 07:52:00,620.00,674.40
2024/11/08 07:52:00,621.00,673.00
2024/11/08 07:52:00,622.00,670.66
2024/11/08 07:52:00,623.00,670.58
2024/11/08 07:52:00,624.00,667.63
2024/11/08 07:52:00,625.00,663.41
2024/11/08 07:52:00,626.00,660.61
2024/11/08 07:52:00,627.00,657.19
2024/11/08 07:52:00,628.00,653.25
2024/11/08 07:52:00,629.00,651.04
2024/11/08 07:52:00,630.00,650.90
2024/11/08 07:52:00,631.00,652.27
2024/11/08 07:52:00,632.00,653.79
2024/11/08 07:52:00,633.00,655.17
2024/11/08 07:52:00,634.00,658.11
2024/11/08 07:52:00,635.00,659.63
2024/11/08 07:52:00,636.00,659.79
2024/11/08 07:52:00,637.00,661.15
2024/11/08 07:52:00,638.00,662.13
2024/11/08 07:52:00,639.00,661.76
2024/11/08 07:52:00,640.00,662.26
2024/11/08 07:52:00,641.00,662.61
2024/11/08 07:52:00,642.00,662.87
2024/11/08 07:52:00,643.00,663.12
2024/11/08 07:52:00,644.00,662.31
2024/11/08 07:52:00,645.00,661.76
2024/11/08 07:52:00,646.00,659.30
2024/11/08 07:52:00,647.00,656.61
2024/11/08 07:52:00,648.00,657.17
2024/11/08 07:52:00,649.00,656.38
2024/11/08 07:52:00,650.00,655.28
2024/11/08 07:52:00,651.00,655.90
2024/11/08 07:52:00,652.00,653.61
2024/11/08 07:52:00,653.00,645.60
2024/11/08 07:52:00,654.00,638.51
2024/11/08 07:52:00,655.00,633.11
2024/11/08 07:52:00,656.00,629.65
2024/11/08 07:52:00,657.00,628.77
2024/11/08 07:52:00,658.00,631.80
2024/11/08 07:52:00,659.00,637.64
2024/11/08 07:52:00,660.00,641.41
2024/11/08 07:52:00,661.00,643.77
2024/11/08 07:52:00,662.00,647.98
2024/11/08 07:52:00,663.00,650.58
2024/11/08 07:52:00,664.00,651.46
2024/11/08 07:52:00,665.00,653.45
2024/11/08 07:52:00,666.00,655.51
2024/11/08 07:52:00,667.00,655.86
2024/11/08 07:52:00,668.00,656.57
2024/11/08 07:52:00,669.00,657.13
2024/11/08 07:52:00,670.00,656.79
2024/11/08 07:52:00,671.00,655.66
2024/11/08 07:52:00,672.00,653.26
2024/11/08 07:52:00,673.00,653.94
2024/11/08 07:52:00,674.00,652.75
2024/11/08 07:52:00,675.00,651.92
2024/11/08 07:52:00,676.00,651.95
2024/11/08 07:52:00,677.00,652.21
2024/11/08 07:52:00,678.00,650.20
2024/11/08 07:52:00,679.00,650.78
2024/11/08 07:52:00,680.00,651.17
2024/11/08 07:52:00,681.00,649.61
2024/11/08 07:52:00,682.00,647.99
2024/11/08 07:52:00,683.00,641.66
2024/11/08 07:52:00,684.00,628.18
2024/11/08 07:52:00,685.00,610.29
2024/11/08 07:52:00,686.00,592.60
2024/11/08 07:52:00,687.00,576.19
2024/11/08 07:52:00,688.00,564.73
2024/11/08 07:52:00,689.00,560.77
2024/11/08 07:52:00,690.00,566.15
2024/11/08 07:52:00,691.00,573.68
2024/11/08 07:52:00,692.00,581.21
2024/11/08 07:52:00,693.00,591.59
2024/11/08 07:52:00,694.00,600.64
2024/11/08 07:52:00,695.00,604.54
2024/11/08 07:52:00,696.00,608.56
2024/11/08 07:52:00,697.00,612.24
2024/11/08 07:52:00,698.00,611.73
2024/11/08 07:52:00,699.00,610.23
2024/11/08 07:52:00,700.00,609.88
2024/11/08 07:52:00,701.00,611.10
2024/11/08 07:52:00,702.00,611.62
2024/11/08 07:52:00,703.00,612.38
2024/11/08 07:52:00,704.00,614.58
2024/11/08 07:52:00,705.00,615.89
2024/11/08 07:52:00,706.00,613.89
2024/11/08 07:52:00,707.00,614.19
2024/11/08 07:52:00,708.00,616.28
2024/11/08 07:52:00,709.00,615.48
2024/11/08 07:52:00,710.00,614.87
2024/11/08 07:52:00,711.00,614.12
2024/11/08 07:52:00,712.00,611.55
2024/11/08 07:52:00,713.00,607.19
2024/11/08 07:52:00,714.00,603.91
2024/11/08 07:52:00,715.00,598.85
2024/11/08 07:52:00,716.00,591.16
2024/11/08 07:52:00,717.00,580.73
2024/11/08 07:52:00,718.00,572.89
2024/11/08 07:52:00,719.00,568.43
2024/11/08 07:52:00,720.00,563.25
2024/11/08 07:52:00,721.00,561.89
2024/11/08 07:52:00,722.00,563.91
2024/11/08 07:52:00,723.00,561.83
2024/11/08 07:52:00,724.00,559.62
2024/11/08 07:52:00,725.00,558.80
2024/11/08 07:52:00,726.00,558.80
2024/11/08 07:52:00,727.00,557.99
2024/11/08 07:52:00,728.00,557.62
2024/11/08 07:52:00,729.00,560.01
2024/11/08 07:52:00,730.00,564.50
2024/11/08 07:52:00,731.00,568.24
2024/11/08 07:52:00,732.00,571.42
2024/11/08 07:52:00,733.00,576.92
2024/11/08 07:52:00,734.00,577.40
2024/11/08 07:52:00,735.00,577.12
2024/11/08 07:52:00,736.00,576.78
2024/11/08 07:52:00,737.00,574.44
2024/11/08 07:52:00,738.00,572.36
2024/11/08 07:52:00,739.00,571.15
2024/11/08 07:52:00,740.00,569.07
2024/11/08 07:52:00,741.00,569.28
2024/11/08 07:52:00,742.00,569.53
2024/11/08 07:52:00,743.00,570.52
2024/11/08 07:52:00,744.00,571.37
2024/11/08 07:52:00,745.00,571.42
2024/11/08 07:52:00,746.00,569.66
2024/11/08 07:52:00,747.00,569.49
2024/11/08 07:52:00,748.00,566.37
2024/11/08 07:52:00,749.00,564.87
2024/11/08 07:52:00,750.00,566.59
2024/11/08 07:52:00,751.00,564.79
2024/11/08 07:52:00,752.00,563.42
2024/11/08 07:52:00,753.00,562.06
2024/11/08 07:52:00,754.00,560.54
2024/11/08 07:52:00,755.00,555.24
2024/11/08 07:52:00,756.00,542.49
2024/11/08 07:52:00,757.00,513.87
2024/11/08 07:52:00,758.00,475.87
2024/11/08 07:52:00,759.00,431.55
2024/11/08 07:52:00,760.00,388.48
2024/11/08 07:52:00,761.00,355.77
2024/11/08 07:52:00,762.00,339.23
2024/11/08 07:52:00,763.00,338.15
2024/11/08 07:52:00,764.00,350.50
2024/11/08 07:52:00,765.00,366.00
2024/11/08 07:52:00,766.00,388.40
2024/11/08 07:52:00,767.00,416.20
2024/11/08 07:52:00,768.00,440.00
2024/11/08 07:52:00,769.00,458.14
2024/11/08 07:52:00,770.00,474.14
2024/11/08 07:52:00,771.00,489.56
2024/11/08 07:52:00,772.00,500.86
2024/11/08 07:52:00,773.00,508.05
2024/11/08 07:52:00,774.00,516.70
2024/11/08 07:52:00,775.00,524.78
2024/11/08 07:52:00,776.00,524.30
2024/11/08 07:52:00,777.00,526.30
2024/11/08 07:52:00,778.00,529.77
2024/11/08 07:52:00,779.00,525.15
2024/11/08 07:52:00,780.00,523.63
2024/11/08 07:52:00,781.00,526.63
2024/11/08 07:52:00,782.00,524.10
2024/11/08 07:52:00,783.00,524.56
2024/11/08 07:52:00,784.00,526.58
2024/11/08 07:52:00,785.00,527.34
2024/11/08 07:52:00,786.00,527.58
2024/11/08 07:52:00,787.00,526.32
2024/11/08 07:52:00,788.00,524.87
2024/11/08 07:52:00,789.00,524.37
2024/11/08 07:52:00,790.00,520.17
2024/11/08 07:52:00,791.00,518.12
2024/11/08 07:52:00,792.00,519.42
2024/11/08 07:52:00,793.00,514.80
2024/11/08 07:52:00,794.00,514.33
2024/11/08 07:52:00,795.00,515.36
2024/11/08 07:52:00,796.00,511.45
2024/11/08 07:52:00,797.00,510.17
2024/11/08 07:52:00,798.00,511.75
2024/11/08 07:52:00,799.00,511.35
2024/11/08 07:52:00,800.00,511.29
2024/11/08 07:52:00,801.00,511.94
2024/11/08 07:52:00,802.00,513.01
2024/11/08 07:52:00,803.00,512.36
2024/11/08 07:52:00,804.00,509.59
2024/11/08 07:52:00,805.00,511.94
2024/11/08 07:52:00,806.00,512.88
2024/11/08 07:52:00,807.00,510.88
2024/11/08 07:52:00,808.00,513.21
2024/11/08 07:52:00,809.00,513.96
2024/11/08 07:52:00,810.00,508.11
2024/11/08 07:52:00,811.00,507.40
2024/11/08 07:52:00,812.00,504.43
2024/11/08 07:52:00,813.00,497.64
2024/11/08 07:52:00,814.00,492.75
2024/11/08 07:52:00,815.00,488.92
2024/11/08 07:52:00,816.00,483.90
2024/11/08 07:52:00,817.00,480.41
2024/11/08 07:52:00,818.00,476.84
2024/11/08 07:52:00,819.00,477.81
2024/11/08 07:52:00,820.00,477.14
2024/11/08 07:52:00,821.00,476.91
2024/11/08 07:52:00,822.00,481.29
2024/11/08 07:52:00,823.00,484.42
2024/11/08 07:52:00,824.00,483.10
2024/11/08 07:52:00,825.00,486.13
2024/11/08 07:52:00,826.00,485.53
2024/11/08 07:52:00,827.00,482.68
2024/11/08 07:52:00,828.00,481.69
2024/11/08 07:52:00,829.00,478.33
2024/11/08 07:52:00,830.00,478.04
2024/11/08 07:52:00,831.00,476.15
2024/11/08 07:52:00,832.00,473.93
2024/11/08 07:52:00,833.00,475.25
2024/11/08 07:52:00,834.00,474.13
2024/11/08 07:52:00,835.00,472.24
2024/11/08 07:52:00,836.00,475.35
2024/11/08 07:52:00,837.00,474.23
2024/11/08 07:52:00,838.00,471.87
2024/11/08 07:52:00,839.00,471.88
2024/11/08 07:52:00,840.00,471.08
2024/11/08 07:52:00,841.00,468.80
2024/11/08 07:52:00,842.00,468.05
2024/11/08 07:52:00,843.00,467.48
2024/11/08 07:52:00,844.00,466.15
2024/11/08 07:52:00,845.00,463.10
2024/11/08 07:52:00,846.00,458.85
2024/11/08 07:52:00,847.00,457.22
2024/11/08 07:52:00,848.00,451.54
2024/11/08 07:52:00,849.00,449.12
2024/11/08 07:52:00,850.00,446.67
2024/11/08 07:52:00,851.00,440.91
2024/11/08 07:52:00,852.00,436.52
2024/11/08 07:52:00,853.00,434.79
2024/11/08 07:52:00,854.00,432.14
2024/11/08 07:52:00,855.00,433.92
2024/11/08 07:52:00,856.00,437.62
2024/11/08 07:52:00,857.00,441.19
2024/11/08 07:52:00,858.00,443.81
2024/11/08 07:52:00,859.00,444.80
2024/11/08 07:52:00,860.00,445.98
2024/11/08 07:52:00,861.00,447.24
2024/11/08 07:52:00,862.00,443.92
2024/11/08 07:52:00,863.00,440.93
2024/11/08 07:52:00,864.00,436.86
2024/11/08 07:52:00,865.00,431.20
2024/11/08 07:52:00,866.00,428.28
2024/11/08 07:52:00,867.00,428.96
2024/11/08 07:52:00,868.00,429.20
2024/11/08 07:52:00,869.00,431.79
2024/11/08 07:52:00,870.00,433.56
2024/11/08 07:52:00,871.00,433.84
2024/11/08 07:52:00,872.00,433.95
2024/11/08 07:52:00,873.00,433.76
2024/11/08 07:52:00,874.00,434.18
2024/11/08 07:52:00,875.00,433.83
2024/11/08 07:52:00,876.00,433.17
2024/11/08 07:52:00,877.00,433.45
2024/11/08 07:52:00,878.00,431.96
2024/11/08 07:52:00,879.00,430.38
2024/11/08 07:52:00,880.00,430.32
2024/11/08 07:52:00,881.00,429.29
2024/11/08 07:52:00,882.00,428.74
2024/11/08 07:52:00,883.00,429.30
2024/11/08 07:52:00,884.00,428.04
2024/11/08 07:52:00,885.00,426.44
2024/11/08 07:52:00,886.00,425.59
2024/11/08 07:52:00,887.00,425.24
2024/11/08 07:52:00,888.00,425.32
2024/11/08 07:52:00,889.00,424.08
2024/11/08 07:52:00,890.00,423.26
2024/11/08 07:52:00,891.00,421.28
2024/11/08 07:52:00,892.00,415.83
2024/11/08 07:52:00,893.00,410.10
2024/11/08 07:52:00,894.00,404.95
2024/11/08 07:52:00,895.00,396.76
2024/11/08 07:52:00,896.00,389.08
2024/11/08 07:52:00,897.00,381.54
2024/11/08 07:52:00,898.00,374.97
2024/11/08 07:52:00,899.00,369.48
2024/11/08 07:52:00,900.00,366.59
2024/11/08 07:52:00,901.00,367.06
2024/11/08 07:52:00,902.00,369.47
2024/11/08 07:52:00,903.00,370.79
2024/11/08 07:52:00,904.00,372.49
2024/11/08 07:52:00,905.00,371.79
2024/11/08 07:52:00,906.00,367.38
2024/11/08 07:52:00,907.00,363.70
2024/11/08 07:52:00,908.00,360.94
2024/11/08 07:52:00,909.00,358.12
2024/11/08 07:52:00,910.00,357.38
2024/11/08 07:52:00,911.00,356.71
2024/11/08 07:52:00,912.00,355.48
2024/11/08 07:52:00,913.00,353.99
2024/11/08 07:52:00,914.00,352.61
2024/11/08 07:52:00,915.00,352.68
2024/11/08 07:52:00,916.00,353.18
2024/11/08 07:52:00,917.00,354.25
2024/11/08 07:52:00,918.00,357.75
2024/11/08 07:52:00,919.00,358.03
2024/11/08 07:52:00,920.00,358.54
2024/11/08 07:52:00,921.00,358.89
2024/11/08 07:52:00,922.00,357.16
2024/11/08 07:52:00,923.00,356.02
2024/11/08 07:52:00,924.00,355.92
2024/11/08 07:52:00,925.00,353.60
2024/11/08 07:52:00,926.00,349.29
2024/11/08 07:52:00,927.00,341.64
2024/11/08 07:52:00,928.00,330.94
2024/11/08 07:52:00,929.00,315.81
2024/11/08 07:52:00,930.00,297.82
2024/11/08 07:52:00,931.00,280.73
2024/11/08 07:52:00,932.00,264.64
2024/11/08 07:52:00,933.00,249.17
2024/11/08 07:52:00,934.00,238.50
2024/11/08 07:52:00,935.00,231.82
2024/11/08 07:52:00,936.00,229.02
2024/11/08 07:52:00,937.00,231.97
2024/11/08 07:52:00,938.00,236.29
2024/11/08 07:52:00,939.00,241.50
2024/11/08 07:52:00,940.00,245.77
2024/11/08 07:52:00,941.00,246.33
2024/11/08 07:52:00,942.00,244.93
2024/11/08 07:52:00,943.00,243.01
2024/11/08 07:52:00,944.00,240.30
2024/11/08 07:52:00,945.00,241.93
2024/11/08 07:52:00,946.00,242.65
2024/11/08 07:52:00,947.00,243.82
2024/11/08 07:52:00,948.00,246.53
2024/11/08 07:52:00,949.00,247.47
2024/11/08 07:52:00,950.00,247.23
2024/11/08 07:52:00,951.00,249.86
2024/11/08 07:52:00,952.00,250.60
2024/11/08 07:52:00,953.00,251.69
2024/11/08 07:52:00,954.00,254.11
2024/11/08 07:52:00,955.00,256.54
2024/11/08 07:52:00,956.00,258.06
2024/11/08 07:52:00,957.00,260.54
2024/11/08 07:52:00,958.00,263.59
2024/11/08 07:52:00,959.00,267.45
2024/11/08 07:52:00,960.00,270.12
2024/11/08 07:52:00,961.00,274.79
2024/11/08 07:52:00,962.00,279.39
2024/11/08 07:52:00,963.00,282.23
2024/11/08 07:52:00,964.00,287.07
2024/11/08 07:52:00,965.00,292.45
2024/11/08 07:52:00,966.00,296.56
2024/11/08 07:52:00,967.00,303.19
2024/11/08 07:52:00,968.00,308.77
2024/11/08 07:52:00,969.00,313.41
2024/11/08 07:52:00,970.00,316.53
2024/11/08 07:52:00,971.00,317.68
2024/11/08 07:52:00,972.00,318.29
2024/11/08 07:52:00,973.00,316.47
2024/11/08 07:52:00,974.00,315.44
2024/11/08 07:52:00,975.00,316.64
2024/11/08 07:52:00,976.00,315.10
2024/11/08 07:52:00,977.00,315.32
2024/11/08 07:52:00,978.00,319.05
2024/11/08 07:52:00,979.00,320.11
2024/11/08 07:52:00,980.00,321.83
2024/11/08 07:52:00,981.00,324.97
2024/11/08 07:52:00,982.00,327.06
2024/11/08 07:52:00,983.00,328.54
2024/11/08 07:52:00,984.00,329.39
2024/11/08 07:52:00,985.00,331.35
2024/11/08 07:52:00,986.00,331.87
2024/11/08 07:52:00,987.00,331.64
2024/11/08 07:52:00,988.00,333.29
2024/11/08 07:52:00,989.00,334.35
2024/11/08 07:52:00,990.00,334.68
2024/11/08 07:52:00,991.00,335.36
2024/11/08 07:52:00,992.00,334.98
2024/11/08 07:52:00,993.00,334.18
2024/11/08 07:52:00,994.00,333.80
2024/11/08 07:52:00,995.00,333.70
2024/11/08 07:52:00,996.00,332.90
2024/11/08 07:52:00,997.00,332.36
2024/11/08 07:52:00,998.00,331.63
2024/11/08 07:52:00,999.00,330.87
2024/11/08 07:52:00,1000.00,330.13
2024/11/08 07:52:00,1001.00,329.48
2024/11/08 07:52:00,1002.00,328.72
2024/11/08 07:52:00,1003.00,326.61
2024/11/08 07:52:00,1004.00,326.51
2024/11/08 07:52:00,1005.00,325.75
2024/11/08 07:52:00,1006.00,325.59
2024/11/08 07:52:00,1007.00,326.13
2024/11/08 07:52:00,1008.00,324.91
2024/11/08 07:52:00,1009.00,324.29
2024/11/08 07:52:00,1010.00,323.25
2024/11/08 07:52:00,1011.00,322.26
2024/11/08 07:52:00,1012.00,322.69
2024/11/08 07:52:00,1013.00,322.08
2024/11/08 07:52:00,1014.00,320.92
2024/11/08 07:52:00,1015.00,321.34
2024/11/08 07:52:00,1016.00,319.63
2024/11/08 07:52:00,1017.00,319.08
2024/11/08 07:52:00,1018.00,320.03
2024/11/08 07:52:00,1019.00,319.39
2024/11/08 07:52:00,1020.00,319.39
2024/11/08 07:52:00,1021.00,318.31
2024/11/08 07:52:00,1022.00,316.87
2024/11/08 07:52:00,1023.00,316.63
2024/11/08 07:52:00,1024.00,314.77
2024/11/08 07:52:00,1025.00,314.98
2024/11/08 07:52:00,1026.00,313.89
2024/11/08 07:52:00,1027.00,313.26
2024/11/08 07:52:00,1028.00,312.82
2024/11/08 07:52:00,1029.00,312.81
2024/11/08 07:52:00,1030.00,311.12
2024/11/08 07:52:00,1031.00,311.88
2024/11/08 07:52:00,1032.00,308.95
2024/11/08 07:52:00,1033.00,307.89
2024/11/08 07:52:00,1034.00,307.00
2024/11/08 07:52:00,1035.00,305.51
2024/11/08 07:52:00,1036.00,305.38
2024/11/08 07:52:00,1037.00,304.42
2024/11/08 07:52:00,1038.00,303.29
2024/11/08 07:52:00,1039.00,303.07
2024/11/08 07:52:00,1040.00,302.03
2024/11/08 07:52:00,1041.00,301.34
2024/11/08 07:52:00,1042.00,299.74
2024/11/08 07:52:00,1043.00,297.85
2024/11/08 07:52:00,1044.00,296.18
2024/11/08 07:52:00,1045.00,295.51
2024/11/08 07:52:00,1046.00,296.09
2024/11/08 07:52:00,1047.00,297.33
2024/11/08 07:52:00,1048.00,297.93
2024/11/08 07:52:00,1049.00,298.17
2024/11/08 07:52:00,1050.00,298.46
2024/11/08 07:52:00,1051.00,300.44
2024/11/08 07:52:00,1052.00,299.37
2024/11/08 07:52:00,1053.00,297.47
2024/11/08 07:52:00,1054.00,295.95
2024/11/08 07:52:00,1055.00,295.84
2024/11/08 07:52:00,1056.00,293.81
2024/11/08 07:52:00,1057.00,293.24
2024/11/08 07:52:00,1058.00,294.43
2024/11/08 07:52:00,1059.00,292.52
2024/11/08 07:52:00,1060.00,292.41
2024/11/08 07:52:00,1061.00,291.07
2024/11/08 07:52:00,1062.00,288.55
2024/11/08 07:52:00,1063.00,286.63
2024/11/08 07:52:00,1064.00,285.06
2024/11/08 07:52:00,1065.00,282.47
2024/11/08 07:52:00,1066.00,281.32
2024/11/08 07:52:00,1067.00,283.63
2024/11/08 07:52:00,1068.00,284.01
2024/11/08 07:52:00,1069.00,284.93
2024/11/08 07:52:00,1070.00,284.37
2024/11/08 07:52:00,1071.00,283.55
2024/11/08 07:52:00,1072.00,282.21
2024/11/08 07:52:00,1073.00,281.03
2024/11/08 07:52:00,1074.00,280.31
2024/11/08 07:52:00,1075.00,279.00
2024/11/08 07:52:00,1076.00,278.41
2024/11/08 07:52:00,1077.00,277.66
2024/11/08 07:52:00,1078.00,274.99
2024/11/08 07:52:00,1079.00,275.21
2024/11/08 07:52:00,1080.00,273.79
2024/11/08 07:52:00,1081.00,271.95
2024/11/08 07:52:00,1082.00,274.32
2024/11/08 07:52:00,1083.00,274.27
2024/11/08 07:52:00,1084.00,272.66
2024/11/08 07:52:00,1085.00,276.08
2024/11/08 07:52:00,1086.00,275.45
2024/11/08 07:52:00,1087.00,272.63
2024/11/08 07:52:00,1088.00,274.32
2024/11/08 07:52:00,1089.00,274.99
2024/11/08 07:52:00,1090.00,274.41
2024/11/08 07:52:00,1091.00,274.59
2024/11/08 07:52:00,1092.00,270.55
2024/11/08 07:52:00,1093.00,266.42
2024/11/08 07:52:00,1094.00,263.32
2024/11/08 07:52:00,1095.00,260.02
2024/11/08 07:52:00,1096.00,261.01
2024/11/08 07:52:00,1097.00,263.91
2024/11/08 07:52:00,1098.00,262.75
2024/11/08 07:52:00,1099.00,265.23
2024/11/08 07:52:00,1100.00,269.27
2024/11/08 07:53:00,Wavelength(nm),Irradiance(W/m2/um)
2024/11/08 07:53:00,300.00,9.90
2024/11/08 07:53:00,301.00,10.47
2024/11/08 07:53:00,302.00,11.80
2024/11/08 07:53:00,303.00,13.82
2024/11/08 07:53:00,304.00,15.75
2024/11/08 07:53:00,305.00,18.21
2024/11/08 07:53:00,306.00,21.09
2024/11/08 07:53:00,307.00,24.58
2024/11/08 07:53:00,308.00,28.80
2024/11/08 07:53:00,309.00,33.47
2024/11/08 07:53:00,310.00,39.45
2024/11/08 07:53:00,311.00,45.70
2024/11/08 07:53:00,312.00,52.04
2024/11/08 07:53:00,313.00,59.32
2024/11/08 07:53:00,314.00,67.35
2024/11/08 07:53:00,315.00,75.22
2024/11/08 07:53:00,316.00,84.32
2024/11/08 07:53:00,317.00,93.84
2024/11/08 07:53:00,318.00,102.49
2024/11/08 07:53:00,319.00,110.56
2024/11/08 07:53:00,320.00,118.69
2024/11/08 07:53:00,321.00,127.10
2024/11/08 07:53:00,322.00,136.90
2024/11/08 07:53:00,323.00,148.31
2024/11/08 07:53:00,324.00,160.87
2024/11/08 07:53:00,325.00,174.25
2024/11/08 07:53:00,326.00,187.72
2024/11/08 07:53:00,327.00,200.65
2024/11/08 07:53:00,328.00,211.58
2024/11/08 07:53:00,329.00,220.41
2024/11/08 07:53:00,330.00,227.97
2024/11/08 07:53:00,331.00,233.39
2024/11/08 07:53:00,332.00,236.60
2024/11/08 07:53:00,333.00,237.67
2024/11/08 07:53:00,334.00,237.97
2024/11/08 07:53:00,335.00,238.42
2024/11/08 07:53:00,336.00,239.93
2024/11/08 07:53:00,337.00,242.09
2024/11/08 07:53:00,338.00,246.20
2024/11/08 07:53:00,339.00,251.87
2024/11/08 07:53:00,340.00,256.27
2024/11/08 07:53:00,341.00,258.42
2024/11/08 07:53:00,342.00,259.72
2024/11/08 07:53:00,343.00,260.62
2024/11/08 07:53:00,344.00,260.61
2024/11/08 07:53:00,345.00,260.46
2024/11/08 07:53:00,346.00,261.66
2024/11/08 07:53:00,347.00,264.32
2024/11/08 07:53:00,348.00,267.83
2024/11/08 07:53:00,349.00,271.45
2024/11/08 07:53:00,350.00,276.31
2024/11/08 07:53:00,351.00,283.05
2024/11/08 07:53:00,352.00,289.17
2024/11/08 07:53:00,353.00,293.14
2024/11/08 07:53:00,354.00,293.59
2024/11/08 07:53:00,355.00,289.86
2024/11/08 07:53:00,356.00,284.96
2024/11/08 07:53:00,357.00,281.01
2024/11/08 07:53:00,358.00,277.31
2024/11/08 07:53:00,359.00,277.78
2024/11/08 07:53:00,360.00,284.12
2024/11/08 07:53:00,361.00,290.97
2024/11/08 07:53:00,362.00,299.23
2024/11/08 07:53:00,363.00,312.01
2024/11/08 07:53:00,364.00,326.03
2024/11/08 07:53:00,365.00,337.26
2024/11/08 07:53:00,366.00,347.12
2024/11/08 07:53:00,367.00,354.74
2024/11/08 07:53:00,368.00,358.46
2024/11/08 07:53:00,369.00,357.34
2024/11/08 07:53:00,370.00,352.39
2024/11/08 07:53:00,371.00,343.70
2024/11/08 07:53:00,372.00,334.99
2024/11/08 07:53:00,373.00,328.67
2024/11/08 07:53:00,374.00,329.46
2024/11/08 07:53:00,375.00,338.39
2024/11/08 07:53:00,376.00,350.82
2024/11/08 07:53:00,377.00,362.53
2024/11/08 07:53:00,378.00,370.77
2024/11/08 07:53:00,379.00,368.74
2024/11/08 07:53:00,380.00,353.52
2024/11/08 07:53:00,381.00,336.06
2024/11/08 07:53:00,382.00,322.14
2024/11/08 07:53:00,383.00,311.27
2024/11/08 07:53:00,384.00,307.04
2024/11/08 07:53:00,385.00,312.96
2024/11/08 07:53:00,386.00,323.25
2024/11/08 07:53:00,387.00,336.09
2024/11/08 07:53:00,388.00,351.43
2024/11/08 07:53:00,389.00,364.52
2024/11/08 07:53:00,390.00,366.59
2024/11/08 07:53:00,391.00,360.98
2024/11/08 07:53:00,392.00,355.92
2024/11/08 07:53:00,393.00,347.40
2024/11/08 07:53:00,394.00,336.79
2024/11/08 07:53:00,395.00,342.11
2024/11/08 07:53:00,396.00,367.70
2024/11/08 07:53:00,397.00,398.01
2024/11/08 07:53:00,398.00,433.56
2024/11/08 07:53:00,399.00,476.91
2024/11/08 07:53:00,400.00,516.33
2024/11/08 07:53:00,401.00,541.02
2024/11/08 07:53:00,402.00,554.41
2024/11/08 07:53:00,403.00,557.87
2024/11/08 07:53:00,404.00,555.48
2024/11/08 07:53:00,405.00,553.10
2024/11/08 07:53:00,406.00,552.62
2024/11/08 07:53:00,407.00,553.41
2024/11/08 07:53:00,408.00,557.05
2024/11/08 07:53:00,409.00,564.30
2024/11/08 07:53:00,410.00,572.03
2024/11/08 07:53:00,411.00,579.32
2024/11/08 07:53:00,412.00,586.70
2024/11/08 07:53:00,413.00,594.81
2024/11/08 07:53:00,414.00,600.53
2024/11/08 07:53:00,415.00,601.89
2024/11/08 07:53:00,416.00,601.08
2024/11/08 07:53:00,417.00,601.15
2024/11/08 07:53:00,418.00,601.37
2024/11/08 07:53:00,419.00,601.99
2024/11/08 07:53:00,420.00,602.89
2024/11/08 07:53:00,421.00,604.71
2024/11/08 07:53:00,422.00,605.72
2024/11/08 07:53:00,423.00,605.53
2024/11/08 07:53:00,424.00,603.29
2024/11/08 07:53:00,425.00,600.80
2024/11/08 07:53:00,426.00,596.03
2024/11/08 07:53:00,427.00,584.15
2024/11/08 07:53:00,428.00,568.38
2024/11/08 07:53:00,429.00,558.83
2024/11/08 07:53:00,430.00,558.44
2024/11/08 07:53:00,431.00,564.30
2024/11/08 07:53:00,432.00,580.24
2024/11/08 07:53:00,433.00,604.82
2024/11/08 07:53:00,434.00,627.04
2024/11/08 07:53:00,435.00,639.21
2024/11/08 07:53:00,436.00,645.56
2024/11/08 07:53:00,437.00,649.95
2024/11/08 07:53:00,438.00,653.22
2024/11/08 07:53:00,439.00,658.33
2024/11/08 07:53:00,440.00,668.68
2024/11/08 07:53:00,441.00,682.69
2024/11/08 07:53:00,442.00,695.98
2024/11/08 07:53:00,443.00,705.57
2024/11/08 07:53:00,444.00,712.30
2024/11/08 07:53:00,445.00,717.69
2024/11/08 07:53:00,446.00,723.90
2024/11/08 07:53:00,447.00,734.67
2024/11/08 07:53:00,448.00,748.66
2024/11/08 07:53:00,449.00,760.44
2024/11/08 07:53:00,450.00,766.44
2024/11/08 07:53:00,451.00,768.51
2024/11/08 07:53:00,452.00,767.46
2024/11/08 07:53:00,453.00,764.46
2024/11/08 07:53:00,454.00,765.22
2024/11/08 07:53:00,455.00,769.65
2024/11/08 07:53:00,456.00,774.87
2024/11/08 07:53:00,457.00,779.58
2024/11/08 07:53:00,458.00,784.27
2024/11/08 07:53:00,459.00,788.59
2024/11/08 07:53:00,460.00,792.15
2024/11/08 07:53:00,461.00,794.54
2024/11/08 07:53:00,462.00,797.31
2024/11/08 07:53:00,463.00,796.55
2024/11/08 07:53:00,464.00,793.41
2024/11/08 07:53:00,465.00,788.37
2024/11/08 07:53:00,466.00,786.38
2024/11/08 07:53:00,467.00,783.65
2024/11/08 07:53:00,468.00,782.91
2024/11/08 07:53:00,469.00,782.91
2024/11/08 07:53:00,470.00,784.41
2024/11/08 07:53:00,471.00,786.01
2024/11/08 07:53:00,472.00,787.85
2024/11/08 07:53:00,473.00,789.67
2024/11/08 07:53:00,474.00,791.58
2024/11/08 07:53:00,475.00,792.32
2024/11/08 07:53:00,476.00,793.96
2024/11/08 07:53:00,477.00,798.01
2024/11/08 07:53:00,478.00,802.15
2024/11/08 07:53:00,479.00,804.46
2024/11/08 07:53:00,480.00,809.05
2024/11/08 07:53:00,481.00,808.96
2024/11/08 07:53:00,482.00,802.55
2024/11/08 07:53:00,483.00,790.17
2024/11/08 07:53:00,484.00,773.09
2024/11/08 07:53:00,485.00,756.86
2024/11/08 07:53:00,486.00,747.96
2024/11/08 07:53:00,487.00,745.53
2024/11/08 07:53:00,488.00,751.16
2024/11/08 07:53:00,489.00,762.20
2024/11/08 07:53:00,490.00,769.71
2024/11/08 07:53:00,491.00,774.80
2024/11/08 07:53:00,492.00,777.81
2024/11/08 07:53:00,493.00,779.69
2024/11/08 07:53:00,494.00,782.79
2024/11/08 07:53:00,495.00,786.80
2024/11/08 07:53:00,496.00,787.79
2024/11/08 07:53:00,497.00,786.30
2024/11/08 07:53:00,498.00,780.58
2024/11/08 07:53:00,499.00,773.12
2024/11/08 07:53:00,500.00,765.22
2024/11/08 07:53:00,501.00,759.21
2024/11/08 07:53:00,502.00,756.51
2024/11/08 07:53:00,503.00,759.29
2024/11/08 07:53:00,504.00,763.17
2024/11/08 07:53:00,505.00,767.20
2024/11/08 07:53:00,506.00,771.02
2024/11/08 07:53:00,507.00,773.84
2024/11/08 07:53:00,508.00,774.71
2024/11/08 07:53:00,509.00,775.33
2024/11/08 07:53:00,510.00,774.95
2024/11/08 07:53:00,511.00,772.93
2024/11/08 07:53:00,512.00,768.91
2024/11/08 07:53:00,513.00,761.39
2024/11/08 07:53:00,514.00,748.52
2024/11/08 07:53:00,515.00,733.06
2024/11/08 07:53:00,516.00,720.98
2024/11/08 07:53:00,517.00,712.64
2024/11/08 07:53:00,518.00,710.24
2024/11/08 07:53:00,519.00,714.55
2024/11/08 07:53:00,520.00,724.55
2024/11/08 07:53:00,521.00,734.70
2024/11/08 07:53:00,522.00,743.43
2024/11/08 07:53:00,523.00,746.81
2024/11/08 07:53:00,524.00,745.44
2024/11/08 07:53:00,525.00,744.53
2024/11/08 07:53:00,526.00,745.59
2024/11/08 07:53:00,527.00,745.29
2024/11/08 07:53:00,528.00,748.14
2024/11/08 07:53:00,529.00,754.80
2024/11/08 07:53:00,530.00,757.91
2024/11/08 07:53:00,531.00,757.95
2024/11/08 07:53:00,532.00,758.88
2024/11/08 07:53:00,533.00,758.38
2024/11/08 07:53:00,534.00,757.23
2024/11/08 07:53:00,535.00,757.38
2024/11/08 07:53:00,536.00,756.75
2024/11/08 07:53:00,537.00,755.57
2024/11/08 07:53:00,538.00,751.97
2024/11/08 07:53:00,539.00,748.82
2024/11/08 07:53:00,540.00,747.28
2024/11/08 07:53:00,541.00,745.75
2024/11/08 07:53:00,542.00,744.16
2024/11/08 07:53:00,543.00,746.14
2024/11/08 07:53:00,544.00,746.69
2024/11/08 07:53:00,545.00,746.80
2024/11/08 07:53:00,546.00,747.19
2024/11/08 07:53:00,547.00,747.67
2024/11/08 07:53:00,548.00,747.74
2024/11/08 07:53:00,549.00,749.36
2024/11/08 07:53:00,550.00,749.42
2024/11/08 07:53:00,551.00,750.44
2024/11/08 07:53:00,552.00,751.36
2024/11/08 07:53:00,553.00,750.80
2024/11/08 07:53:00,554.00,747.61
2024/11/08 07:53:00,555.00,745.08
2024/11/08 07:53:00,556.00,739.89
2024/11/08 07:53:00,557.00,733.55
2024/11/08 07:53:00,558.00,728.45
2024/11/08 07:53:00,559.00,725.11
2024/11/08 07:53:00,560.00,723.65
2024/11/08 07:53:00,561.00,723.49
2024/11/08 07:53:00,562.00,724.07
2024/11/08 07:53:00,563.00,724.08
2024/11/08 07:53:00,564.00,723.99
2024/11/08 07:53:00,565.00,723.58
2024/11/08 07:53:00,566.00,721.99
2024/11/08 07:53:00,567.00,719.89
2024/11/08 07:53:00,568.00,717.08
2024/11/08 07:53:00,569.00,715.24
2024/11/08 07:53:00,570.00,713.12
2024/11/08 07:53:00,571.00,713.24
2024/11/08 07:53:00,572.00,712.78
2024/11/08 07:53:00,573.00,713.10
2024/11/08 07:53:00,574.00,712.94
2024/11/08 07:53:00,575.00,711.22
2024/11/08 07:53:00,576.00,708.03
2024/11/08 07:53:00,577.00,707.83
2024/11/08 07:53:00,578.00,706.58
2024/11/08 07:53:00,579.00,706.53
2024/11/08 07:53:00,580.00,710.46
2024/11/08 07:53:00,581.00,714.54
2024/11/08 07:53:00,582.00,716.47
2024/11/08 07:53:00,583.00,719.95
2024/11/08 07:53:00,584.00,720.63
2024/11/08 07:53:00,585.00,719.28
2024/11/08 07:53:00,586.00,714.11
2024/11/08 07:53:00,587.00,708.00
2024/11/08 07:53:00,588.00,702.69
2024/11/08 07:53:00,589.00,699.75
2024/11/08 07:53:00,590.00,695.44
2024/11/08 07:53:00,591.00,696.24
2024/11/08 07:53:00,592.00,697.90
2024/11/08 07:53:00,593.00,697.91
2024/11/08 07:53:00,594.00,698.24
2024/11/08 07:53:00,595.00,698.83
2024/11/08 07:53:00,596.00,698.34
2024/11/08 07:53:00,597.00,698.14
2024/11/08 07:53:00,598.00,696.79
2024/11/08 07:53:00,599.00,693.85
2024/11/08 07:53:00,600.00,693.23
2024/11/08 07:53:00,601.00,693.20
2024/11/08 07:53:00,602.00,693.14
2024/11/08 07:53:00,603.00,694.87
2024/11/08 07:53:00,604.00,696.51
2024/11/08 07:53:00,605.00,695.79
2024/11/08 07:53:00,606.00,694.43
2024/11/08 07:53:00,607.00,692.95
2024/11/08 07:53:00,608.00,691.05
2024/11/08 07:53:00,609.00,689.47
2024/11/08 07:53:00,610.00,687.12
2024/11/08 07:53:00,611.00,684.89
2024/11/08 07:53:00,612.00,682.40
2024/11/08 07:53:00,613.00,678.75
2024/11/08 07:53:00,614.00,675.51
2024/11/08 07:53:00,615.00,675.49
2024/11/08 07:53:00,616.00,675.02
2024/11/08 07:53:00,617.00,676.06
2024/11/08 07:53:00,618.00,677.62
2024/11/08 07:53:00,619.00,679.32
2024/11/08 07:53:00,620.00,678.61
2024/11/08 07:53:00,621.00,677.97
2024/11/08 07:53:00,622.00,676.25
2024/11/08 07:53:00,623.00,673.60
2024/11/08 07:53:00,624.00,670.52
2024/11/08 07:53:00,625.00,667.15
2024/11/08 07:53:00,626.00,663.59
2024/11/08 07:53:00,627.00,659.39
2024/11/08 07:53:00,628.00,657.27
2024/11/08 07:53:00,629.00,655.59
2024/11/08 07:53:00,630.00,654.64
2024/11/08 07:53:00,631.00,656.38
2024/11/08 07:53:00,632.00,657.91
2024/11/08 07:53:00,633.00,660.23
2024/11/08 07:53:00,634.00,662.20
2024/11/08 07:53:00,635.00,664.97
2024/11/08 07:53:00,636.00,666.92
2024/11/08 07:53:00,637.00,668.06
2024/11/08 07:53:00,638.00,666.68
2024/11/08 07:53:00,639.00,667.91
2024/11/08 07:53:00,640.00,668.79
2024/11/08 07:53:00,641.00,667.08
2024/11/08 07:53:00,642.00,667.58
2024/11/08 07:53:00,643.00,667.91
2024/11/08 07:53:00,644.00,664.97
2024/11/08 07:53:00,645.00,663.38
2024/11/08 07:53:00,646.00,661.53
2024/11/08 07:53:00,647.00,658.96
2024/11/08 07:53:00,648.00,657.90
2024/11/08 07:53:00,649.00,658.80
2024/11/08 07:53:00,650.00,658.26
2024/11/08 07:53:00,651.00,658.98
2024/11/08 07:53:00,652.00,655.38
2024/11/08 07:53:00,653.00,649.30
2024/11/08 07:53:00,654.00,641.62
2024/11/08 07:53:00,655.00,634.49
2024/11/08 07:53:00,656.00,630.21
2024/11/08 07:53:00,657.00,630.40
2024/11/08 07:53:00,658.00,633.92
2024/11/08 07:53:00,659.00,639.90
2024/11/08 07:53:00,660.00,644.42
2024/11/08 07:53:00,661.00,647.02
2024/11/08 07:53:00,662.00,651.10
2024/11/08 07:53:00,663.00,652.57
2024/11/08 07:53:00,664.00,654.95
2024/11/08 07:53:00,665.00,657.58
2024/11/08 07:53:00,666.00,658.08
2024/11/08 07:53:00,667.00,659.09
2024/11/08 07:53:00,668.00,660.59
2024/11/08 07:53:00,669.00,659.43
2024/11/08 07:53:00,670.00,658.17
2024/11/08 07:53:00,671.00,658.29
2024/11/08 07:53:00,672.00,657.34
2024/11/08 07:53:00,673.00,656.77
2024/11/08 07:53:00,674.00,656.98
2024/11/08 07:53:00,675.00,657.23
2024/11/08 07:53:00,676.00,657.31
2024/11/08 07:53:00,677.00,655.76
2024/11/08 07:53:00,678.00,655.64
2024/11/08 07:53:00,679.00,654.36
2024/11/08 07:53:00,680.00,651.79
2024/11/08 07:53:00,681.00,650.76
2024/11/08 07:53:00,682.00,649.62
2024/11/08 07:53:00,683.00,642.30
2024/11/08 07:53:00,684.00,630.21
2024/11/08 07:53:00,685.00,614.79
2024/11/08 07:53:00,686.00,597.73
2024/11/08 07:53:00,687.00,580.40
2024/11/08 07:53:00,688.00,568.73
2024/11/08 07:53:00,689.00,566.01
2024/11/08 07:53:00,690.00,570.43
2024/11/08 07:53:00,691.00,575.60
2024/11/08 07:53:00,692.00,585.09
2024/11/08 07:53:00,693.00,594.26
2024/11/08 07:53:00,694.00,599.76
2024/11/08 07:53:00,695.00,604.47
2024/11/08 07:53:00,696.00,609.76
2024/11/08 07:53:00,697.00,611.40
2024/11/08 07:53:00,698.00,612.00
2024/11/08 07:53:00,699.00,613.74
2024/11/08 07:53:00,700.00,613.66
2024/11/08 07:53:00,701.00,614.00
2024/11/08 07:53:00,702.00,614.36
2024/11/08 07:53:00,703.00,615.75
2024/11/08 07:53:00,704.00,617.03
2024/11/08 07:53:00,705.00,616.95
2024/11/08 07:53:00,706.00,617.37
2024/11/08 07:53:00,707.00,617.70
2024/11/08 07:53:00,708.00,615.89
2024/11/08 07:53:00,709.00,614.17
2024/11/08 07:53:00,710.00,615.05
2024/11/08 07:53:00,711.00,613.72
2024/11/08 07:53:00,712.00,612.02
2024/11/08 07:53:00,713.00,611.86
2024/11/08 07:53:00,714.00,608.21
2024/11/08 07:53:00,715.00,601.52
2024/11/08 07:53:00,716.00,592.28
2024/11/08 07:53:00,717.00,583.84
2024/11/08 07:53:00,718.00,575.20
2024/11/08 07:53:00,719.00,569.24
2024/11/08 07:53:00,720.00,565.70
2024/11/08 07:53:00,721.00,564.06
2024/11/08 07:53:00,722.00,561.07
2024/11/08 07:53:00,723.00,560.35
2024/11/08 07:53:00,724.00,560.07
2024/11/08 07:53:00,725.00,559.10
2024/11/08 07:53:00,726.00,560.58
2024/11/08 07:53:00,727.00,564.11
2024/11/08 07:53:00,728.00,565.23
2024/11/08 07:53:00,729.00,567.64
2024/11/08 07:53:00,730.00,570.07
2024/11/08 07:53:00,731.00,572.98
2024/11/08 07:53:00,732.00,574.85
2024/11/08 07:53:00,733.00,575.28
2024/11/08 07:53:00,734.00,576.62
2024/11/08 07:53:00,735.00,578.75
2024/11/08 07:53:00,736.00,576.98
2024/11/08 07:53:00,737.00,575.59
2024/11/08 07:53:00,738.00,576.93
2024/11/08 07:53:00,739.00,576.41
2024/11/08 07:53:00,740.00,574.40
2024/11/08 07:53:00,741.00,576.67
2024/11/08 07:53:00,742.00,577.72
2024/11/08 07:53:00,743.00,577.08
2024/11/08 07:53:00,744.00,577.10
2024/11/08 07:53:00,745.00,578.40
2024/11/08 07:53:00,746.00,576.98
2024/11/08 07:53:00,747.00,574.21
2024/11/08 07:53:00,748.00,573.46
2024/11/08 07:53:00,749.00,573.20
2024/11/08 07:53:00,750.00,570.57
2024/11/08 07:53:00,751.00,566.92
2024/11/08 07:53:00,752.00,568.58
2024/11/08 07:53:00,753.00,566.29
2024/11/08 07:53:00,754.00,563.38
2024/11/08 07:53:00,755.00,561.55
2024/11/08 07:53:00,756.00,549.76
2024/11/08 07:53:00,757.00,520.71
2024/11/08 07:53:00,758.00,481.34
2024/11/08 07:53:00,759.00,438.31
2024/11/08 07:53:00,760.00,396.24
2024/11/08 07:53:00,761.00,359.88
2024/11/08 07:53:00,762.00,344.66
2024/11/08 07:53:00,763.00,345.63
2024/11/08 07:53:00,764.00,353.58
2024/11/08 07:53:00,765.00,369.48
2024/11/08 07:53:00,766.00,394.15
2024/11/08 07:53:00,767.00,415.92
2024/11/08 07:53:00,768.00,437.21
2024/11/08 07:53:00,769.00,460.55
2024/11/08 07:53:00,770.00,478.56
2024/11/08 07:53:00,771.00,494.71
2024/11/08 07:53:00,772.00,508.17
2024/11/08 07:53:00,773.00,517.47
2024/11/08 07:53:00,774.00,522.89
2024/11/08 07:53:00,775.00,526.74
2024/11/08 07:53:00,776.00,528.97
2024/11/08 07:53:00,777.00,531.79
2024/11/08 07:53:00,778.00,530.65
2024/11/08 07:53:00,779.00,530.20
2024/11/08 07:53:00,780.00,531.02
2024/11/08 07:53:00,781.00,529.63
2024/11/08 07:53:00,782.00,529.27
2024/11/08 07:53:00,783.00,531.05
2024/11/08 07:53:00,784.00,528.31
2024/11/08 07:53:00,785.00,528.26
2024/11/08 07:53:00,786.00,527.58
2024/11/08 07:53:00,787.00,526.98
2024/11/08 07:53:00,788.00,529.78
2024/11/08 07:53:00,789.00,528.72
2024/11/08 07:53:00,790.00,527.16
2024/11/08 07:53:00,791.00,525.63
2024/11/08 07:53:00,792.00,517.69
2024/11/08 07:53:00,793.00,514.28
2024/11/08 07:53:00,794.00,513.46
2024/11/08 07:53:00,795.00,510.56
2024/11/08 07:53:00,796.00,511.72
2024/11/08 07:53:00,797.00,516.13
2024/11/08 07:53:00,798.00,513.39
2024/11/08 07:53:00,799.00,515.85
2024/11/08 07:53:00,800.00,516.08
2024/11/08 07:53:00,801.00,514.16
2024/11/08 07:53:00,802.00,516.22
2024/11/08 07:53:00,803.00,515.49
2024/11/08 07:53:00,804.00,513.46
2024/11/08 07:53:00,805.00,516.02
2024/11/08 07:53:00,806.00,513.19
2024/11/08 07:53:00,807.00,513.00
2024/11/08 07:53:00,808.00,514.95
2024/11/08 07:53:00,809.00,511.97
2024/11/08 07:53:00,810.00,509.66
2024/11/08 07:53:00,811.00,510.05
2024/11/08 07:53:00,812.00,502.82
2024/11/08 07:53:00,813.00,498.50
2024/11/08 07:53:00,814.00,495.89
2024/11/08 07:53:00,815.00,488.58
2024/11/08 07:53:00,816.00,484.64
2024/11/08 07:53:00,817.00,482.17
2024/11/08 07:53:00,818.00,478.34
2024/11/08 07:53:00,819.00,479.93
2024/11/08 07:53:00,820.00,476.46
2024/11/08 07:53:00,821.00,476.83
2024/11/08 07:53:00,822.00,481.52
2024/11/08 07:53:00,823.00,479.50
2024/11/08 07:53:00,824.00,483.10
2024/11/08 07:53:00,825.00,486.91
2024/11/08 07:53:00,826.00,485.40
2024/11/08 07:53:00,827.00,486.38
2024/11/08 07:53:00,828.00,487.61
2024/11/08 07:53:00,829.00,484.34
2024/11/08 07:53:00,830.00,482.69
2024/11/08 07:53:00,831.00,482.36
2024/11/08 07:53:00,832.00,480.64
2024/11/08 07:53:00,833.00,478.39
2024/11/08 07:53:00,834.00,476.27
2024/11/08 07:53:00,835.00,476.63
2024/11/08 07:53:00,836.00,475.73
2024/11/08 07:53:00,837.00,472.11
2024/11/08 07:53:00,838.00,473.42
2024/11/08 07:53:00,839.00,473.28
2024/11/08 07:53:00,840.00,471.25
2024/11/08 07:53:00,841.00,472.87
2024/11/08 07:53:00,842.00,472.38
2024/11/08 07:53:00,843.00,469.40
2024/11/08 07:53:00,844.00,468.93
2024/11/08 07:53:00,845.00,466.38
2024/11/08 07:53:00,846.00,462.39
2024/11/08 07:53:00,847.00,457.99
2024/11/08 07:53:00,848.00,454.39
2024/11/08 07:53:00,849.00,451.16
2024/11/08 07:53:00,850.00,447.39
2024/11/08 07:53:00,851.00,442.16
2024/11/08 07:53:00,852.00,438.81
2024/11/08 07:53:00,853.00,435.60
2024/11/08 07:53:00,854.00,433.24
2024/11/08 07:53:00,855.00,435.79
2024/11/08 07:53:00,856.00,438.88
2024/11/08 07:53:00,857.00,444.12
2024/11/08 07:53:00,858.00,445.91
2024/11/08 07:53:00,859.00,447.32
2024/11/08 07:53:00,860.00,448.44
2024/11/08 07:53:00,861.00,447.64
2024/11/08 07:53:00,862.00,446.39
2024/11/08 07:53:00,863.00,444.46
2024/11/08 07:53:00,864.00,438.88
2024/11/08 07:53:00,865.00,436.34
2024/11/08 07:53:00,866.00,433.74
2024/11/08 07:53:00,867.00,430.69
2024/11/08 07:53:00,868.00,432.11
2024/11/08 07:53:00,869.00,434.54
2024/11/08 07:53:00,870.00,434.52
2024/11/08 07:53:00,871.00,435.26
2024/11/08 07:53:00,872.00,436.24
2024/11/08 07:53:00,873.00,435.71
2024/11/08 07:53:00,874.00,435.89
2024/11/08 07:53:00,875.00,434.29
2024/11/08 07:53:00,876.00,434.61
2024/11/08 07:53:00,877.00,433.81
2024/11/08 07:53:00,878.00,431.70
2024/11/08 07:53:00,879.00,430.60
2024/11/08 07:53:00,880.00,430.64
2024/11/08 07:53:00,881.00,429.59
2024/11/08 07:53:00,882.00,430.34
2024/11/08 07:53:00,883.00,429.99
2024/11/08 07:53:00,884.00,429.25
2024/11/08 07:53:00,885.00,428.30
2024/11/08 07:53:00,886.00,427.75
2024/11/08 07:53:00,887.00,427.08
2024/11/08 07:53:00,888.00,426.99
2024/11/08 07:53:00,889.00,425.50
2024/11/08 07:53:00,890.00,424.58
2024/11/08 07:53:00,891.00,420.19
2024/11/08 07:53:00,892.00,415.09
2024/11/08 07:53:00,893.00,410.62
2024/11/08 07:53:00,894.00,403.47
2024/11/08 07:53:00,895.00,396.34
2024/11/08 07:53:00,896.00,390.54
2024/11/08 07:53:00,897.00,382.11
2024/11/08 07:53:00,898.00,375.75
2024/11/08 07:53:00,899.00,371.14
2024/11/08 07:53:00,900.00,368.67
2024/11/08 07:53:00,901.00,369.68
2024/11/08 07:53:00,902.00,371.47
2024/11/08 07:53:00,903.00,373.75
2024/11/08 07:53:00,904.00,375.17
2024/11/08 07:53:00,905.00,372.10
2024/11/08 07:53:00,906.00,368.53
2024/11/08 07:53:00,907.00,365.37
2024/11/08 07:53:00,908.00,362.41
2024/11/08 07:53:00,909.00,361.19
2024/11/08 07:53:00,910.00,361.20
2024/11/08 07:53:00,911.00,360.37
2024/11/08 07:53:00,912.00,358.46
2024/11/08 07:53:00,913.00,356.64
2024/11/08 07:53:00,914.00,355.35
2024/11/08 07:53:00,915.00,353.94
2024/11/08 07:53:00,916.00,353.59
2024/11/08 07:53:00,917.00,355.68
2024/11/08 07:53:00,918.00,357.20
2024/11/08 07:53:00,919.00,358.12
2024/11/08 07:53:00,920.00,360.46
2024/11/08 07:53:00,921.00,360.30
2024/11/08 07:53:00,922.00,358.65
2024/11/08 07:53:00,923.00,358.69
2024/11/08 07:53:00,924.00,357.73
2024/11/08 07:53:00,925.00,355.01
2024/11/08 07:53:00,926.00,350.60
2024/11/08 07:53:00,927.00,343.89
2024/11/08 07:53:00,928.00,332.83
2024/11/08 07:53:00,929.00,317.56
2024/11/08 07:53:00,930.00,300.82
2024/11/08 07:53:00,931.00,283.63
2024/11/08 07:53:00,932.00,264.84
2024/11/08 07:53:00,933.00,250.74
2024/11/08 07:53:00,934.00,240.35
2024/11/08 07:53:00,935.00,232.10
2024/11/08 07:53:00,936.00,230.21
2024/11/08 07:53:00,937.00,233.86
2024/11/08 07:53:00,938.00,237.77
2024/11/08 07:53:00,939.00,242.21
2024/11/08 07:53:00,940.00,246.57
2024/11/08 07:53:00,941.00,247.23
2024/11/08 07:53:00,942.00,244.70
2024/11/08 07:53:00,943.00,242.90
2024/11/08 07:53:00,944.00,242.63
2024/11/08 07:53:00,945.00,242.38
2024/11/08 07:53:00,946.00,242.42
2024/11/08 07:53:00,947.00,245.65
2024/11/08 07:53:00,948.00,246.14
2024/11/08 07:53:00,949.00,246.94
2024/11/08 07:53:00,950.00,249.16
2024/11/08 07:53:00,951.00,250.86
2024/11/08 07:53:00,952.00,250.88
2024/11/08 07:53:00,953.00,251.48
2024/11/08 07:53:00,954.00,253.60
2024/11/08 07:53:00,955.00,255.10
2024/11/08 07:53:00,956.00,256.47
2024/11/08 07:53:00,957.00,260.05
2024/11/08 07:53:00,958.00,264.27
2024/11/08 07:53:00,959.00,267.63
2024/11/08 07:53:00,960.00,271.32
2024/11/08 07:53:00,961.00,276.05
2024/11/08 07:53:00,962.00,279.03
2024/11/08 07:53:00,963.00,282.16
2024/11/08 07:53:00,964.00,286.58
2024/11/08 07:53:00,965.00,291.32
2024/11/08 07:53:00,966.00,296.20
2024/11/08 07:53:00,967.00,303.55
2024/11/08 07:53:00,968.00,310.43
2024/11/08 07:53:00,969.00,314.66
2024/11/08 07:53:00,970.00,318.24
2024/11/08 07:53:00,971.00,320.10
2024/11/08 07:53:00,972.00,318.34
2024/11/08 07:53:00,973.00,317.31
2024/11/08 07:53:00,974.00,317.38
2024/11/08 07:53:00,975.00,315.79
2024/11/08 07:53:00,976.00,315.99
2024/11/08 07:53:00,977.00,318.58
2024/11/08 07:53:00,978.00,320.17
2024/11/08 07:53:00,979.00,320.72
2024/11/08 07:53:00,980.00,323.67
2024/11/08 07:53:00,981.00,326.14
2024/11/08 07:53:00,982.00,327.85
2024/11/08 07:53:00,983.00,329.26
2024/11/08 07:53:00,984.00,332.10
2024/11/08 07:53:00,985.00,333.96
2024/11/08 07:53:00,986.00,335.24
2024/11/08 07:53:00,987.00,336.49
2024/11/08 07:53:00,988.00,336.89
2024/11/08 07:53:00,989.00,336.02
2024/11/08 07:53:00,990.00,335.65
2024/11/08 07:53:00,991.00,335.73
2024/11/08 07:53:00,992.00,335.51
2024/11/08 07:53:00,993.00,335.93
2024/11/08 07:53:00,994.00,337.20
2024/11/08 07:53:00,995.00,337.02
2024/11/08 07:53:00,996.00,335.65
2024/11/08 07:53:00,997.00,335.02
2024/11/08 07:53:00,998.00,334.77
2024/11/08 07:53:00,999.00,332.23
2024/11/08 07:53:00,1000.00,332.92
2024/11/08 07:53:00,1001.00,333.63
2024/11/08 07:53:00,1002.00,331.45
2024/11/08 07:53:00,1003.00,328.72
2024/11/08 07:53:00,1004.00,327.49
2024/11/08 07:53:00,1005.00,324.98
2024/11/08 07:53:00,1006.00,322.35
2024/11/08 07:53:00,1007.00,322.59
2024/11/08 07:53:00,1008.00,324.18
2024/11/08 07:53:00,1009.00,324.02
2024/11/08 07:53:00,1010.00,325.33
2024/11/08 07:53:00,1011.00,325.93
2024/11/08 07:53:00,1012.00,324.52
2024/11/08 07:53:00,1013.00,324.07
2024/11/08 07:53:00,1014.00,324.23
2024/11/08 07:53:00,1015.00,322.12
2024/11/08 07:53:00,1016.00,320.71
2024/11/08 07:53:00,1017.00,321.28
2024/11/08 07:53:00,1018.00,319.62
2024/11/08 07:53:00,1019.00,318.41
2024/11/08 07:53:00,1020.00,319.40
2024/11/08 07:53:00,1021.00,318.94
2024/11/08 07:53:00,1022.00,317.67
2024/11/08 07:53:00,1023.00,317.72
2024/11/08 07:53:00,1024.00,318.13
2024/11/08 07:53:00,1025.00,316.66
2024/11/08 07:53:00,1026.00,315.59
2024/11/08 07:53:00,1027.00,315.91
2024/11/08 07:53:00,1028.00,314.49
2024/11/08 07:53:00,1029.00,312.31
2024/11/08 07:53:00,1030.00,311.96
2024/11/08 07:53:00,1031.00,311.20
2024/11/08 07:53:00,1032.00,309.59
2024/11/08 07:53:00,1033.00,309.81
2024/11/08 07:53:00,1034.00,310.58
2024/11/08 07:53:00,1035.00,310.34
2024/11/08 07:53:00,1036.00,308.38
2024/11/08 07:53:00,1037.00,308.95
2024/11/08 07:53:00,1038.00,309.60
2024/11/08 07:53:00,1039.00,307.71
2024/11/08 07:53:00,1040.00,308.22
2024/11/08 07:53:00,1041.00,309.41
2024/11/08 07:53:00,1042.00,306.34
2024/11/08 07:53:00,1043.00,304.22
2024/11/08 07:53:00,1044.00,302.99
2024/11/08 07:53:00,1045.00,299.21
2024/11/08 07:53:00,1046.00,298.20
2024/11/08 07:53:00,1047.00,298.63
2024/11/08 07:53:00,1048.00,298.16
2024/11/08 07:53:00,1049.00,296.94
2024/11/08 07:53:00,1050.00,298.99
2024/11/08 07:53:00,1051.00,302.48
2024/11/08 07:53:00,1052.00,299.43
2024/11/08 07:53:00,1053.00,300.18
2024/11/08 07:53:00,1054.00,300.71
2024/11/08 07:53:00,1055.00,296.86
2024/11/08 07:53:00,1056.00,295.81
2024/11/08 07:53:00,1057.00,296.33
2024/11/08 07:53:00,1058.00,291.79
2024/11/08 07:53:00,1059.00,288.19
2024/11/08 07:53:00,1060.00,289.07
2024/11/08 07:53:00,1061.00,287.10
2024/11/08 07:53:00,1062.00,286.21
2024/11/08 07:53:00,1063.00,289.04
2024/11/08 07:53:00,1064.00,293.07
2024/11/08 07:53:00,1065.00,288.77
2024/11/08 07:53:00,1066.00,289.22
2024/11/08 07:53:00,1067.00,290.68
2024/11/08 07:53:00,1068.00,284.99
2024/11/08 07:53:00,1069.00,280.95
2024/11/08 07:53:00,1070.00,282.14
2024/11/08 07:53:00,1071.00,277.55
2024/11/08 07:53:00,1072.00,273.66
2024/11/08 07:53:00,1073.00,274.16
2024/11/08 07:53:00,1074.00,276.67
2024/11/08 07:53:00,1075.00,274.34
2024/11/08 07:53:00,1076.00,278.39
2024/11/08 07:53:00,1077.00,282.05
2024/11/08 07:53:00,1078.00,281.67
2024/11/08 07:53:00,1079.00,282.04
2024/11/08 07:53:00,1080.00,285.07
2024/11/08 07:53:00,1081.00,281.53
2024/11/08 07:53:00,1082.00,277.61
2024/11/08 07:53:00,1083.00,277.60
2024/11/08 07:53:00,1084.00,275.80
2024/11/08 07:53:00,1085.00,272.19
2024/11/08 07:53:00,1086.00,271.04
2024/11/08 07:53:00,1087.00,273.33
2024/11/08 07:53:00,1088.00,275.16
2024/11/08 07:53:00,1089.00,271.76
2024/11/08 07:53:00,1090.00,277.15
2024/11/08 07:53:00,1091.00,276.46
2024/11/08 07:53:00,1092.00,268.33
2024/11/08 07:53:00,1093.00,270.54
2024/11/08 07:53:00,1094.00,269.35
2024/11/08 07:53:00,1095.00,262.46
2024/11/08 07:53:00,1096.00,265.90
2024/11/08 07:53:00,1097.00,265.08
2024/11/08 07:53:00,1098.00,262.06
2024/11/08 07:53:00,1099.00,261.96
2024/11/08 07:53:00,1100.00,265.48
2024/11/08 07:54:00,Wavelength(nm),Irradiance(W/m2/um)
2024/11/08 07:54:00,300.00,10.06
2024/11/08 07:54:00,301.00,10.84
2024/11/08 07:54:00,302.00,11.86
2024/11/08 07:54:00,303.00,13.72
2024/11/08 07:54:00,304.00,15.70
2024/11/08 07:54:00,305.00,17.96
2024/11/08 07:54:00,306.00,20.85
2024/11/08 07:54:00,307.00,24.51
2024/11/08 07:54:00,308.00,28.72
2024/11/08 07:54:00,309.00,33.80
2024/11/08 07:54:00,310.00,39.85
2024/11/08 07:54:00,311.00,46.22
2024/11/08 07:54:00,312.00,53.12
2024/11/08 07:54:00,313.00,60.15
2024/11/08 07:54:00,314.00,68.42
2024/11/08 07:54:00,315.00,76.63
2024/11/08 07:54:00,316.00,85.36
2024/11/08 07:54:00,317.00,94.75
2024/11/08 07:54:00,318.00,103.60
2024/11/08 07:54:00,319.00,111.18
2024/11/08 07:54:00,320.00,118.86
2024/11/08 07:54:00,321.00,127.37
2024/11/08 07:54:00,322.00,136.85
2024/11/08 07:54:00,323.00,148.48
2024/11/08 07:54:00,324.00,161.11
2024/11/08 07:54:00,325.00,174.92
2024/11/08 07:54:00,326.00,189.22
2024/11/08 07:54:00,327.00,202.14
2024/11/08 07:54:00,328.00,213.24
2024/11/08 07:54:00,329.00,222.35
2024/11/08 07:54:00,330.00,229.36
2024/11/08 07:54:00,331.00,234.69
2024/11/08 07:54:00,332.00,238.32
2024/11/08 07:54:00,333.00,239.01
2024/11/08 07:54:00,334.00,239.69
2024/11/08 07:54:00,335.00,240.73
2024/11/08 07:54:00,336.00,242.09
2024/11/08 07:54:00,337.00,244.11
2024/11/08 07:54:00,338.00,248.27
2024/11/08 07:54:00,339.00,253.60
2024/11/08 07:54:00,340.00,258.22
2024/11/08 07:54:00,341.00,260.04
2024/11/08 07:54:00,342.00,261.31
2024/11/08 07:54:00,343.00,262.62
2024/11/08 07:54:00,344.00,262.72
2024/11/08 07:54:00,345.00,262.51
2024/11/08 07:54:00,346.00,263.80
2024/11/08 07:54:00,347.00,266.63
2024/11/08 07:54:00,348.00,270.37
2024/11/08 07:54:00,349.00,274.05
2024/11/08 07:54:00,350.00,278.65
2024/11/08 07:54:00,351.00,285.32
2024/11/08 07:54:00,352.00,291.15
2024/11/08 07:54:00,353.00,294.65
2024/11/08 07:54:00,354.00,295.08
2024/11/08 07:54:00,355.00,291.54
2024/11/08 07:54:00,356.00,286.84
2024/11/08 07:54:00,357.00,283.20
2024/11/08 07:54:00,358.00,279.71
2024/11/08 07:54:00,359.00,279.79
2024/11/08 07:54:00,360.00,285.66
2024/11/08 07:54:00,361.00,292.44
2024/11/08 07:54:00,362.00,300.28
2024/11/08 07:54:00,363.00,312.77
2024/11/08 07:54:00,364.00,326.95
2024/11/08 07:54:00,365.00,338.28
2024/11/08 07:54:00,366.00,348.35
2024/11/08 07:54:00,367.00,356.26
2024/11/08 07:54:00,368.00,360.08
2024/11/08 07:54:00,369.00,359.48
2024/11/08 07:54:00,370.00,354.58
2024/11/08 07:54:00,371.00,345.69
2024/11/08 07:54:00,372.00,336.63
2024/11/08 07:54:00,373.00,330.68
2024/11/08 07:54:00,374.00,331.39
2024/11/08 07:54:00,375.00,340.48
2024/11/08 07:54:00,376.00,352.75
2024/11/08 07:54:00,377.00,364.41
2024/11/08 07:54:00,378.00,372.27
2024/11/08 07:54:00,379.00,369.89
2024/11/08 07:54:00,380.00,354.88
2024/11/08 07:54:00,381.00,337.54
2024/11/08 07:54:00,382.00,323.68
2024/11/08 07:54:00,383.00,313.29
2024/11/08 07:54:00,384.00,309.35
2024/11/08 07:54:00,385.00,314.83
2024/11/08 07:54:00,386.00,325.60
2024/11/08 07:54:00,387.00,338.60
2024/11/08 07:54:00,388.00,353.74
2024/11/08 07:54:00,389.00,366.66
2024/11/08 07:54:00,390.00,369.05
2024/11/08 07:54:00,391.00,363.22
2024/11/08 07:54:00,392.00,358.30
2024/11/08 07:54:00,393.00,349.94
2024/11/08 07:54:00,394.00,339.38
2024/11/08 07:54:00,395.00,344.65
2024/11/08 07:54:00,396.00,369.80
2024/11/08 07:54:00,397.00,400.39
2024/11/08 07:54:00,398.00,436.28
2024/11/08 07:54:00,399.00,479.83
2024/11/08 07:54:00,400.00,518.96
2024/11/08 07:54:00,401.00,544.32
2024/11/08 07:54:00,402.00,557.81
2024/11/08 07:54:00,403.00,561.30
2024/11/08 07:54:00,404.00,559.16
2024/11/08 07:54:00,405.00,556.72
2024/11/08 07:54:00,406.00,556.38
2024/11/08 07:54:00,407.00,556.61
2024/11/08 07:54:00,408.00,559.73
2024/11/08 07:54:00,409.00,566.91
2024/11/08 07:54:00,410.00,574.53
2024/11/08 07:54:00,411.00,581.33
2024/11/08 07:54:00,412.00,589.07
2024/11/08 07:54:00,413.00,597.03
2024/11/08 07:54:00,414.00,602.51
2024/11/08 07:54:00,415.00,605.10
2024/11/08 07:54:00,416.00,604.74
2024/11/08 07:54:00,417.00,604.48
2024/11/08 07:54:00,418.00,604.91
2024/11/08 07:54:00,419.00,605.35
2024/11/08 07:54:00,420.00,605.75
2024/11/08 07:54:00,421.00,607.73
2024/11/08 07:54:00,422.00,609.03
2024/11/08 07:54:00,423.00,609.16
2024/11/08 07:54:00,424.00,606.92
2024/11/08 07:54:00,425.00,604.40
2024/11/08 07:54:00,426.00,599.73
2024/11/08 07:54:00,427.00,587.78
2024/11/08 07:54:00,428.00,571.66
2024/11/08 07:54:00,429.00,562.37
2024/11/08 07:54:00,430.00,562.29
2024/11/08 07:54:00,431.00,567.68
2024/11/08 07:54:00,432.00,583.08
2024/11/08 07:54:00,433.00,607.41
2024/11/08 07:54:00,434.00,630.30
2024/11/08 07:54:00,435.00,641.75
2024/11/08 07:54:00,436.00,647.60
2024/11/08 07:54:00,437.00,652.39
2024/11/08 07:54:00,438.00,656.27
2024/11/08 07:54:00,439.00,661.09
2024/11/08 07:54:00,440.00,671.51
2024/11/08 07:54:00,441.00,686.84
2024/11/08 07:54:00,442.00,699.95
2024/11/08 07:54:00,443.00,709.09
2024/11/08 07:54:00,444.00,716.27
2024/11/08 07:54:00,445.00,722.56
2024/11/08 07:54:00,446.00,728.23
2024/11/08 07:54:00,447.00,739.22
2024/11/08 07:54:00,448.00,753.21
2024/11/08 07:54:00,449.00,764.24
2024/11/08 07:54:00,450.00,769.04
2024/11/08 07:54:00,451.00,771.52
2024/11/08 07:54:00,452.00,770.68
2024/11/08 07:54:00,453.00,768.57
2024/11/08 07:54:00,454.00,769.76
2024/11/08 07:54:00,455.00,774.56
2024/11/08 07:54:00,456.00,779.36
2024/11/08 07:54:00,457.00,783.20
2024/11/08 07:54:00,458.00,787.99
2024/11/08 07:54:00,459.00,791.79
2024/11/08 07:54:00,460.00,795.92
2024/11/08 07:54:00,461.00,799.66
2024/11/08 07:54:00,462.00,802.39
2024/11/08 07:54:00,463.00,801.76
2024/11/08 07:54:00,464.00,798.89
2024/11/08 07:54:00,465.00,794.05
2024/11/08 07:54:00,466.00,791.22
2024/11/08 07:54:00,467.00,787.85
2024/11/08 07:54:00,468.00,786.66
2024/11/08 07:54:00,469.00,787.27
2024/11/08 07:54:00,470.00,788.06
2024/11/08 07:54:00,471.00,789.92
2024/11/08 07:54:00,472.00,793.26
2024/11/08 07:54:00,473.00,794.71
2024/11/08 07:54:00,474.00,795.34
2024/11/08 07:54:00,475.00,796.23
2024/11/08 07:54:00,476.00,797.81
2024/11/08 07:54:00,477.00,801.70
2024/11/08 07:54:00,478.00,805.87
2024/11/08 07:54:00,479.00,809.91
2024/11/08 07:54:00,480.00,814.36
2024/11/08 07:54:00,481.00,813.95
2024/11/08 07:54:00,482.00,807.79
2024/11/08 07:54:00,483.00,796.12
2024/11/08 07:54:00,484.00,778.69
2024/11/08 07:54:00,485.00,763.13
2024/11/08 07:54:00,486.00,753.98
2024/11/08 07:54:00,487.00,752.25
2024/11/08 07:54:00,488.00,757.47
2024/11/08 07:54:00,489.00,767.58
2024/11/08 07:54:00,490.00,774.93
2024/11/08 07:54:00,491.00,780.30
2024/11/08 07:54:00,492.00,783.23
2024/11/08 07:54:00,493.00,785.57
2024/11/08 07:54:00,494.00,788.19
2024/11/08 07:54:00,495.00,791.01
2024/11/08 07:54:00,496.00,789.54
2024/11/08 07:54:00,497.00,786.02
2024/11/08 07:54:00,498.00,780.28
2024/11/08 07:54:00,499.00,773.33
2024/11/08 07:54:00,500.00,768.27
2024/11/08 07:54:00,501.00,764.57
2024/11/08 07:54:00,502.00,763.87
2024/11/08 07:54:00,503.00,766.33
2024/11/08 07:54:00,504.00,770.78
2024/11/08 07:54:00,505.00,773.37
2024/11/08 07:54:00,506.00,776.02
2024/11/08 07:54:00,507.00,777.70
2024/11/08 07:54:00,508.00,778.37
2024/11/08 07:54:00,509.00,777.72
2024/11/08 07:54:00,510.00,776.36
2024/11/08 07:54:00,511.00,774.72
2024/11/08 07:54:00,512.00,771.62
2024/11/08 07:54:00,513.00,763.87
2024/11/08 07:54:00,514.00,752.45
2024/11/08 07:54:00,515.00,738.24
2024/11/08 07:54:00,516.00,726.44
2024/11/08 07:54:00,517.00,718.90
2024/11/08 07:54:00,518.00,716.86
2024/11/08 07:54:00,519.00,720.11
2024/11/08 07:54:00,520.00,730.00
2024/11/08 07:54:00,521.00,738.57
2024/11/08 07:54:00,522.00,747.16
2024/11/08 07:54:00,523.00,750.54
2024/11/08 07:54:00,524.00,748.23
2024/11/08 07:54:00,525.00,746.44
2024/11/08 07:54:00,526.00,747.35
2024/11/08 07:54:00,527.00,747.42
2024/11/08 07:54:00,528.00,750.90
2024/11/08 07:54:00,529.00,757.83
2024/11/08 07:54:00,530.00,762.65
2024/11/08 07:54:00,531.00,764.06
2024/11/08 07:54:00,532.00,763.75
2024/11/08 07:54:00,533.00,763.45
2024/11/08 07:54:00,534.00,764.11
2024/11/08 07:54:00,535.00,763.07
2024/11/08 07:54:00,536.00,762.63
2024/11/08 07:54:00,537.00,759.92
2024/11/08 07:54:00,538.00,754.82
2024/11/08 07:54:00,539.00,749.95
2024/11/08 07:54:00,540.00,746.81
2024/11/08 07:54:00,541.00,745.92
2024/11/08 07:54:00,542.00,746.05
2024/11/08 07:54:00,543.00,748.28
2024/11/08 07:54:00,544.00,749.25
2024/11/08 07:54:00,545.00,751.22
2024/11/08 07:54:00,546.00,751.97
2024/11/08 07:54:00,547.00,753.15
2024/11/08 07:54:00,548.00,753.18
2024/11/08 07:54:00,549.00,754.88
2024/11/08 07:54:00,550.00,754.28
2024/11/08 07:54:00,551.00,753.70
2024/11/08 07:54:00,552.00,753.66
2024/11/08 07:54:00,553.00,752.84
2024/11/08 07:54:00,554.00,750.05
2024/11/08 07:54:00,555.00,747.27
2024/11/08 07:54:00,556.00,741.92
2024/11/08 07:54:00,557.00,736.97
2024/11/08 07:54:00,558.00,732.59
2024/11/08 07:54:00,559.00,729.93
2024/11/08 07:54:00,560.00,730.18
2024/11/08 07:54:00,561.00,730.88
2024/11/08 07:54:00,562.00,731.08
2024/11/08 07:54:00,563.00,730.29
2024/11/08 07:54:00,564.00,728.50
2024/11/08 07:54:00,565.00,725.95
2024/11/08 07:54:00,566.00,723.55
2024/11/08 07:54:00,567.00,719.54
2024/11/08 07:54:00,568.00,717.74
2024/11/08 07:54:00,569.00,715.86
2024/11/08 07:54:00,570.00,714.89
2024/11/08 07:54:00,571.00,715.40
2024/11/08 07:54:00,572.00,716.48
2024/11/08 07:54:00,573.00,716.18
2024/11/08 07:54:00,574.00,716.49
2024/11/08 07:54:00,575.00,713.92
2024/11/08 07:54:00,576.00,712.10
2024/11/08 07:54:00,577.00,712.24
2024/11/08 07:54:00,578.00,712.46
2024/11/08 07:54:00,579.00,714.25
2024/11/08 07:54:00,580.00,717.96
2024/11/08 07:54:00,581.00,720.92
2024/11/08 07:54:00,582.00,722.43
2024/11/08 07:54:00,583.00,724.24
2024/11/08 07:54:00,584.00,723.77
2024/11/08 07:54:00,585.00,723.58
2024/11/08 07:54:00,586.00,718.51
2024/11/08 07:54:00,587.00,711.93
2024/11/08 07:54:00,588.00,707.06
2024/11/08 07:54:00,589.00,702.74
2024/11/08 07:54:00,590.00,698.71
2024/11/08 07:54:00,591.00,699.39
2024/11/08 07:54:00,592.00,701.85
2024/11/08 07:54:00,593.00,702.84
2024/11/08 07:54:00,594.00,703.78
2024/11/08 07:54:00,595.00,704.43
2024/11/08 07:54:00,596.00,703.40
2024/11/08 07:54:00,597.00,702.76
2024/11/08 07:54:00,598.00,701.46
2024/11/08 07:54:00,599.00,699.04
2024/11/08 07:54:00,600.00,698.62
2024/11/08 07:54:00,601.00,698.45
2024/11/08 07:54:00,602.00,697.88
2024/11/08 07:54:00,603.00,698.83
2024/11/08 07:54:00,604.00,698.44
2024/11/08 07:54:00,605.00,698.04
2024/11/08 07:54:00,606.00,696.65
2024/11/08 07:54:00,607.00,695.00
2024/11/08 07:54:00,608.00,692.87
2024/11/08 07:54:00,609.00,692.37
2024/11/08 07:54:00,610.00,689.47
2024/11/08 07:54:00,611.00,688.22
2024/11/08 07:54:00,612.00,685.81
2024/11/08 07:54:00,613.00,683.33
2024/11/08 07:54:00,614.00,680.67
2024/11/08 07:54:00,615.00,678.73
2024/11/08 07:54:00,616.00,678.04
2024/11/08 07:54:00,617.00,679.61
2024/11/08 07:54:00,618.00,679.23
2024/11/08 07:54:00,619.00,680.25
2024/11/08 07:54:00,620.00,680.89
2024/11/08 07:54:00,621.00,678.84
2024/11/08 07:54:00,622.00,675.66
2024/11/08 07:54:00,623.00,674.77
2024/11/08 07:54:00,624.00,671.66
2024/11/08 07:54:00,625.00,669.26
2024/11/08 07:54:00,626.00,666.14
2024/11/08 07:54:00,627.00,663.62
2024/11/08 07:54:00,628.00,661.53
2024/11/08 07:54:00,629.00,659.49
2024/11/08 07:54:00,630.00,659.05
2024/11/08 07:54:00,631.00,660.18
2024/11/08 07:54:00,632.00,660.84
2024/11/08 07:54:00,633.00,661.90
2024/11/08 07:54:00,634.00,664.45
2024/11/08 07:54:00,635.00,664.77
2024/11/08 07:54:00,636.00,667.51
2024/11/08 07:54:00,637.00,669.75
2024/11/08 07:54:00,638.00,670.60
2024/11/08 07:54:00,639.00,670.24
2024/11/08 07:54:00,640.00,670.77
2024/11/08 07:54:00,641.00,669.27
2024/11/08 07:54:00,642.00,669.10
2024/11/08 07:54:00,643.00,668.78
2024/11/08 07:54:00,644.00,668.83
2024/11/08 07:54:00,645.00,668.21
2024/11/08 07:54:00,646.00,666.63
2024/11/08 07:54:00,647.00,665.36
2024/11/08 07:54:00,648.00,663.77
2024/11/08 07:54:00,649.00,663.40
2024/11/08 07:54:00,650.00,662.98
2024/11/08 07:54:00,651.00,661.99
2024/11/08 07:54:00,652.00,658.25
2024/11/08 07:54:00,653.00,651.75
2024/11/08 07:54:00,654.00,643.30
2024/11/08 07:54:00,655.00,637.18
2024/11/08 07:54:00,656.00,634.30
2024/11/08 07:54:00,657.00,633.95
2024/11/08 07:54:00,658.00,637.68
2024/11/08 07:54:00,659.00,643.77
2024/11/08 07:54:00,660.00,648.15
2024/11/08 07:54:00,661.00,651.49
2024/11/08 07:54:00,662.00,654.61
2024/11/08 07:54:00,663.00,656.57
2024/11/08 07:54:00,664.00,658.51
2024/11/08 07:54:00,665.00,660.57
2024/11/08 07:54:00,666.00,661.07
2024/11/08 07:54:00,667.00,661.79
2024/11/08 07:54:00,668.00,662.86
2024/11/08 07:54:00,669.00,662.74
2024/11/08 07:54:00,670.00,662.93
2024/11/08 07:54:00,671.00,662.83
2024/11/08 07:54:00,672.00,662.54
2024/11/08 07:54:00,673.00,661.38
2024/11/08 07:54:00,674.00,660.97
2024/11/08 07:54:00,675.00,659.63
2024/11/08 07:54:00,676.00,658.45
2024/11/08 07:54:00,677.00,657.57
2024/11/08 07:54:00,678.00,656.46
2024/11/08 07:54:00,679.00,656.18
2024/11/08 07:54:00,680.00,655.27
2024/11/08 07:54:00,681.00,654.39
2024/11/08 07:54:00,682.00,653.26
2024/11/08 07:54:00,683.00,646.59
2024/11/08 07:54:00,684.00,632.75
2024/11/08 07:54:00,685.00,615.88
2024/11/08 07:54:00,686.00,598.60
2024/11/08 07:54:00,687.00,581.32
2024/11/08 07:54:00,688.00,570.14
2024/11/08 07:54:00,689.00,566.50
2024/11/08 07:54:00,690.00,570.81
2024/11/08 07:54:00,691.00,577.67
2024/11/08 07:54:00,692.00,585.29
2024/11/08 07:54:00,693.00,594.42
2024/11/08 07:54:00,694.00,603.11
2024/11/08 07:54:00,695.00,608.35
2024/11/08 07:54:00,696.00,612.60
2024/11/08 07:54:00,697.00,615.79
2024/11/08 07:54:00,698.00,617.11
2024/11/08 07:54:00,699.00,617.75
2024/11/08 07:54:00,700.00,617.07
2024/11/08 07:54:00,701.00,617.08
2024/11/08 07:54:00,702.00,617.78
2024/11/08 07:54:00,703.00,617.25
2024/11/08 07:54:00,704.00,618.46
2024/11/08 07:54:00,705.00,619.02
2024/11/08 07:54:00,706.00,618.50
2024/11/08 07:54:00,707.00,619.23
2024/11/08 07:54:00,708.00,619.48
2024/11/08 07:54:00,709.00,619.47
2024/11/08 07:54:00,710.00,618.98
2024/11/08 07:54:00,711.00,618.74
2024/11/08 07:54:00,712.00,616.61
2024/11/08 07:54:00,713.00,615.22
2024/11/08 07:54:00,714.00,608.76
2024/11/08 07:54:00,715.00,601.90
2024/11/08 07:54:00,716.00,592.74
2024/11/08 07:54:00,717.00,581.43
2024/11/08 07:54:00,718.00,573.26
2024/11/08 07:54:00,719.00,569.57
2024/11/08 07:54:00,720.00,566.71
2024/11/08 07:54:00,721.00,566.50
2024/11/08 07:54:00,722.00,567.77
2024/11/08 07:54:00,723.00,566.46
2024/11/08 07:54:00,724.00,564.52
2024/11/08 07:54:00,725.00,563.44
2024/11/08 07:54:00,726.00,563.57
2024/11/08 07:54:00,727.00,564.58
2024/11/08 07:54:00,728.00,564.53
2024/11/08 07:54:00,729.00,566.49
2024/11/08 07:54:00,730.00,569.02
2024/11/08 07:54:00,731.00,571.24
2024/11/08 07:54:00,732.00,575.83
2024/11/08 07:54:00,733.00,579.07
2024/11/08 07:54:00,734.00,580.97
2024/11/08 07:54:00,735.00,582.12
2024/11/08 07:54:00,736.00,580.61
2024/11/08 07:54:00,737.00,579.04
2024/11/08 07:54:00,738.00,578.67
2024/11/08 07:54:00,739.00,577.51
2024/11/08 07:54:00,740.00,576.40
2024/11/08 07:54:00,741.00,578.59
2024/11/08 07:54:00,742.00,577.31
2024/11/08 07:54:00,743.00,576.49
2024/11/08 07:54:00,744.00,577.68
2024/11/08 07:54:00,745.00,577.21
2024/11/08 07:54:00,746.00,574.78
2024/11/08 07:54:00,747.00,574.21
2024/11/08 07:54:00,748.00,572.43
2024/11/08 07:54:00,749.00,569.79
2024/11/08 07:54:00,750.00,570.77
2024/11/08 07:54:00,751.00,570.85
2024/11/08 07:54:00,752.00,570.36
2024/11/08 07:54:00,753.00,569.53
2024/11/08 07:54:00,754.00,569.00
2024/11/08 07:54:00,755.00,565.39
2024/11/08 07:54:00,756.00,551.13
2024/11/08 07:54:00,757.00,522.89
2024/11/08 07:54:00,758.00,483.07
2024/11/08 07:54:00,759.00,439.43
2024/11/08 07:54:00,760.00,395.14
2024/11/08 07:54:00,761.00,361.70
2024/11/08 07:54:00,762.00,346.45
2024/11/08 07:54:00,763.00,345.87
2024/11/08 07:54:00,764.00,355.41
2024/11/08 07:54:00,765.00,372.71
2024/11/08 07:54:00,766.00,393.35
2024/11/08 07:54:00,767.00,416.26
2024/11/08 07:54:00,768.00,439.09
2024/11/08 07:54:00,769.00,460.73
2024/11/08 07:54:00,770.00,478.29
2024/11/08 07:54:00,771.00,495.18
2024/11/08 07:54:00,772.00,508.64
2024/11/08 07:54:00,773.00,519.58
2024/11/08 07:54:00,774.00,526.65
2024/11/08 07:54:00,775.00,532.64
2024/11/08 07:54:00,776.00,534.53
2024/11/08 07:54:00,777.00,532.93
2024/11/08 07:54:00,778.00,531.73
2024/11/08 07:54:00,779.00,531.39
2024/11/08 07:54:00,780.00,529.33
2024/11/08 07:54:00,781.00,529.72
2024/11/08 07:54:00,782.00,532.01
2024/11/08 07:54:00,783.00,531.96
2024/11/08 07:54:00,784.00,530.09
2024/11/08 07:54:00,785.00,530.68
2024/11/08 07:54:00,786.00,530.37
2024/11/08 07:54:00,787.00,528.88
2024/11/08 07:54:00,788.00,527.11
2024/11/08 07:54:00,789.00,527.22
2024/11/08 07:54:00,790.00,527.79
2024/11/08 07:54:00,791.00,525.59
2024/11/08 07:54:00,792.00,527.60
2024/11/08 07:54:00,793.00,528.19
2024/11/08 07:54:00,794.00,524.84
2024/11/08 07:54:00,795.00,522.38
2024/11/08 07:54:00,796.00,521.76
2024/11/08 07:54:00,797.00,516.82
2024/11/08 07:54:00,798.00,516.45
2024/11/08 07:54:00,799.00,517.33
2024/11/08 07:54:00,800.00,517.28
2024/11/08 07:54:00,801.00,518.18
2024/11/08 07:54:00,802.00,519.07
2024/11/08 07:54:00,803.00,520.40
2024/11/08 07:54:00,804.00,520.96
2024/11/08 07:54:00,805.00,518.81
2024/11/08 07:54:00,806.00,518.53
2024/11/08 07:54:00,807.00,518.48
2024/11/08 07:54:00,808.00,515.22
2024/11/08 07:54:00,809.00,515.34
2024/11/08 07:54:00,810.00,514.65
2024/11/08 07:54:00,811.00,510.58
2024/11/08 07:54:00,812.00,505.39
2024/11/08 07:54:00,813.00,500.74
2024/11/08 07:54:00,814.00,493.83
2024/11/08 07:54:00,815.00,488.58
2024/11/08 07:54:00,816.00,483.54
2024/11/08 07:54:00,817.00,480.87
2024/11/08 07:54:00,818.00,481.56
2024/11/08 07:54:00,819.00,479.54
2024/11/08 07:54:00,820.00,482.68
2024/11/08 07:54:00,821.00,485.24
2024/11/08 07:54:00,822.00,485.31
2024/11/08 07:54:00,823.00,488.33
2024/11/08 07:54:00,824.00,492.93
2024/11/08 07:54:00,825.00,491.82
2024/11/08 07:54:00,826.00,489.89
2024/11/08 07:54:00,827.00,489.17
2024/11/08 07:54:00,828.00,485.58
2024/11/08 07:54:00,829.00,481.33
2024/11/08 07:54:00,830.00,482.21
2024/11/08 07:54:00,831.00,483.37
2024/11/08 07:54:00,832.00,482.99
2024/11/08 07:54:00,833.00,481.82
2024/11/08 07:54:00,834.00,482.05
2024/11/08 07:54:00,835.00,481.39
2024/11/08 07:54:00,836.00,478.89
2024/11/08 07:54:00,837.00,478.86
2024/11/08 07:54:00,838.00,478.54
2024/11/08 07:54:00,839.00,477.40
2024/11/08 07:54:00,840.00,475.27
2024/11/08 07:54:00,841.00,473.52
2024/11/08 07:54:00,842.00,473.24
2024/11/08 07:54:00,843.00,470.77
2024/11/08 07:54:00,844.00,470.32
2024/11/08 07:54:00,845.00,469.31
2024/11/08 07:54:00,846.00,465.48
2024/11/08 07:54:00,847.00,461.94
2024/11/08 07:54:00,848.00,458.38
2024/11/08 07:54:00,849.00,453.57
2024/11/08 07:54:00,850.00,449.52
2024/11/08 07:54:00,851.00,444.10
2024/11/08 07:54:00,852.00,438.80
2024/11/08 07:54:00,853.00,435.63
2024/11/08 07:54:00,854.00,435.03
2024/11/08 07:54:00,855.00,437.16
2024/11/08 07:54:00,856.00,441.06
2024/11/08 07:54:00,857.00,443.98
2024/11/08 07:54:00,858.00,447.19
2024/11/08 07:54:00,859.00,448.17
2024/11/08 07:54:00,860.00,448.05
2024/11/08 07:54:00,861.00,449.73
2024/11/08 07:54:00,862.00,448.94
2024/11/08 07:54:00,863.00,444.46
2024/11/08 07:54:00,864.00,440.00
2024/11/08 07:54:00,865.00,437.48
2024/11/08 07:54:00,866.00,434.30
2024/11/08 07:54:00,867.00,433.00
2024/11/08 07:54:00,868.00,435.42
2024/11/08 07:54:00,869.00,436.44
2024/11/08 07:54:00,870.00,435.95
2024/11/08 07:54:00,871.00,435.55
2024/11/08 07:54:00,872.00,435.61
2024/11/08 07:54:00,873.00,434.87
2024/11/08 07:54:00,874.00,434.54
2024/11/08 07:54:00,875.00,434.29
2024/11/08 07:54:00,876.00,434.82
2024/11/08 07:54:00,877.00,433.61
2024/11/08 07:54:00,878.00,433.16
2024/11/08 07:54:00,879.00,433.29
2024/11/08 07:54:00,880.00,432.91
2024/11/08 07:54:00,881.00,431.66
2024/11/08 07:54:00,882.00,431.86
2024/11/08 07:54:00,883.00,431.99
2024/11/08 07:54:00,884.00,429.98
2024/11/08 07:54:00,885.00,428.77
2024/11/08 07:54:00,886.00,428.71
2024/11/08 07:54:00,887.00,427.86
2024/11/08 07:54:00,888.00,426.60
2024/11/08 07:54:00,889.00,427.05
2024/11/08 07:54:00,890.00,424.77
2024/11/08 07:54:00,891.00,421.87
2024/11/08 07:54:00,892.00,418.27
2024/11/08 07:54:00,893.00,412.97
2024/11/08 07:54:00,894.00,405.88
2024/11/08 07:54:00,895.00,399.62
2024/11/08 07:54:00,896.00,392.60
2024/11/08 07:54:00,897.00,384.90
2024/11/08 07:54:00,898.00,378.39
2024/11/08 07:54:00,899.00,374.32
2024/11/08 07:54:00,900.00,372.49
2024/11/08 07:54:00,901.00,372.55
2024/11/08 07:54:00,902.00,374.86
2024/11/08 07:54:00,903.00,376.79
2024/11/08 07:54:00,904.00,376.24
2024/11/08 07:54:00,905.00,373.71
2024/11/08 07:54:00,906.00,370.03
2024/11/08 07:54:00,907.00,365.70
2024/11/08 07:54:00,908.00,361.73
2024/11/08 07:54:00,909.00,361.74
2024/11/08 07:54:00,910.00,361.07
2024/11/08 07:54:00,911.00,360.54
2024/11/08 07:54:00,912.00,359.62
2024/11/08 07:54:00,913.00,358.63
2024/11/08 07:54:00,914.00,357.06
2024/11/08 07:54:00,915.00,355.00
2024/11/08 07:54:00,916.00,355.40
2024/11/08 07:54:00,917.00,357.45
2024/11/08 07:54:00,918.00,358.26
2024/11/08 07:54:00,919.00,360.43
2024/11/08 07:54:00,920.00,362.77
2024/11/08 07:54:00,921.00,361.21
2024/11/08 07:54:00,922.00,360.91
2024/11/08 07:54:00,923.00,360.64
2024/11/08 07:54:00,924.00,358.92
2024/11/08 07:54:00,925.00,356.44
2024/11/08 07:54:00,926.00,352.85
2024/11/08 07:54:00,927.00,345.36
2024/11/08 07:54:00,928.00,334.55
2024/11/08 07:54:00,929.00,319.59
2024/11/08 07:54:00,930.00,302.86
2024/11/08 07:54:00,931.00,284.01
2024/11/08 07:54:00,932.00,265.54
2024/11/08 07:54:00,933.00,251.44
2024/11/08 07:54:00,934.00,239.82
2024/11/08 07:54:00,935.00,232.35
2024/11/08 07:54:00,936.00,231.84
2024/11/08 07:54:00,937.00,234.23
2024/11/08 07:54:00,938.00,237.96
2024/11/08 07:54:00,939.00,242.39
2024/11/08 07:54:00,940.00,246.11
2024/11/08 07:54:00,941.00,247.75
2024/11/08 07:54:00,942.00,245.43
2024/11/08 07:54:00,943.00,244.57
2024/11/08 07:54:00,944.00,243.62
2024/11/08 07:54:00,945.00,242.62
2024/11/08 07:54:00,946.00,243.41
2024/11/08 07:54:00,947.00,245.51
2024/11/08 07:54:00,948.00,245.75
2024/11/08 07:54:00,949.00,247.63
2024/11/08 07:54:00,950.00,249.67
2024/11/08 07:54:00,951.00,250.87
2024/11/08 07:54:00,952.00,252.34
2024/11/08 07:54:00,953.00,253.84
2024/11/08 07:54:00,954.00,256.48
2024/11/08 07:54:00,955.00,258.10
2024/11/08 07:54:00,956.00,258.94
2024/11/08 07:54:00,957.00,262.92
2024/11/08 07:54:00,958.00,265.46
2024/11/08 07:54:00,959.00,267.41
2024/11/08 07:54:00,960.00,272.48
2024/11/08 07:54:00,961.00,277.65
2024/11/08 07:54:00,962.00,280.11
2024/11/08 07:54:00,963.00,285.17
2024/11/08 07:54:00,964.00,289.13
2024/11/08 07:54:00,965.00,293.63
2024/11/08 07:54:00,966.00,298.79
2024/11/08 07:54:00,967.00,305.48
2024/11/08 07:54:00,968.00,311.12
2024/11/08 07:54:00,969.00,315.03
2024/11/08 07:54:00,970.00,318.54
2024/11/08 07:54:00,971.00,319.74
2024/11/08 07:54:00,972.00,318.31
2024/11/08 07:54:00,973.00,318.56
2024/11/08 07:54:00,974.00,318.87
2024/11/08 07:54:00,975.00,318.70
2024/11/08 07:54:00,976.00,319.84
2024/11/08 07:54:00,977.00,320.98
2024/11/08 07:54:00,978.00,321.96
2024/11/08 07:54:00,979.00,323.19
2024/11/08 07:54:00,980.00,324.80
2024/11/08 07:54:00,981.00,327.44
2024/11/08 07:54:00,982.00,329.35
2024/11/08 07:54:00,983.00,330.99
2024/11/08 07:54:00,984.00,334.47
2024/11/08 07:54:00,985.00,335.49
2024/11/08 07:54:00,986.00,336.66
2024/11/08 07:54:00,987.00,339.02
2024/11/08 07:54:00,988.00,339.11
2024/11/08 07:54:00,989.00,337.94
2024/11/08 07:54:00,990.00,338.03
2024/11/08 07:54:00,991.00,338.67
2024/11/08 07:54:00,992.00,337.97
2024/11/08 07:54:00,993.00,337.86
2024/11/08 07:54:00,994.00,338.72
2024/11/08 07:54:00,995.00,338.27
2024/11/08 07:54:00,996.00,336.61
2024/11/08 07:54:00,997.00,337.09
2024/11/08 07:54:00,998.00,335.15
2024/11/08 07:54:00,999.00,333.82
2024/11/08 07:54:00,1000.00,333.34
2024/11/08 07:54:00,1001.00,332.58
2024/11/08 07:54:00,1002.00,330.31
2024/11/08 07:54:00,1003.00,330.39
2024/11/08 07:54:00,1004.00,329.38
2024/11/08 07:54:00,1005.00,328.34
2024/11/08 07:54:00,1006.00,327.81
2024/11/08 07:54:00,1007.00,328.02
2024/11/08 07:54:00,1008.00,327.55
2024/11/08 07:54:00,1009.00,326.30
2024/11/08 07:54:00,1010.00,327.04
2024/11/08 07:54:00,1011.00,325.92
2024/11/08 07:54:00,1012.00,324.18
2024/11/08 07:54:00,1013.00,324.77
2024/11/08 07:54:00,1014.00,325.43
2024/11/08 07:54:00,1015.00,323.27
2024/11/08 07:54:00,1016.00,323.37
2024/11/08 07:54:00,1017.00,323.57
2024/11/08 07:54:00,1018.00,322.59
2024/11/08 07:54:00,1019.00,320.90
2024/11/08 07:54:00,1020.00,321.01
2024/11/08 07:54:00,1021.00,320.98
2024/11/08 07:54:00,1022.00,318.54
2024/11/08 07:54:00,1023.00,317.00
2024/11/08 07:54:00,1024.00,317.99
2024/11/08 07:54:00,1025.00,315.79
2024/11/08 07:54:00,1026.00,314.57
2024/11/08 07:54:00,1027.00,315.12
2024/11/08 07:54:00,1028.00,313.15
2024/11/08 07:54:00,1029.00,312.45
2024/11/08 07:54:00,1030.00,313.68
2024/11/08 07:54:00,1031.00,313.63
2024/11/08 07:54:00,1032.00,313.96
2024/11/08 07:54:00,1033.00,314.75
2024/11/08 07:54:00,1034.00,314.56
2024/11/08 07:54:00,1035.00,312.90
2024/11/08 07:54:00,1036.00,310.28
2024/11/08 07:54:00,1037.00,308.39
2024/11/08 07:54:00,1038.00,306.72
2024/11/08 07:54:00,1039.00,302.91
2024/11/08 07:54:00,1040.00,304.71
2024/11/08 07:54:00,1041.00,305.83
2024/11/08 07:54:00,1042.00,306.87
2024/11/08 07:54:00,1043.00,309.22
2024/11/08 07:54:00,1044.00,309.19
2024/11/08 07:54:00,1045.00,306.86
2024/11/08 07:54:00,1046.00,305.46
2024/11/08 07:54:00,1047.00,303.36
2024/11/08 07:54:00,1048.00,301.26
2024/11/08 07:54:00,1049.00,298.60
2024/11/08 07:54:00,1050.00,299.75
2024/11/08 07:54:00,1051.00,303.19
2024/11/08 07:54:00,1052.00,300.70
2024/11/08 07:54:00,1053.00,301.91
2024/11/08 07:54:00,1054.00,299.28
2024/11/08 07:54:00,1055.00,295.84
2024/11/08 07:54:00,1056.00,293.81
2024/11/08 07:54:00,1057.00,293.58
2024/11/08 07:54:00,1058.00,293.39
2024/11/08 07:54:00,1059.00,293.65
2024/11/08 07:54:00,1060.00,294.47
2024/11/08 07:54:00,1061.00,293.92
2024/11/08 07:54:00,1062.00,291.94
2024/11/08 07:54:00,1063.00,294.13
2024/11/08 07:54:00,1064.00,292.46
2024/11/08 07:54:00,1065.00,286.56
2024/11/08 07:54:00,1066.00,287.19
2024/11/08 07:54:00,1067.00,284.38
2024/11/08 07:54:00,1068.00,279.03
2024/11/08 07:54:00,1069.00,282.51
2024/11/08 07:54:00,1070.00,285.76
2024/11/08 07:54:00,1071.00,285.46
2024/11/08 07:54:00,1072.00,282.40
2024/11/08 07:54:00,1073.00,283.37
2024/11/08 07:54:00,1074.00,285.37
2024/11/08 07:54:00,1075.00,284.53
2024/11/08 07:54:00,1076.00,283.16
2024/11/08 07:54:00,1077.00,286.93
2024/11/08 07:54:00,1078.00,279.19
2024/11/08 07:54:00,1079.00,281.84
2024/11/08 07:54:00,1080.00,284.00
2024/11/08 07:54:00,1081.00,280.98
2024/11/08 07:54:00,1082.00,283.36
2024/11/08 07:54:00,1083.00,283.10
2024/11/08 07:54:00,1084.00,283.79
2024/11/08 07:54:00,1085.00,282.76
2024/11/08 07:54:00,1086.00,279.62
2024/11/08 07:54:00,1087.00,284.45
2024/11/08 07:54:00,1088.00,277.27
2024/11/08 07:54:00,1089.00,272.93
2024/11/08 07:54:00,1090.00,282.00
2024/11/08 07:54:00,1091.00,274.98
2024/11/08 07:54:00,1092.00,274.13
2024/11/08 07:54:00,1093.00,280.01
2024/11/08 07:54:00,1094.00,272.06
2024/11/08 07:54:00,1095.00,268.58
2024/11/08 07:54:00,1096.00,267.36
2024/11/08 07:54:00,1097.00,267.63
2024/11/08 07:54:00,1098.00,265.97
2024/11/08 07:54:00,1099.00,261.76
2024/11/08 07:54:00,1100.00,270.63
2024/11/08 07:55:00,Wavelength(nm),Irradiance(W/m2/um)
2024/11/08 07:55:00,300.00,9.18
2024/11/08 07:55:00,301.00,10.81
2024/11/08 07:55:00,302.00,12.30
2024/11/08 07:55:00,303.00,13.92
2024/11/08 07:55:00,304.00,16.13
2024/11/08 07:55:00,305.00,18.50
2024/11/08 07:55:00,306.00,21.26
2024/11/08 07:55:00,307.00,24.65
2024/11/08 07:55:00,308.00,28.84
2024/11/08 07:55:00,309.00,34.35
2024/11/08 07:55:00,310.00,40.17
2024/11/08 07:55:00,311.00,46.10
2024/11/08 07:55:00,312.00,53.11
2024/11/08 07:55:00,313.00,60.63
2024/11/08 07:55:00,314.00,68.19
2024/11/08 07:55:00,315.00,76.74
2024/11/08 07:55:00,316.00,85.92
2024/11/08 07:55:00,317.00,95.35
2024/11/08 07:55:00,318.00,104.19
2024/11/08 07:55:00,319.00,112.22
2024/11/08 07:55:00,320.00,120.46
2024/11/08 07:55:00,321.00,129.00
2024/11/08 07:55:00,322.00,138.65
2024/11/08 07:55:00,323.00,150.62
2024/11/08 07:55:00,324.00,163.35
2024/11/08 07:55:00,325.00,176.60
2024/11/08 07:55:00,326.00,191.05
2024/11/08 07:55:00,327.00,203.84
2024/11/08 07:55:00,328.00,214.03
2024/11/08 07:55:00,329.00,223.06
2024/11/08 07:55:00,330.00,230.59
2024/11/08 07:55:00,331.00,235.55
2024/11/08 07:55:00,332.00,239.10
2024/11/08 07:55:00,333.00,240.49
2024/11/08 07:55:00,334.00,241.17
2024/11/08 07:55:00,335.00,241.84
2024/11/08 07:55:00,336.00,243.29
2024/11/08 07:55:00,337.00,245.73
2024/11/08 07:55:00,338.00,249.82
2024/11/08 07:55:00,339.00,254.92
2024/11/08 07:55:00,340.00,259.41
2024/11/08 07:55:00,341.00,261.60
2024/11/08 07:55:00,342.00,262.34
2024/11/08 07:55:00,343.00,263.33
2024/11/08 07:55:00,344.00,263.42
2024/11/08 07:55:00,345.00,263.44
2024/11/08 07:55:00,346.00,264.45
2024/11/08 07:55:00,347.00,267.46
2024/11/08 07:55:00,348.00,271.21
2024/11/08 07:55:00,349.00,274.77
2024/11/08 07:55:00,350.00,279.15
2024/11/08 07:55:00,351.00,286.21
2024/11/08 07:55:00,352.00,292.42
2024/11/08 07:55:00,353.00,295.76
2024/11/08 07:55:00,354.00,296.19
2024/11/08 07:55:00,355.00,292.79
2024/11/08 07:55:00,356.00,287.90
2024/11/08 07:55:00,357.00,283.72
2024/11/08 07:55:00,358.00,280.33
2024/11/08 07:55:00,359.00,281.25
2024/11/08 07:55:00,360.00,287.47
2024/11/08 07:55:00,361.00,293.93
2024/11/08 07:55:00,362.00,302.64
2024/11/08 07:55:00,363.00,315.82
2024/11/08 07:55:00,364.00,329.57
2024/11/08 07:55:00,365.00,340.53
2024/11/08 07:55:00,366.00,351.07
2024/11/08 07:55:00,367.00,358.29
2024/11/08 07:55:00,368.00,361.81
2024/11/08 07:55:00,369.00,361.28
2024/11/08 07:55:00,370.00,356.67
2024/11/08 07:55:00,371.00,348.13
2024/11/08 07:55:00,372.00,339.46
2024/11/08 07:55:00,373.00,333.19
2024/11/08 07:55:00,374.00,333.90
2024/11/08 07:55:00,375.00,342.83
2024/11/08 07:55:00,376.00,354.99
2024/11/08 07:55:00,377.00,366.90
2024/11/08 07:55:00,378.00,375.30
2024/11/08 07:55:00,379.00,372.78
2024/11/08 07:55:00,380.00,357.68
2024/11/08 07:55:00,381.00,340.15
2024/11/08 07:55:00,382.00,325.84
2024/11/08 07:55:00,383.00,314.90
2024/11/08 07:55:00,384.00,310.85
2024/11/08 07:55:00,385.00,316.60
2024/11/08 07:55:00,386.00,326.79
2024/11/08 07:55:00,387.00,339.76
2024/11/08 07:55:00,388.00,355.42
2024/11/08 07:55:00,389.00,368.46
2024/11/08 07:55:00,390.00,370.58
2024/11/08 07:55:00,391.00,365.28
2024/11/08 07:55:00,392.00,360.35
2024/11/08 07:55:00,393.00,351.12
2024/11/08 07:55:00,394.00,340.29
2024/11/08 07:55:00,395.00,345.64
2024/11/08 07:55:00,396.00,370.86
2024/11/08 07:55:00,397.00,401.71
2024/11/08 07:55:00,398.00,438.46
2024/11/08 07:55:00,399.00,482.45
2024/11/08 07:55:00,400.00,522.04
2024/11/08 07:55:00,401.00,547.55
2024/11/08 07:55:00,402.00,561.29
2024/11/08 07:55:00,403.00,564.60
2024/11/08 07:55:00,404.00,561.91
2024/11/08 07:55:00,405.00,559.55
2024/11/08 07:55:00,406.00,559.31
2024/11/08 07:55:00,407.00,559.49
2024/11/08 07:55:00,408.00,562.63
2024/11/08 07:55:00,409.00,570.37
2024/11/08 07:55:00,410.00,578.54
2024/11/08 07:55:00,411.00,585.41
2024/11/08 07:55:00,412.00,592.61
2024/11/08 07:55:00,413.00,600.80
2024/11/08 07:55:00,414.00,606.01
2024/11/08 07:55:00,415.00,607.18
2024/11/08 07:55:00,416.00,606.98
2024/11/08 07:55:00,417.00,607.40
2024/11/08 07:55:00,418.00,607.71
2024/11/08 07:55:00,419.00,608.45
2024/11/08 07:55:00,420.00,609.87
2024/11/08 07:55:00,421.00,611.18
2024/11/08 07:55:00,422.00,612.39
2024/11/08 07:55:00,423.00,612.36
2024/11/08 07:55:00,424.00,609.84
2024/11/08 07:55:00,425.00,607.68
2024/11/08 07:55:00,426.00,603.41
2024/11/08 07:55:00,427.00,591.46
2024/11/08 07:55:00,428.00,576.37
2024/11/08 07:55:00,429.00,566.99
2024/11/08 07:55:00,430.00,565.71
2024/11/08 07:55:00,431.00,571.11
2024/11/08 07:55:00,432.00,586.01
2024/11/08 07:55:00,433.00,610.13
2024/11/08 07:55:00,434.00,633.51
2024/11/08 07:55:00,435.00,646.17
2024/11/08 07:55:00,436.00,652.45
2024/11/08 07:55:00,437.00,657.18
2024/11/08 07:55:00,438.00,660.64
2024/11/08 07:55:00,439.00,664.93
2024/11/08 07:55:00,440.00,675.38
2024/11/08 07:55:00,441.00,690.62
2024/11/08 07:55:00,442.00,704.58
2024/11/08 07:55:00,443.00,714.00
2024/11/08 07:55:00,444.00,721.18
2024/11/08 07:55:00,445.00,726.49
2024/11/08 07:55:00,446.00,732.43
2024/11/08 07:55:00,447.00,742.98
2024/11/08 07:55:00,448.00,756.86
2024/11/08 07:55:00,449.00,768.65
2024/11/08 07:55:00,450.00,775.16
2024/11/08 07:55:00,451.00,776.86
2024/11/08 07:55:00,452.00,775.01
2024/11/08 07:55:00,453.00,773.25
2024/11/08 07:55:00,454.00,773.68
2024/11/08 07:55:00,455.00,777.64
2024/11/08 07:55:00,456.00,782.49
2024/11/08 07:55:00,457.00,788.08
2024/11/08 07:55:00,458.00,791.64
2024/11/08 07:55:00,459.00,796.02
2024/11/08 07:55:00,460.00,799.58
2024/11/08 07:55:00,461.00,803.33
2024/11/08 07:55:00,462.00,805.46
2024/11/08 07:55:00,463.00,805.23
2024/11/08 07:55:00,464.00,801.33
2024/11/08 07:55:00,465.00,796.72
2024/11/08 07:55:00,466.00,792.85
2024/11/08 07:55:00,467.00,790.00
2024/11/08 07:55:00,468.00,789.33
2024/11/08 07:55:00,469.00,789.85
2024/11/08 07:55:00,470.00,790.91
2024/11/08 07:55:00,471.00,793.89
2024/11/08 07:55:00,472.00,797.10
2024/11/08 07:55:00,473.00,798.92
2024/11/08 07:55:00,474.00,800.42
2024/11/08 07:55:00,475.00,802.51
2024/11/08 07:55:00,476.00,804.22
2024/11/08 07:55:00,477.00,806.95
2024/11/08 07:55:00,478.00,809.99
2024/11/08 07:55:00,479.00,813.73
2024/11/08 07:55:00,480.00,815.87
2024/11/08 07:55:00,481.00,815.12
2024/11/08 07:55:00,482.00,809.83
2024/11/08 07:55:00,483.00,798.35
2024/11/08 07:55:00,484.00,781.06
2024/11/08 07:55:00,485.00,766.16
2024/11/08 07:55:00,486.00,757.08
2024/11/08 07:55:00,487.00,754.47
2024/11/08 07:55:00,488.00,760.12
2024/11/08 07:55:00,489.00,770.90
2024/11/08 07:55:00,490.00,778.49
2024/11/08 07:55:00,491.00,783.92
2024/11/08 07:55:00,492.00,786.79
2024/11/08 07:55:00,493.00,789.40
2024/11/08 07:55:00,494.00,791.11
2024/11/08 07:55:00,495.00,794.85
2024/11/08 07:55:00,496.00,795.10
2024/11/08 07:55:00,497.00,792.36
2024/11/08 07:55:00,498.00,786.58
2024/11/08 07:55:00,499.00,780.32
2024/11/08 07:55:00,500.00,773.39
2024/11/08 07:55:00,501.00,768.48
2024/11/08 07:55:00,502.00,766.56
2024/11/08 07:55:00,503.00,768.49
2024/11/08 07:55:00,504.00,772.64
2024/11/08 07:55:00,505.00,775.52
2024/11/08 07:55:00,506.00,778.23
2024/11/08 07:55:00,507.00,780.73
2024/11/08 07:55:00,508.00,780.91
2024/11/08 07:55:00,509.00,779.92
2024/11/08 07:55:00,510.00,779.57
2024/11/08 07:55:00,511.00,777.55
2024/11/08 07:55:00,512.00,773.70
2024/11/08 07:55:00,513.00,767.12
2024/11/08 07:55:00,514.00,754.63
2024/11/08 07:55:00,515.00,740.24
2024/11/08 07:55:00,516.00,729.25
2024/11/08 07:55:00,517.00,721.45
2024/11/08 07:55:00,518.00,720.08
2024/11/08 07:55:00,519.00,725.86
2024/11/08 07:55:00,520.00,735.76
2024/11/08 07:55:00,521.00,745.51
2024/11/08 07:55:00,522.00,754.22
2024/11/08 07:55:00,523.00,756.68
2024/11/08 07:55:00,524.00,755.48
2024/11/08 07:55:00,525.00,753.44
2024/11/08 07:55:00,526.00,753.43
2024/11/08 07:55:00,527.00,753.02
2024/11/08 07:55:00,528.00,755.55
2024/11/08 07:55:00,529.00,760.19
2024/11/08 07:55:00,530.00,763.97
2024/11/08 07:55:00,531.00,765.15
2024/11/08 07:55:00,532.00,766.16
2024/11/08 07:55:00,533.00,765.55
2024/11/08 07:55:00,534.00,764.98
2024/11/08 07:55:00,535.00,766.17
2024/11/08 07:55:00,536.00,765.26
2024/11/08 07:55:00,537.00,762.78
2024/11/08 07:55:00,538.00,759.22
2024/11/08 07:55:00,539.00,755.40
2024/11/08 07:55:00,540.00,752.00
2024/11/08 07:55:00,541.00,750.68
2024/11/08 07:55:00,542.00,750.43
2024/11/08 07:55:00,543.00,752.13
2024/11/08 07:55:00,544.00,754.54
2024/11/08 07:55:00,545.00,756.46
2024/11/08 07:55:00,546.00,757.20
2024/11/08 07:55:00,547.00,757.32
2024/11/08 07:55:00,548.00,756.69
2024/11/08 07:55:00,549.00,757.44
2024/11/08 07:55:00,550.00,757.39
2024/11/08 07:55:00,551.00,756.83
2024/11/08 07:55:00,552.00,758.80
2024/11/08 07:55:00,553.00,759.08
2024/11/08 07:55:00,554.00,756.11
2024/11/08 07:55:00,555.00,752.52
2024/11/08 07:55:00,556.00,748.42
2024/11/08 07:55:00,557.00,741.07
2024/11/08 07:55:00,558.00,737.16
2024/11/08 07:55:00,559.00,734.77
2024/11/08 07:55:00,560.00,732.98
2024/11/08 07:55:00,561.00,733.40
2024/11/08 07:55:00,562.00,734.65
2024/11/08 07:55:00,563.00,732.86
2024/11/08 07:55:00,564.00,731.84
2024/11/08 07:55:00,565.00,731.04
2024/11/08 07:55:00,566.00,728.68
2024/11/08 07:55:00,567.00,725.76
2024/11/08 07:55:00,568.00,723.11
2024/11/08 07:55:00,569.00,719.83
2024/11/08 07:55:00,570.00,718.99
2024/11/08 07:55:00,571.00,718.67
2024/11/08 07:55:00,572.00,718.71
2024/11/08 07:55:00,573.00,718.86
2024/11/08 07:55:00,574.00,718.94
2024/11/08 07:55:00,575.00,716.71
2024/11/08 07:55:00,576.00,714.68
2024/11/08 07:55:00,577.00,713.92
2024/11/08 07:55:00,578.00,714.57
2024/11/08 07:55:00,579.00,716.05
2024/11/08 07:55:00,580.00,719.37
2024/11/08 07:55:00,581.00,723.58
2024/11/08 07:55:00,582.00,726.03
2024/11/08 07:55:00,583.00,727.79
2024/11/08 07:55:00,584.00,729.06
2024/11/08 07:55:00,585.00,726.88
2024/11/08 07:55:00,586.00,720.85
2024/11/08 07:55:00,587.00,714.69
2024/11/08 07:55:00,588.00,710.03
2024/11/08 07:55:00,589.00,705.76
2024/11/08 07:55:00,590.00,703.55
2024/11/08 07:55:00,591.00,704.18
2024/11/08 07:55:00,592.00,706.46
2024/11/08 07:55:00,593.00,706.54
2024/11/08 07:55:00,594.00,706.23
2024/11/08 07:55:00,595.00,706.34
2024/11/08 07:55:00,596.00,706.29
2024/11/08 07:55:00,597.00,705.14
2024/11/08 07:55:00,598.00,704.98
2024/11/08 07:55:00,599.00,702.69
2024/11/08 07:55:00,600.00,701.10
2024/11/08 07:55:00,601.00,699.99
2024/11/08 07:55:00,602.00,699.70
2024/11/08 07:55:00,603.00,699.66
2024/11/08 07:55:00,604.00,701.22
2024/11/08 07:55:00,605.00,700.92
2024/11/08 07:55:00,606.00,700.03
2024/11/08 07:55:00,607.00,698.75
2024/11/08 07:55:00,608.00,697.09
2024/11/08 07:55:00,609.00,695.16
2024/11/08 07:55:00,610.00,692.17
2024/11/08 07:55:00,611.00,690.01
2024/11/08 07:55:00,612.00,688.14
2024/11/08 07:55:00,613.00,685.23
2024/11/08 07:55:00,614.00,682.99
2024/11/08 07:55:00,615.00,682.69
2024/11/08 07:55:00,616.00,682.69
2024/11/08 07:55:00,617.00,682.06
2024/11/08 07:55:00,618.00,682.85
2024/11/08 07:55:00,619.00,684.54
2024/11/08 07:55:00,620.00,682.94
2024/11/08 07:55:00,621.00,681.63
2024/11/08 07:55:00,622.00,679.88
2024/11/08 07:55:00,623.00,676.74
2024/11/08 07:55:00,624.00,673.71
2024/11/08 07:55:00,625.00,671.02
2024/11/08 07:55:00,626.00,667.81
2024/11/08 07:55:00,627.00,665.67
2024/11/08 07:55:00,628.00,663.57
2024/11/08 07:55:00,629.00,661.79
2024/11/08 07:55:00,630.00,662.36
2024/11/08 07:55:00,631.00,662.97
2024/11/08 07:55:00,632.00,664.82
2024/11/08 07:55:00,633.00,666.93
2024/11/08 07:55:00,634.00,668.56
2024/11/08 07:55:00,635.00,670.81
2024/11/08 07:55:00,636.00,673.53
2024/11/08 07:55:00,637.00,674.00
2024/11/08 07:55:00,638.00,674.44
2024/11/08 07:55:00,639.00,675.02
2024/11/08 07:55:00,640.00,674.16
2024/11/08 07:55:00,641.00,673.01
2024/11/08 07:55:00,642.00,673.10
2024/11/08 07:55:00,643.00,673.90
2024/11/08 07:55:00,644.00,673.67
2024/11/08 07:55:00,645.00,672.73
2024/11/08 07:55:00,646.00,671.65
2024/11/08 07:55:00,647.00,669.73
2024/11/08 07:55:00,648.00,667.69
2024/11/08 07:55:00,649.00,666.69
2024/11/08 07:55:00,650.00,666.38
2024/11/08 07:55:00,651.00,664.95
2024/11/08 07:55:00,652.00,660.77
2024/11/08 07:55:00,653.00,653.53
2024/11/08 07:55:00,654.00,645.09
2024/11/08 07:55:00,655.00,639.12
2024/11/08 07:55:00,656.00,634.87
2024/11/08 07:55:00,657.00,635.72
2024/11/08 07:55:00,658.00,641.45
2024/11/08 07:55:00,659.00,647.15
2024/11/08 07:55:00,660.00,650.37
2024/11/08 07:55:00,661.00,654.54
2024/11/08 07:55:00,662.00,657.07
2024/11/08 07:55:00,663.00,659.23
2024/11/08 07:55:00,664.00,661.77
2024/11/08 07:55:00,665.00,664.96
2024/11/08 07:55:00,666.00,666.91
2024/11/08 07:55:00,667.00,669.28
2024/11/08 07:55:00,668.00,669.26
2024/11/08 07:55:00,669.00,669.63
2024/11/08 07:55:00,670.00,668.22
2024/11/08 07:55:00,671.00,666.16
2024/11/08 07:55:00,672.00,663.83
2024/11/08 07:55:00,673.00,662.23
2024/11/08 07:55:00,674.00,661.71
2024/11/08 07:55:00,675.00,661.47
2024/11/08 07:55:00,676.00,660.99
2024/11/08 07:55:00,677.00,660.31
2024/11/08 07:55:00,678.00,659.68
2024/11/08 07:55:00,679.00,658.99
2024/11/08 07:55:00,680.00,658.25
2024/11/08 07:55:00,681.00,657.93
2024/11/08 07:55:00,682.00,656.39
2024/11/08 07:55:00,683.00,650.05
2024/11/08 07:55:00,684.00,636.97
2024/11/08 07:55:00,685.00,619.64
2024/11/08 07:55:00,686.00,602.12
2024/11/08 07:55:00,687.00,584.24
2024/11/08 07:55:00,688.00,572.34
2024/11/08 07:55:00,689.00,568.23
2024/11/08 07:55:00,690.00,573.25
2024/11/08 07:55:00,691.00,580.49
2024/11/08 07:55:00,692.00,589.76
2024/11/08 07:55:00,693.00,598.36
2024/11/08 07:55:00,694.00,606.30
2024/11/08 07:55:00,695.00,611.34
2024/11/08 07:55:00,696.00,615.51
2024/11/08 07:55:00,697.00,618.51
2024/11/08 07:55:00,698.00,619.66
2024/11/08 07:55:00,699.00,620.31
2024/11/08 07:55:00,700.00,619.16
2024/11/08 07:55:00,701.00,618.91
2024/11/08 07:55:00,702.00,618.25
2024/11/08 07:55:00,703.00,619.53
2024/11/08 07:55:00,704.00,619.75
2024/11/08 07:55:00,705.00,619.87
2024/11/08 07:55:00,706.00,619.78
2024/11/08 07:55:00,707.00,619.50
2024/11/08 07:55:00,708.00,620.13
2024/11/08 07:55:00,709.00,621.32
2024/11/08 07:55:00,710.00,622.47
2024/11/08 07:55:00,711.00,622.53
2024/11/08 07:55:00,712.00,620.63
2024/11/08 07:55:00,713.00,619.22
2024/11/08 07:55:00,714.00,613.93
2024/11/08 07:55:00,715.00,606.46
2024/11/08 07:55:00,716.00,596.71
2024/11/08 07:55:00,717.00,587.95
2024/11/08 07:55:00,718.00,577.12
2024/11/08 07:55:00,719.00,571.18
2024/11/08 07:55:00,720.00,568.26
2024/11/08 07:55:00,721.00,569.03
2024/11/08 07:55:00,722.00,568.70
2024/11/08 07:55:00,723.00,570.10
2024/11/08 07:55:00,724.00,569.34
2024/11/08 07:55:00,725.00,568.19
2024/11/08 07:55:00,726.00,566.55
2024/11/08 07:55:00,727.00,567.49
2024/11/08 07:55:00,728.00,568.38
2024/11/08 07:55:00,729.00,569.76
2024/11/08 07:55:00,730.00,573.75
2024/11/08 07:55:00,731.00,576.67
2024/11/08 07:55:00,732.00,579.81
2024/11/08 07:55:00,733.00,581.44
2024/11/08 07:55:00,734.00,582.96
2024/11/08 07:55:00,735.00,583.18
2024/11/08 07:55:00,736.00,581.23
2024/11/08 07:55:00,737.00,579.15
2024/11/08 07:55:00,738.00,579.06
2024/11/08 07:55:00,739.00,576.91
2024/11/08 07:55:00,740.00,576.05
2024/11/08 07:55:00,741.00,577.83
2024/11/08 07:55:00,742.00,578.36
2024/11/08 07:55:00,743.00,578.22
2024/11/08 07:55:00,744.00,579.66
2024/11/08 07:55:00,745.00,580.75
2024/11/08 07:55:00,746.00,579.71
2024/11/08 07:55:00,747.00,577.99
2024/11/08 07:55:00,748.00,575.57
2024/11/08 07:55:00,749.00,575.58
2024/11/08 07:55:00,750.00,573.40
2024/11/08 07:55:00,751.00,571.95
2024/11/08 07:55:00,752.00,572.43
2024/11/08 07:55:00,753.00,571.56
2024/11/08 07:55:00,754.00,570.07
2024/11/08 07:55:00,755.00,567.53
2024/11/08 07:55:00,756.00,552.71
2024/11/08 07:55:00,757.00,523.41
2024/11/08 07:55:00,758.00,483.35
2024/11/08 07:55:00,759.00,438.64
2024/11/08 07:55:00,760.00,396.15
2024/11/08 07:55:00,761.00,362.43
2024/11/08 07:55:00,762.00,346.83
2024/11/08 07:55:00,763.00,348.76
2024/11/08 07:55:00,764.00,357.52
2024/11/08 07:55:00,765.00,373.28
2024/11/08 07:55:00,766.00,396.29
2024/11/08 07:55:00,767.00,419.53
2024/11/08 07:55:00,768.00,441.55
2024/11/08 07:55:00,769.00,462.67
2024/11/08 07:55:00,770.00,481.32
2024/11/08 07:55:00,771.00,496.01
2024/11/08 07:55:00,772.00,509.94
2024/11/08 07:55:00,773.00,520.44
2024/11/08 07:55:00,774.00,529.19
2024/11/08 07:55:00,775.00,533.15
2024/11/08 07:55:00,776.00,535.51
2024/11/08 07:55:00,777.00,538.27
2024/11/08 07:55:00,778.00,535.88
2024/11/08 07:55:00,779.00,535.89
2024/11/08 07:55:00,780.00,535.55
2024/11/08 07:55:00,781.00,533.92
2024/11/08 07:55:00,782.00,532.17
2024/11/08 07:55:00,783.00,534.54
2024/11/08 07:55:00,784.00,534.35
2024/11/08 07:55:00,785.00,535.12
2024/11/08 07:55:00,786.00,535.49
2024/11/08 07:55:00,787.00,534.41
2024/11/08 07:55:00,788.00,533.35
2024/11/08 07:55:00,789.00,530.61
2024/11/08 07:55:00,790.00,528.52
2024/11/08 07:55:00,791.00,526.64
2024/11/08 07:55:00,792.00,523.71
2024/11/08 07:55:00,793.00,520.77
2024/11/08 07:55:00,794.00,520.97
2024/11/08 07:55:00,795.00,519.39
2024/11/08 07:55:00,796.00,520.52
2024/11/08 07:55:00,797.00,521.32
2024/11/08 07:55:00,798.00,520.63
2024/11/08 07:55:00,799.00,519.27
2024/11/08 07:55:00,800.00,519.36
2024/11/08 07:55:00,801.00,518.22
2024/11/08 07:55:00,802.00,518.73
2024/11/08 07:55:00,803.00,518.83
2024/11/08 07:55:00,804.00,519.86
2024/11/08 07:55:00,805.00,519.22
2024/11/08 07:55:00,806.00,515.72
2024/11/08 07:55:00,807.00,517.43
2024/11/08 07:55:00,808.00,517.48
2024/11/08 07:55:00,809.00,514.63
2024/11/08 07:55:00,810.00,515.06
2024/11/08 07:55:00,811.00,514.11
2024/11/08 07:55:00,812.00,508.51
2024/11/08 07:55:00,813.00,504.22
2024/11/08 07:55:00,814.00,499.58
2024/11/08 07:55:00,815.00,493.82
2024/11/08 07:55:00,816.00,488.61
2024/11/08 07:55:00,817.00,484.95
2024/11/08 07:55:00,818.00,482.17
2024/11/08 07:55:00,819.00,483.21
2024/11/08 07:55:00,820.00,481.59
2024/11/08 07:55:00,821.00,484.03
2024/11/08 07:55:00,822.00,485.36
2024/11/08 07:55:00,823.00,487.36
2024/11/08 07:55:00,824.00,491.03
2024/11/08 07:55:00,825.00,493.92
2024/11/08 07:55:00,826.00,493.85
2024/11/08 07:55:00,827.00,490.08
2024/11/08 07:55:00,828.00,488.21
2024/11/08 07:55:00,829.00,485.22
2024/11/08 07:55:00,830.00,481.14
2024/11/08 07:55:00,831.00,481.36
2024/11/08 07:55:00,832.00,484.07
2024/11/08 07:55:00,833.00,483.24
2024/11/08 07:55:00,834.00,481.86
2024/11/08 07:55:00,835.00,483.32
2024/11/08 07:55:00,836.00,481.62
2024/11/08 07:55:00,837.00,479.23
2024/11/08 07:55:00,838.00,477.71
2024/11/08 07:55:00,839.00,476.15
2024/11/08 07:55:00,840.00,474.63
2024/11/08 07:55:00,841.00,472.68
2024/11/08 07:55:00,842.00,472.96
2024/11/08 07:55:00,843.00,471.69
2024/11/08 07:55:00,844.00,469.74
2024/11/08 07:55:00,845.00,468.02
2024/11/08 07:55:00,846.00,465.87
2024/11/08 07:55:00,847.00,461.65
2024/11/08 07:55:00,848.00,460.13
2024/11/08 07:55:00,849.00,457.70
2024/11/08 07:55:00,850.00,453.84
2024/11/08 07:55:00,851.00,448.40
2024/11/08 07:55:00,852.00,442.49
2024/11/08 07:55:00,853.00,438.78
2024/11/08 07:55:00,854.00,439.63
2024/11/08 07:55:00,855.00,440.31
2024/11/08 07:55:00,856.00,443.40
2024/11/08 07:55:00,857.00,447.58
2024/11/08 07:55:00,858.00,449.19
2024/11/08 07:55:00,859.00,449.10
2024/11/08 07:55:00,860.00,449.23
2024/11/08 07:55:00,861.00,450.09
2024/11/08 07:55:00,862.00,449.19
2024/11/08 07:55:00,863.00,446.01
2024/11/08 07:55:00,864.00,441.63
2024/11/08 07:55:00,865.00,438.67
2024/11/08 07:55:00,866.00,436.32
2024/11/08 07:55:00,867.00,435.12
2024/11/08 07:55:00,868.00,436.77
2024/11/08 07:55:00,869.00,438.08
2024/11/08 07:55:00,870.00,438.00
2024/11/08 07:55:00,871.00,437.63
2024/11/08 07:55:00,872.00,437.89
2024/11/08 07:55:00,873.00,437.35
2024/11/08 07:55:00,874.00,438.17
2024/11/08 07:55:00,875.00,439.10
2024/11/08 07:55:00,876.00,439.27
2024/11/08 07:55:00,877.00,439.47
2024/11/08 07:55:00,878.00,438.02
2024/11/08 07:55:00,879.00,437.66
2024/11/08 07:55:00,880.00,436.74
2024/11/08 07:55:00,881.00,435.53
2024/11/08 07:55:00,882.00,435.08
2024/11/08 07:55:00,883.00,434.89
2024/11/08 07:55:00,884.00,433.75
2024/11/08 07:55:00,885.00,433.44
2024/11/08 07:55:00,886.00,431.56
2024/11/08 07:55:00,887.00,431.14
2024/11/08 07:55:00,888.00,430.43
2024/11/08 07:55:00,889.00,428.62
2024/11/08 07:55:00,890.00,427.70
2024/11/08 07:55:00,891.00,425.32
2024/11/08 07:55:00,892.00,421.30
2024/11/08 07:55:00,893.00,416.69
2024/11/08 07:55:00,894.00,410.14
2024/11/08 07:55:00,895.00,402.85
2024/11/08 07:55:00,896.00,395.37
2024/11/08 07:55:00,897.00,386.95
2024/11/08 07:55:00,898.00,379.64
2024/11/08 07:55:00,899.00,375.09
2024/11/08 07:55:00,900.00,371.59
2024/11/08 07:55:00,901.00,372.36
2024/11/08 07:55:00,902.00,374.30
2024/11/08 07:55:00,903.00,376.46
2024/11/08 07:55:00,904.00,377.34
2024/11/08 07:55:00,905.00,375.27
2024/11/08 07:55:00,906.00,371.85
2024/11/08 07:55:00,907.00,368.23
2024/11/08 07:55:00,908.00,365.30
2024/11/08 07:55:00,909.00,363.63
2024/11/08 07:55:00,910.00,363.62
2024/11/08 07:55:00,911.00,362.99
2024/11/08 07:55:00,912.00,361.71
2024/11/08 07:55:00,913.00,360.13
2024/11/08 07:55:00,914.00,358.69
2024/11/08 07:55:00,915.00,358.02
2024/11/08 07:55:00,916.00,358.27
2024/11/08 07:55:00,917.00,359.94
2024/11/08 07:55:00,918.00,361.35
2024/11/08 07:55:00,919.00,362.41
2024/11/08 07:55:00,920.00,363.11
2024/11/08 07:55:00,921.00,362.50
2024/11/08 07:55:00,922.00,361.47
2024/11/08 07:55:00,923.00,361.51
2024/11/08 07:55:00,924.00,359.78
2024/11/08 07:55:00,925.00,357.58
2024/11/08 07:55:00,926.00,353.61
2024/11/08 07:55:00,927.00,346.58
2024/11/08 07:55:00,928.00,335.93
2024/11/08 07:55:00,929.00,321.69
2024/11/08 07:55:00,930.00,304.51
2024/11/08 07:55:00,931.00,286.43
2024/11/08 07:55:00,932.00,267.83
2024/11/08 07:55:00,933.00,252.58
2024/11/08 07:55:00,934.00,240.56
2024/11/08 07:55:00,935.00,233.52
2024/11/08 07:55:00,936.00,231.00
2024/11/08 07:55:00,937.00,233.43
2024/11/08 07:55:00,938.00,238.33
2024/11/08 07:55:00,939.00,244.47
2024/11/08 07:55:00,940.00,248.53
2024/11/08 07:55:00,941.00,249.90
2024/11/08 07:55:00,942.00,249.06
2024/11/08 07:55:00,943.00,247.14
2024/11/08 07:55:00,944.00,245.28
2024/11/08 07:55:00,945.00,245.24
2024/11/08 07:55:00,946.00,245.71
2024/11/08 07:55:00,947.00,246.02
2024/11/08 07:55:00,948.00,247.32
2024/11/08 07:55:00,949.00,248.89
2024/11/08 07:55:00,950.00,249.29
2024/11/08 07:55:00,951.00,250.85
2024/11/08 07:55:00,952.00,252.01
2024/11/08 07:55:00,953.00,253.84
2024/11/08 07:55:00,954.00,256.47
2024/11/08 07:55:00,955.00,258.97
2024/11/08 07:55:00,956.00,261.89
2024/11/08 07:55:00,957.00,265.14
2024/11/08 07:55:00,958.00,268.88
2024/11/08 07:55:00,959.00,272.02
2024/11/08 07:55:00,960.00,275.32
2024/11/08 07:55:00,961.00,279.30
2024/11/08 07:55:00,962.00,282.40
2024/11/08 07:55:00,963.00,286.26
2024/11/08 07:55:00,964.00,290.06
2024/11/08 07:55:00,965.00,295.95
2024/11/08 07:55:00,966.00,301.82
2024/11/08 07:55:00,967.00,308.82
2024/11/08 07:55:00,968.00,315.23
2024/11/08 07:55:00,969.00,320.51
2024/11/08 07:55:00,970.00,323.25
2024/11/08 07:55:00,971.00,323.68
2024/11/08 07:55:00,972.00,322.57
2024/11/08 07:55:00,973.00,321.03
2024/11/08 07:55:00,974.00,320.43
2024/11/08 07:55:00,975.00,320.60
2024/11/08 07:55:00,976.00,321.12
2024/11/08 07:55:00,977.00,322.09
2024/11/08 07:55:00,978.00,323.24
2024/11/08 07:55:00,979.00,324.85
2024/11/08 07:55:00,980.00,327.01
2024/11/08 07:55:00,981.00,328.80
2024/11/08 07:55:00,982.00,330.89
2024/11/08 07:55:00,983.00,332.50
2024/11/08 07:55:00,984.00,334.75
2024/11/08 07:55:00,985.00,336.18
2024/11/08 07:55:00,986.00,337.55
2024/11/08 07:55:00,987.00,339.68
2024/11/08 07:55:00,988.00,340.22
2024/11/08 07:55:00,989.00,339.85
2024/11/08 07:55:00,990.00,340.43
2024/11/08 07:55:00,991.00,340.14
2024/11/08 07:55:00,992.00,339.74
2024/11/08 07:55:00,993.00,339.61
2024/11/08 07:55:00,994.00,339.52
2024/11/08 07:55:00,995.00,340.02
2024/11/08 07:55:00,996.00,338.66
2024/11/08 07:55:00,997.00,337.50
2024/11/08 07:55:00,998.00,336.35
2024/11/08 07:55:00,999.00,335.02
2024/11/08 07:55:00,1000.00,333.76
2024/11/08 07:55:00,1001.00,332.66
2024/11/08 07:55:00,1002.00,330.45
2024/11/08 07:55:00,1003.00,329.70
2024/11/08 07:55:00,1004.00,327.92
2024/11/08 07:55:00,1005.00,327.27
2024/11/08 07:55:00,1006.00,328.12
2024/11/08 07:55:00,1007.00,328.43
2024/11/08 07:55:00,1008.00,328.94
2024/11/08 07:55:00,1009.00,329.22
2024/11/08 07:55:00,1010.00,328.12
2024/11/08 07:55:00,1011.00,326.84
2024/11/08 07:55:00,1012.00,326.25
2024/11/08 07:55:00,1013.00,325.65
2024/11/08 07:55:00,1014.00,326.39
2024/11/08 07:55:00,1015.00,325.59
2024/11/08 07:55:00,1016.00,325.67
2024/11/08 07:55:00,1017.00,325.23
2024/11/08 07:55:00,1018.00,323.50
2024/11/08 07:55:00,1019.00,322.21
2024/11/08 07:55:00,1020.00,323.04
2024/11/08 07:55:00,1021.00,321.14
2024/11/08 07:55:00,1022.00,320.90
2024/11/08 07:55:00,1023.00,320.35
2024/11/08 07:55:00,1024.00,318.30
2024/11/08 07:55:00,1025.00,318.36
2024/11/08 07:55:00,1026.00,318.34
2024/11/08 07:55:00,1027.00,317.32
2024/11/08 07:55:00,1028.00,316.13
2024/11/08 07:55:00,1029.00,315.27
2024/11/08 07:55:00,1030.00,314.99
2024/11/08 07:55:00,1031.00,313.25
2024/11/08 07:55:00,1032.00,313.63
2024/11/08 07:55:00,1033.00,314.25
2024/11/08 07:55:00,1034.00,313.36
2024/11/08 07:55:00,1035.00,312.38
2024/11/08 07:55:00,1036.00,311.67
2024/11/08 07:55:00,1037.00,310.69
2024/11/08 07:55:00,1038.00,308.96
2024/11/08 07:55:00,1039.00,307.23
2024/11/08 07:55:00,1040.00,307.65
2024/11/08 07:55:00,1041.00,307.37
2024/11/08 07:55:00,1042.00,305.78
2024/11/08 07:55:00,1043.00,307.09
2024/11/08 07:55:00,1044.00,305.81
2024/11/08 07:55:00,1045.00,304.14
2024/11/08 07:55:00,1046.00,303.86
2024/11/08 07:55:00,1047.00,302.80
2024/11/08 07:55:00,1048.00,300.99
2024/11/08 07:55:00,1049.00,299.16
2024/11/08 07:55:00,1050.00,296.83
2024/11/08 07:55:00,1051.00,299.36
2024/11/08 07:55:00,1052.00,297.61
2024/11/08 07:55:00,1053.00,299.38
2024/11/08 07:55:00,1054.00,299.46
2024/11/08 07:55:00,1055.00,299.22
2024/11/08 07:55:00,1056.00,299.78
2024/11/08 07:55:00,1057.00,298.72
2024/11/08 07:55:00,1058.00,296.01
2024/11/08 07:55:00,1059.00,296.32
2024/11/08 07:55:00,1060.00,295.12
2024/11/08 07:55:00,1061.00,291.67
2024/11/08 07:55:00,1062.00,292.05
2024/11/08 07:55:00,1063.00,292.32
2024/11/08 07:55:00,1064.00,289.34
2024/11/08 07:55:00,1065.00,285.93
2024/11/08 07:55:00,1066.00,286.16
2024/11/08 07:55:00,1067.00,286.23
2024/11/08 07:55:00,1068.00,284.03
2024/11/08 07:55:00,1069.00,287.84
2024/11/08 07:55:00,1070.00,290.04
2024/11/08 07:55:00,1071.00,286.88
2024/11/08 07:55:00,1072.00,288.70
2024/11/08 07:55:00,1073.00,287.95
2024/11/08 07:55:00,1074.00,284.43
2024/11/08 07:55:00,1075.00,286.79
2024/11/08 07:55:00,1076.00,284.52
2024/11/08 07:55:00,1077.00,286.96
2024/11/08 07:55:00,1078.00,286.66
2024/11/08 07:55:00,1079.00,286.30
2024/11/08 07:55:00,1080.00,290.31
2024/11/08 07:55:00,1081.00,284.36
2024/11/08 07:55:00,1082.00,283.27
2024/11/08 07:55:00,1083.00,284.77
2024/11/08 07:55:00,1084.00,278.78
2024/11/08 07:55:00,1085.00,279.50
2024/11/08 07:55:00,1086.00,276.68
2024/11/08 07:55:00,1087.00,272.63
2024/11/08 07:55:00,1088.00,271.23
2024/11/08 07:55:00,1089.00,267.64
2024/11/08 07:55:00,1090.00,273.24
2024/11/08 07:55:00,1091.00,274.23
2024/11/08 07:55:00,1092.00,275.25
2024/11/08 07:55:00,1093.00,283.96
2024/11/08 07:55:00,1094.00,277.73
2024/11/08 07:55:00,1095.00,271.73
2024/11/08 07:55:00,1096.00,276.77
2024/11/08 07:55:00,1097.00,267.86
2024/11/08 07:55:00,1098.00,266.43
2024/11/08 07:55:00,1099.00,261.76
2024/11/08 07:55:00,1100.00,259.10
2024/11/08 07:56:00,Wavelength(nm),Irradiance(W/m2/um)
2024/11/08 07:56:00,300.00,10.06
2024/11/08 07:56:00,301.00,10.93
2024/11/08 07:56:00,302.00,12.15
2024/11/08 07:56:00,303.00,13.87
2024/11/08 07:56:00,304.00,15.73
2024/11/08 07:56:00,305.00,18.24
2024/11/08 07:56:00,306.00,21.09
2024/11/08 07:56:00,307.00,24.58
2024/11/08 07:56:00,308.00,29.03
2024/11/08 07:56:00,309.00,34.40
2024/11/08 07:56:00,310.00,40.38
2024/11/08 07:56:00,311.00,46.76
2024/11/08 07:56:00,312.00,53.78
2024/11/08 07:56:00,313.00,61.36
2024/11/08 07:56:00,314.00,69.39
2024/11/08 07:56:00,315.00,77.66
2024/11/08 07:56:00,316.00,86.75
2024/11/08 07:56:00,317.00,96.33
2024/11/08 07:56:00,318.00,105.17
2024/11/08 07:56:00,319.00,113.32
2024/11/08 07:56:00,320.00,121.52
2024/11/08 07:56:00,321.00,129.82
2024/11/08 07:56:00,322.00,139.35
2024/11/08 07:56:00,323.00,150.85
2024/11/08 07:56:00,324.00,163.36
2024/11/08 07:56:00,325.00,176.87
2024/11/08 07:56:00,326.00,191.08
2024/11/08 07:56:00,327.00,204.54
2024/11/08 07:56:00,328.00,215.66
2024/11/08 07:56:00,329.00,224.94
2024/11/08 07:56:00,330.00,232.32
2024/11/08 07:56:00,331.00,237.71
2024/11/08 07:56:00,332.00,240.74
2024/11/08 07:56:00,333.00,241.58
2024/11/08 07:56:00,334.00,241.81
2024/11/08 07:56:00,335.00,242.57
2024/11/08 07:56:00,336.00,244.01
2024/11/08 07:56:00,337.00,246.37
2024/11/08 07:56:00,338.00,250.46
2024/11/08 07:56:00,339.00,255.99
2024/11/08 07:56:00,340.00,260.35
2024/11/08 07:56:00,341.00,262.41
2024/11/08 07:56:00,342.00,263.84
2024/11/08 07:56:00,343.00,264.77
2024/11/08 07:56:00,344.00,265.07
2024/11/08 07:56:00,345.00,265.27
2024/11/08 07:56:00,346.00,266.51
2024/11/08 07:56:00,347.00,269.06
2024/11/08 07:56:00,348.00,272.93
2024/11/08 07:56:00,349.00,276.58
2024/11/08 07:56:00,350.00,281.19
2024/11/08 07:56:00,351.00,287.93
2024/11/08 07:56:00,352.00,294.28
2024/11/08 07:56:00,353.00,298.20
2024/11/08 07:56:00,354.00,298.36
2024/11/08 07:56:00,355.00,294.61
2024/11/08 07:56:00,356.00,289.83
2024/11/08 07:56:00,357.00,285.73
2024/11/08 07:56:00,358.00,281.64
2024/11/08 07:56:00,359.00,282.25
2024/11/08 07:56:00,360.00,288.79
2024/11/08 07:56:00,361.00,295.61
2024/11/08 07:56:00,362.00,303.79
2024/11/08 07:56:00,363.00,317.37
2024/11/08 07:56:00,364.00,331.38
2024/11/08 07:56:00,365.00,342.40
2024/11/08 07:56:00,366.00,352.67
2024/11/08 07:56:00,367.00,360.50
2024/11/08 07:56:00,368.00,363.66
2024/11/08 07:56:00,369.00,362.85
2024/11/08 07:56:00,370.00,358.31
2024/11/08 07:56:00,371.00,349.59
2024/11/08 07:56:00,372.00,340.56
2024/11/08 07:56:00,373.00,334.72
2024/11/08 07:56:00,374.00,335.52
2024/11/08 07:56:00,375.00,344.27
2024/11/08 07:56:00,376.00,356.34
2024/11/08 07:56:00,377.00,368.06
2024/11/08 07:56:00,378.00,376.43
2024/11/08 07:56:00,379.00,374.05
2024/11/08 07:56:00,380.00,358.94
2024/11/08 07:56:00,381.00,341.75
2024/11/08 07:56:00,382.00,327.74
2024/11/08 07:56:00,383.00,316.77
2024/11/08 07:56:00,384.00,312.81
2024/11/08 07:56:00,385.00,318.70
2024/11/08 07:56:00,386.00,328.88
2024/11/08 07:56:00,387.00,341.72
2024/11/08 07:56:00,388.00,357.26
2024/11/08 07:56:00,389.00,370.02
2024/11/08 07:56:00,390.00,372.20
2024/11/08 07:56:00,391.00,366.46
2024/11/08 07:56:00,392.00,361.43
2024/11/08 07:56:00,393.00,352.72
2024/11/08 07:56:00,394.00,341.96
2024/11/08 07:56:00,395.00,347.53
2024/11/08 07:56:00,396.00,373.48
2024/11/08 07:56:00,397.00,404.30
2024/11/08 07:56:00,398.00,440.68
2024/11/08 07:56:00,399.00,484.81
2024/11/08 07:56:00,400.00,524.04
2024/11/08 07:56:00,401.00,549.15
2024/11/08 07:56:00,402.00,562.91
2024/11/08 07:56:00,403.00,566.60
2024/11/08 07:56:00,404.00,564.47
2024/11/08 07:56:00,405.00,561.89
2024/11/08 07:56:00,406.00,561.44
2024/11/08 07:56:00,407.00,562.17
2024/11/08 07:56:00,408.00,565.19
2024/11/08 07:56:00,409.00,572.37
2024/11/08 07:56:00,410.00,580.56
2024/11/08 07:56:00,411.00,587.99
2024/11/08 07:56:00,412.00,595.53
2024/11/08 07:56:00,413.00,603.51
2024/11/08 07:56:00,414.00,609.50
2024/11/08 07:56:00,415.00,611.53
2024/11/08 07:56:00,416.00,611.05
2024/11/08 07:56:00,417.00,610.70
2024/11/08 07:56:00,418.00,611.39
2024/11/08 07:56:00,419.00,611.71
2024/11/08 07:56:00,420.00,611.44
2024/11/08 07:56:00,421.00,612.78
2024/11/08 07:56:00,422.00,614.65
2024/11/08 07:56:00,423.00,614.61
2024/11/08 07:56:00,424.00,612.36
2024/11/08 07:56:00,425.00,610.56
2024/11/08 07:56:00,426.00,605.95
2024/11/08 07:56:00,427.00,594.28
2024/11/08 07:56:00,428.00,578.06
2024/11/08 07:56:00,429.00,568.83
2024/11/08 07:56:00,430.00,568.99
2024/11/08 07:56:00,431.00,574.27
2024/11/08 07:56:00,432.00,588.71
2024/11/08 07:56:00,433.00,613.44
2024/11/08 07:56:00,434.00,636.00
2024/11/08 07:56:00,435.00,647.12
2024/11/08 07:56:00,436.00,654.23
2024/11/08 07:56:00,437.00,659.41
2024/11/08 07:56:00,438.00,663.29
2024/11/08 07:56:00,439.00,668.07
2024/11/08 07:56:00,440.00,679.04
2024/11/08 07:56:00,441.00,694.19
2024/11/08 07:56:00,442.00,707.74
2024/11/08 07:56:00,443.00,716.53
2024/11/08 07:56:00,444.00,724.25
2024/11/08 07:56:00,445.00,729.98
2024/11/08 07:56:00,446.00,735.77
2024/11/08 07:56:00,447.00,746.29
2024/11/08 07:56:00,448.00,760.52
2024/11/08 07:56:00,449.00,771.51
2024/11/08 07:56:00,450.00,777.63
2024/11/08 07:56:00,451.00,779.35
2024/11/08 07:56:00,452.00,778.68
2024/11/08 07:56:00,453.00,776.43
2024/11/08 07:56:00,454.00,776.81
2024/11/08 07:56:00,455.00,780.82
2024/11/08 07:56:00,456.00,785.71
2024/11/08 07:56:00,457.00,789.59
2024/11/08 07:56:00,458.00,794.76
2024/11/08 07:56:00,459.00,799.13
2024/11/08 07:56:00,460.00,801.71
2024/11/08 07:56:00,461.00,805.65
2024/11/08 07:56:00,462.00,809.48
2024/11/08 07:56:00,463.00,808.24
2024/11/08 07:56:00,464.00,806.21
2024/11/08 07:56:00,465.00,802.75
2024/11/08 07:56:00,466.00,798.66
2024/11/08 07:56:00,467.00,795.89
2024/11/08 07:56:00,468.00,794.50
2024/11/08 07:56:00,469.00,794.37
2024/11/08 07:56:00,470.00,795.98
2024/11/08 07:56:00,471.00,798.15
2024/11/08 07:56:00,472.00,800.07
2024/11/08 07:56:00,473.00,803.92
2024/11/08 07:56:00,474.00,804.58
2024/11/08 07:56:00,475.00,805.10
2024/11/08 07:56:00,476.00,808.78
2024/11/08 07:56:00,477.00,812.27
2024/11/08 07:56:00,478.00,815.11
2024/11/08 07:56:00,479.00,819.10
2024/11/08 07:56:00,480.00,823.11
2024/11/08 07:56:00,481.00,822.43
2024/11/08 07:56:00,482.00,816.18
2024/11/08 07:56:00,483.00,802.71
2024/11/08 07:56:00,484.00,785.71
2024/11/08 07:56:00,485.00,769.36
2024/11/08 07:56:00,486.00,758.98
2024/11/08 07:56:00,487.00,758.03
2024/11/08 07:56:00,488.00,763.90
2024/11/08 07:56:00,489.00,773.97
2024/11/08 07:56:00,490.00,782.17
2024/11/08 07:56:00,491.00,788.13
2024/11/08 07:56:00,492.00,789.95
2024/11/08 07:56:00,493.00,793.14
2024/11/08 07:56:00,494.00,795.86
2024/11/08 07:56:00,495.00,799.83
2024/11/08 07:56:00,496.00,799.64
2024/11/08 07:56:00,497.00,796.02
2024/11/08 07:56:00,498.00,789.83
2024/11/08 07:56:00,499.00,782.84
2024/11/08 07:56:00,500.00,775.29
2024/11/08 07:56:00,501.00,771.58
2024/11/08 07:56:00,502.00,770.96
2024/11/08 07:56:00,503.00,772.10
2024/11/08 07:56:00,504.00,776.73
2024/11/08 07:56:00,505.00,780.91
2024/11/08 07:56:00,506.00,783.08
2024/11/08 07:56:00,507.00,784.73
2024/11/08 07:56:00,508.00,785.75
2024/11/08 07:56:00,509.00,784.98
2024/11/08 07:56:00,510.00,783.55
2024/11/08 07:56:00,511.00,780.30
2024/11/08 07:56:00,512.00,775.46
2024/11/08 07:56:00,513.00,769.53
2024/11/08 07:56:00,514.00,757.21
2024/11/08 07:56:00,515.00,743.18
2024/11/08 07:56:00,516.00,733.14
2024/11/08 07:56:00,517.00,725.60
2024/11/08 07:56:00,518.00,723.56
2024/11/08 07:56:00,519.00,727.99
2024/11/08 07:56:00,520.00,736.20
2024/11/08 07:56:00,521.00,744.62
2024/11/08 07:56:00,522.00,753.76
2024/11/08 07:56:00,523.00,757.05
2024/11/08 07:56:00,524.00,756.57
2024/11/08 07:56:00,525.00,756.20
2024/11/08 07:56:00,526.00,756.70
2024/11/08 07:56:00,527.00,758.20
2024/11/08 07:56:00,528.00,760.72
2024/11/08 07:56:00,529.00,765.31
2024/11/08 07:56:00,530.00,769.66
2024/11/08 07:56:00,531.00,770.48
2024/11/08 07:56:00,532.00,769.01
2024/11/08 07:56:00,533.00,767.86
2024/11/08 07:56:00,534.00,767.45
2024/11/08 07:56:00,535.00,769.10
2024/11/08 07:56:00,536.00,768.94
2024/11/08 07:56:00,537.00,766.30
2024/11/08 07:56:00,538.00,763.47
2024/11/08 07:56:00,539.00,759.05
2024/11/08 07:56:00,540.00,756.61
2024/11/08 07:56:00,541.00,755.45
2024/11/08 07:56:00,542.00,756.47
2024/11/08 07:56:00,543.00,757.57
2024/11/08 07:56:00,544.00,758.74
2024/11/08 07:56:00,545.00,758.33
2024/11/08 07:56:00,546.00,759.00
2024/11/08 07:56:00,547.00,759.31
2024/11/08 07:56:00,548.00,759.02
2024/11/08 07:56:00,549.00,760.72
2024/11/08 07:56:00,550.00,760.98
2024/11/08 07:56:00,551.00,759.58
2024/11/08 07:56:00,552.00,760.38
2024/11/08 07:56:00,553.00,760.44
2024/11/08 07:56:00,554.00,757.86
2024/11/08 07:56:00,555.00,755.29
2024/11/08 07:56:00,556.00,751.07
2024/11/08 07:56:00,557.00,744.98
2024/11/08 07:56:00,558.00,739.98
2024/11/08 07:56:00,559.00,737.36
2024/11/08 07:56:00,560.00,735.92
2024/11/08 07:56:00,561.00,735.70
2024/11/08 07:56:00,562.00,735.75
2024/11/08 07:56:00,563.00,735.03
2024/11/08 07:56:00,564.00,734.27
2024/11/08 07:56:00,565.00,733.34
2024/11/08 07:56:00,566.00,731.59
2024/11/08 07:56:00,567.00,729.98
2024/11/08 07:56:00,568.00,726.86
2024/11/08 07:56:00,569.00,724.56
2024/11/08 07:56:00,570.00,723.37
2024/11/08 07:56:00,571.00,724.04
2024/11/08 07:56:00,572.00,723.16
2024/11/08 07:56:00,573.00,723.04
2024/11/08 07:56:00,574.00,722.67
2024/11/08 07:56:00,575.00,720.20
2024/11/08 07:56:00,576.00,716.20
2024/11/08 07:56:00,577.00,716.12
2024/11/08 07:56:00,578.00,717.58
2024/11/08 07:56:00,579.00,718.32
2024/11/08 07:56:00,580.00,722.71
2024/11/08 07:56:00,581.00,727.48
2024/11/08 07:56:00,582.00,729.88
2024/11/08 07:56:00,583.00,731.71
2024/11/08 07:56:00,584.00,732.77
2024/11/08 07:56:00,585.00,730.56
2024/11/08 07:56:00,586.00,725.44
2024/11/08 07:56:00,587.00,719.31
2024/11/08 07:56:00,588.00,714.49
2024/11/08 07:56:00,589.00,712.51
2024/11/08 07:56:00,590.00,708.66
2024/11/08 07:56:00,591.00,708.85
2024/11/08 07:56:00,592.00,710.87
2024/11/08 07:56:00,593.00,711.61
2024/11/08 07:56:00,594.00,711.09
2024/11/08 07:56:00,595.00,712.29
2024/11/08 07:56:00,596.00,711.76
2024/11/08 07:56:00,597.00,710.79
2024/11/08 07:56:00,598.00,709.07
2024/11/08 07:56:00,599.00,705.62
2024/11/08 07:56:00,600.00,703.39
2024/11/08 07:56:00,601.00,703.06
2024/11/08 07:56:00,602.00,702.55
2024/11/08 07:56:00,603.00,703.86
2024/11/08 07:56:00,604.00,704.50
2024/11/08 07:56:00,605.00,703.68
2024/11/08 07:56:00,606.00,703.30
2024/11/08 07:56:00,607.00,701.94
2024/11/08 07:56:00,608.00,699.80
2024/11/08 07:56:00,609.00,697.94
2024/11/08 07:56:00,610.00,696.20
2024/11/08 07:56:00,611.00,694.02
2024/11/08 07:56:00,612.00,692.09
2024/11/08 07:56:00,613.00,689.48
2024/11/08 07:56:00,614.00,688.04
2024/11/08 07:56:00,615.00,686.19
2024/11/08 07:56:00,616.00,685.28
2024/11/08 07:56:00,617.00,685.14
2024/11/08 07:56:00,618.00,686.94
2024/11/08 07:56:00,619.00,687.24
2024/11/08 07:56:00,620.00,688.60
2024/11/08 07:56:00,621.00,688.64
2024/11/08 07:56:00,622.00,686.19
2024/11/08 07:56:00,623.00,681.70
2024/11/08 07:56:00,624.00,678.91
2024/11/08 07:56:00,625.00,675.71
2024/11/08 07:56:00,626.00,671.94
2024/11/08 07:56:00,627.00,668.10
2024/11/08 07:56:00,628.00,666.99
2024/11/08 07:56:00,629.00,665.25
2024/11/08 07:56:00,630.00,664.22
2024/11/08 07:56:00,631.00,666.25
2024/11/08 07:56:00,632.00,669.22
2024/11/08 07:56:00,633.00,670.28
2024/11/08 07:56:00,634.00,672.27
2024/11/08 07:56:00,635.00,674.93
2024/11/08 07:56:00,636.00,675.20
2024/11/08 07:56:00,637.00,675.25
2024/11/08 07:56:00,638.00,675.68
2024/11/08 07:56:00,639.00,676.17
2024/11/08 07:56:00,640.00,674.69
2024/11/08 07:56:00,641.00,674.92
2024/11/08 07:56:00,642.00,676.01
2024/11/08 07:56:00,643.00,676.98
2024/11/08 07:56:00,644.00,675.94
2024/11/08 07:56:00,645.00,675.41
2024/11/08 07:56:00,646.00,673.60
2024/11/08 07:56:00,647.00,670.39
2024/11/08 07:56:00,648.00,668.32
2024/11/08 07:56:00,649.00,667.67
2024/11/08 07:56:00,650.00,666.61
2024/11/08 07:56:00,651.00,666.52
2024/11/08 07:56:00,652.00,665.30
2024/11/08 07:56:00,653.00,658.03
2024/11/08 07:56:00,654.00,651.01
2024/11/08 07:56:00,655.00,645.68
2024/11/08 07:56:00,656.00,641.32
2024/11/08 07:56:00,657.00,641.50
2024/11/08 07:56:00,658.00,646.15
2024/11/08 07:56:00,659.00,651.60
2024/11/08 07:56:00,660.00,656.84
2024/11/08 07:56:00,661.00,659.93
2024/11/08 07:56:00,662.00,660.70
2024/11/08 07:56:00,663.00,663.73
2024/11/08 07:56:00,664.00,665.08
2024/11/08 07:56:00,665.00,665.32
2024/11/08 07:56:00,666.00,667.83
2024/11/08 07:56:00,667.00,669.56
2024/11/08 07:56:00,668.00,669.01
2024/11/08 07:56:00,669.00,668.52
2024/11/08 07:56:00,670.00,668.18
2024/11/08 07:56:00,671.00,667.62
2024/11/08 07:56:00,672.00,667.20
2024/11/08 07:56:00,673.00,667.60
2024/11/08 07:56:00,674.00,667.12
2024/11/08 07:56:00,675.00,665.86
2024/11/08 07:56:00,676.00,664.57
2024/11/08 07:56:00,677.00,662.76
2024/11/08 07:56:00,678.00,662.11
2024/11/08 07:56:00,679.00,662.82
2024/11/08 07:56:00,680.00,663.78
2024/11/08 07:56:00,681.00,662.38
2024/11/08 07:56:00,682.00,662.05
2024/11/08 07:56:00,683.00,655.35
2024/11/08 07:56:00,684.00,640.76
2024/11/08 07:56:00,685.00,623.77
2024/11/08 07:56:00,686.00,606.51
2024/11/08 07:56:00,687.00,588.61
2024/11/08 07:56:00,688.00,575.57
2024/11/08 07:56:00,689.00,572.72
2024/11/08 07:56:00,690.00,576.89
2024/11/08 07:56:00,691.00,583.95
2024/11/08 07:56:00,692.00,592.10
2024/11/08 07:56:00,693.00,602.33
2024/11/08 07:56:00,694.00,609.25
2024/11/08 07:56:00,695.00,613.72
2024/11/08 07:56:00,696.00,618.43
2024/11/08 07:56:00,697.00,621.23
2024/11/08 07:56:00,698.00,621.91
2024/11/08 07:56:00,699.00,623.34
2024/11/08 07:56:00,700.00,623.49
2024/11/08 07:56:00,701.00,622.82
2024/11/08 07:56:00,702.00,623.71
2024/11/08 07:56:00,703.00,624.13
2024/11/08 07:56:00,704.00,623.99
2024/11/08 07:56:00,705.00,624.49
2024/11/08 07:56:00,706.00,624.93
2024/11/08 07:56:00,707.00,625.13
2024/11/08 07:56:00,708.00,625.04
2024/11/08 07:56:00,709.00,624.06
2024/11/08 07:56:00,710.00,624.57
2024/11/08 07:56:00,711.00,623.49
2024/11/08 07:56:00,712.00,622.33
2024/11/08 07:56:00,713.00,621.40
2024/11/08 07:56:00,714.00,618.31
2024/11/08 07:56:00,715.00,610.07
2024/11/08 07:56:00,716.00,600.81
2024/11/08 07:56:00,717.00,589.97
2024/11/08 07:56:00,718.00,579.96
2024/11/08 07:56:00,719.00,573.28
2024/11/08 07:56:00,720.00,569.26
2024/11/08 07:56:00,721.00,568.55
2024/11/08 07:56:00,722.00,568.56
2024/11/08 07:56:00,723.00,567.86
2024/11/08 07:56:00,724.00,568.04
2024/11/08 07:56:00,725.00,568.12
2024/11/08 07:56:00,726.00,568.00
2024/11/08 07:56:00,727.00,568.92
2024/11/08 07:56:00,728.00,569.81
2024/11/08 07:56:00,729.00,570.51
2024/11/08 07:56:00,730.00,572.70
2024/11/08 07:56:00,731.00,576.07
2024/11/08 07:56:00,732.00,579.96
2024/11/08 07:56:00,733.00,583.85
2024/11/08 07:56:00,734.00,586.55
2024/11/08 07:56:00,735.00,588.05
2024/11/08 07:56:00,736.00,586.29
2024/11/08 07:56:00,737.00,584.58
2024/11/08 07:56:00,738.00,583.56
2024/11/08 07:56:00,739.00,581.79
2024/11/08 07:56:00,740.00,582.04
2024/11/08 07:56:00,741.00,584.13
2024/11/08 07:56:00,742.00,585.03
2024/11/08 07:56:00,743.00,583.86
2024/11/08 07:56:00,744.00,584.51
2024/11/08 07:56:00,745.00,583.71
2024/11/08 07:56:00,746.00,581.57
2024/11/08 07:56:00,747.00,579.13
2024/11/08 07:56:00,748.00,578.51
2024/11/08 07:56:00,749.00,578.97
2024/11/08 07:56:00,750.00,576.42
2024/11/08 07:56:00,751.00,576.59
2024/11/08 07:56:00,752.00,575.95
2024/11/08 07:56:00,753.00,574.87
2024/11/08 07:56:00,754.00,572.01
2024/11/08 07:56:00,755.00,569.81
2024/11/08 07:56:00,756.00,555.45
2024/11/08 07:56:00,757.00,526.43
2024/11/08 07:56:00,758.00,486.89
2024/11/08 07:56:00,759.00,443.76
2024/11/08 07:56:00,760.00,399.94
2024/11/08 07:56:00,761.00,365.01
2024/11/08 07:56:00,762.00,349.14
2024/11/08 07:56:00,763.00,348.31
2024/11/08 07:56:00,764.00,357.29
2024/11/08 07:56:00,765.00,374.08
2024/11/08 07:56:00,766.00,396.59
2024/11/08 07:56:00,767.00,421.91
2024/11/08 07:56:00,768.00,444.82
2024/11/08 07:56:00,769.00,465.49
2024/11/08 07:56:00,770.00,482.43
2024/11/08 07:56:00,771.00,497.68
2024/11/08 07:56:00,772.00,509.76
2024/11/08 07:56:00,773.00,519.03
2024/11/08 07:56:00,774.00,525.98
2024/11/08 07:56:00,775.00,531.36
2024/11/08 07:56:00,776.00,535.05
2024/11/08 07:56:00,777.00,537.73
2024/11/08 07:56:00,778.00,537.82
2024/11/08 07:56:00,779.00,538.33
2024/11/08 07:56:00,780.00,539.06
2024/11/08 07:56:00,781.00,537.84
2024/11/08 07:56:00,782.00,537.42
2024/11/08 07:56:00,783.00,538.01
2024/11/08 07:56:00,784.00,537.60
2024/11/08 07:56:00,785.00,536.62
2024/11/08 07:56:00,786.00,536.42
2024/11/08 07:56:00,787.00,535.53
2024/11/08 07:56:00,788.00,534.30
2024/11/08 07:56:00,789.00,533.46
2024/11/08 07:56:00,790.00,530.51
2024/11/08 07:56:00,791.00,529.25
2024/11/08 07:56:00,792.00,526.18
2024/11/08 07:56:00,793.00,525.22
2024/11/08 07:56:00,794.00,523.59
2024/11/08 07:56:00,795.00,523.14
2024/11/08 07:56:00,796.00,523.00
2024/11/08 07:56:00,797.00,520.36
2024/11/08 07:56:00,798.00,519.10
2024/11/08 07:56:00,799.00,518.69
2024/11/08 07:56:00,800.00,517.98
2024/11/08 07:56:00,801.00,517.70
2024/11/08 07:56:00,802.00,519.25
2024/11/08 07:56:00,803.00,520.82
2024/11/08 07:56:00,804.00,522.48
2024/11/08 07:56:00,805.00,524.00
2024/11/08 07:56:00,806.00,523.17
2024/11/08 07:56:00,807.00,523.58
2024/11/08 07:56:00,808.00,521.73
2024/11/08 07:56:00,809.00,518.76
2024/11/08 07:56:00,810.00,517.03
2024/11/08 07:56:00,811.00,513.58
2024/11/08 07:56:00,812.00,509.80
2024/11/08 07:56:00,813.00,505.67
2024/11/08 07:56:00,814.00,502.37
2024/11/08 07:56:00,815.00,497.80
2024/11/08 07:56:00,816.00,494.50
2024/11/08 07:56:00,817.00,491.43
2024/11/08 07:56:00,818.00,491.14
2024/11/08 07:56:00,819.00,489.36
2024/11/08 07:56:00,820.00,488.80
2024/11/08 07:56:00,821.00,489.78
2024/11/08 07:56:00,822.00,491.12
2024/11/08 07:56:00,823.00,491.51
2024/11/08 07:56:00,824.00,491.44
2024/11/08 07:56:00,825.00,493.24
2024/11/08 07:56:00,826.00,492.85
2024/11/08 07:56:00,827.00,492.30
2024/11/08 07:56:00,828.00,490.24
2024/11/08 07:56:00,829.00,488.31
2024/11/08 07:56:00,830.00,487.98
2024/11/08 07:56:00,831.00,487.87
2024/11/08 07:56:00,832.00,487.58
2024/11/08 07:56:00,833.00,485.83
2024/11/08 07:56:00,834.00,483.97
2024/11/08 07:56:00,835.00,482.10
2024/11/08 07:56:00,836.00,480.40
2024/11/08 07:56:00,837.00,480.08
2024/11/08 07:56:00,838.00,480.77
2024/11/08 07:56:00,839.00,482.25
2024/11/08 07:56:00,840.00,482.52
2024/11/08 07:56:00,841.00,482.48
2024/11/08 07:56:00,842.00,481.45
2024/11/08 07:56:00,843.00,479.99
2024/11/08 07:56:00,844.00,478.07
2024/11/08 07:56:00,845.00,474.84
2024/11/08 07:56:00,846.00,470.57
2024/11/08 07:56:00,847.00,465.56
2024/11/08 07:56:00,848.00,462.67
2024/11/08 07:56:00,849.00,459.77
2024/11/08 07:56:00,850.00,455.83
2024/11/08 07:56:00,851.00,451.59
2024/11/08 07:56:00,852.00,448.28
2024/11/08 07:56:00,853.00,444.00
2024/11/08 07:56:00,854.00,442.11
2024/11/08 07:56:00,855.00,443.05
2024/11/08 07:56:00,856.00,444.91
2024/11/08 07:56:00,857.00,447.33
2024/11/08 07:56:00,858.00,449.68
2024/11/08 07:56:00,859.00,450.87
2024/11/08 07:56:00,860.00,451.31
2024/11/08 07:56:00,861.00,451.14
2024/11/08 07:56:00,862.00,450.22
2024/11/08 07:56:00,863.00,447.09
2024/11/08 07:56:00,864.00,442.55
2024/11/08 07:56:00,865.00,439.15
2024/11/08 07:56:00,866.00,437.01
2024/11/08 07:56:00,867.00,435.68
2024/11/08 07:56:00,868.00,437.24
2024/11/08 07:56:00,869.00,440.11
2024/11/08 07:56:00,870.00,440.88
2024/11/08 07:56:00,871.00,442.18
2024/11/08 07:56:00,872.00,441.77
2024/11/08 07:56:00,873.00,440.23
2024/11/08 07:56:00,874.00,439.54
2024/11/08 07:56:00,875.00,440.12
2024/11/08 07:56:00,876.00,439.65
2024/11/08 07:56:00,877.00,440.51
2024/11/08 07:56:00,878.00,439.70
2024/11/08 07:56:00,879.00,439.31
2024/11/08 07:56:00,880.00,437.30
2024/11/08 07:56:00,881.00,435.55
2024/11/08 07:56:00,882.00,435.11
2024/11/08 07:56:00,883.00,435.02
2024/11/08 07:56:00,884.00,433.99
2024/11/08 07:56:00,885.00,433.37
2024/11/08 07:56:00,886.00,432.15
2024/11/08 07:56:00,887.00,431.84
2024/11/08 07:56:00,888.00,431.41
2024/11/08 07:56:00,889.00,430.57
2024/11/08 07:56:00,890.00,429.24
2024/11/08 07:56:00,891.00,426.99
2024/11/08 07:56:00,892.00,422.88
2024/11/08 07:56:00,893.00,417.18
2024/11/08 07:56:00,894.00,412.03
2024/11/08 07:56:00,895.00,405.04
2024/11/08 07:56:00,896.00,397.20
2024/11/08 07:56:00,897.00,389.20
2024/11/08 07:56:00,898.00,382.50
2024/11/08 07:56:00,899.00,376.38
2024/11/08 07:56:00,900.00,374.03
2024/11/08 07:56:00,901.00,374.89
2024/11/08 07:56:00,902.00,376.54
2024/11/08 07:56:00,903.00,378.76
2024/11/08 07:56:00,904.00,379.86
2024/11/08 07:56:00,905.00,377.60
2024/11/08 07:56:00,906.00,374.27
2024/11/08 07:56:00,907.00,370.87
2024/11/08 07:56:00,908.00,367.30
2024/11/08 07:56:00,909.00,365.48
2024/11/08 07:56:00,910.00,364.71
2024/11/08 07:56:00,911.00,363.86
2024/11/08 07:56:00,912.00,362.69
2024/11/08 07:56:00,913.00,361.10
2024/11/08 07:56:00,914.00,360.07
2024/11/08 07:56:00,915.00,359.20
2024/11/08 07:56:00,916.00,360.34
2024/11/08 07:56:00,917.00,362.14
2024/11/08 07:56:00,918.00,364.44
2024/11/08 07:56:00,919.00,365.34
2024/11/08 07:56:00,920.00,366.16
2024/11/08 07:56:00,921.00,365.25
2024/11/08 07:56:00,922.00,364.05
2024/11/08 07:56:00,923.00,364.09
2024/11/08 07:56:00,924.00,363.40
2024/11/08 07:56:00,925.00,361.84
2024/11/08 07:56:00,926.00,357.90
2024/11/08 07:56:00,927.00,349.77
2024/11/08 07:56:00,928.00,338.67
2024/11/08 07:56:00,929.00,323.14
2024/11/08 07:56:00,930.00,305.82
2024/11/08 07:56:00,931.00,287.77
2024/11/08 07:56:00,932.00,270.33
2024/11/08 07:56:00,933.00,254.93
2024/11/08 07:56:00,934.00,243.51
2024/11/08 07:56:00,935.00,236.06
2024/11/08 07:56:00,936.00,234.18
2024/11/08 07:56:00,937.00,236.67
2024/11/08 07:56:00,938.00,242.23
2024/11/08 07:56:00,939.00,247.01
2024/11/08 07:56:00,940.00,250.14
2024/11/08 07:56:00,941.00,250.72
2024/11/08 07:56:00,942.00,248.99
2024/11/08 07:56:00,943.00,246.54
2024/11/08 07:56:00,944.00,245.71
2024/11/08 07:56:00,945.00,245.99
2024/11/08 07:56:00,946.00,245.83
2024/11/08 07:56:00,947.00,247.30
2024/11/08 07:56:00,948.00,249.29
2024/11/08 07:56:00,949.00,251.30
2024/11/08 07:56:00,950.00,253.38
2024/11/08 07:56:00,951.00,256.00
2024/11/08 07:56:00,952.00,256.97
2024/11/08 07:56:00,953.00,257.52
2024/11/08 07:56:00,954.00,259.16
2024/11/08 07:56:00,955.00,260.66
2024/11/08 07:56:00,956.00,261.33
2024/11/08 07:56:00,957.00,265.53
2024/11/08 07:56:00,958.00,269.64
2024/11/08 07:56:00,959.00,272.50
2024/11/08 07:56:00,960.00,276.56
2024/11/08 07:56:00,961.00,280.39
2024/11/08 07:56:00,962.00,283.72
2024/11/08 07:56:00,963.00,287.16
2024/11/08 07:56:00,964.00,291.32
2024/11/08 07:56:00,965.00,297.45
2024/11/08 07:56:00,966.00,303.58
2024/11/08 07:56:00,967.00,310.42
2024/11/08 07:56:00,968.00,316.53
2024/11/08 07:56:00,969.00,321.23
2024/11/08 07:56:00,970.00,323.40
2024/11/08 07:56:00,971.00,323.86
2024/11/08 07:56:00,972.00,322.58
2024/11/08 07:56:00,973.00,321.43
2024/11/08 07:56:00,974.00,321.20
2024/11/08 07:56:00,975.00,321.15
2024/11/08 07:56:00,976.00,321.07
2024/11/08 07:56:00,977.00,321.91
2024/11/08 07:56:00,978.00,324.60
2024/11/08 07:56:00,979.00,326.14
2024/11/08 07:56:00,980.00,328.49
2024/11/08 07:56:00,981.00,332.03
2024/11/08 07:56:00,982.00,334.21
2024/11/08 07:56:00,983.00,334.93
2024/11/08 07:56:00,984.00,337.78
2024/11/08 07:56:00,985.00,339.91
2024/11/08 07:56:00,986.00,340.87
2024/11/08 07:56:00,987.00,341.61
2024/11/08 07:56:00,988.00,342.19
2024/11/08 07:56:00,989.00,342.34
2024/11/08 07:56:00,990.00,341.95
2024/11/08 07:56:00,991.00,342.09
2024/11/08 07:56:00,992.00,342.40
2024/11/08 07:56:00,993.00,340.94
2024/11/08 07:56:00,994.00,341.33
2024/11/08 07:56:00,995.00,340.67
2024/11/08 07:56:00,996.00,339.61
2024/11/08 07:56:00,997.00,339.43
2024/11/08 07:56:00,998.00,338.44
2024/11/08 07:56:00,999.00,336.77
2024/11/08 07:56:00,1000.00,335.93
2024/11/08 07:56:00,1001.00,334.55
2024/11/08 07:56:00,1002.00,333.87
2024/11/08 07:56:00,1003.00,331.96
2024/11/08 07:56:00,1004.00,331.38
2024/11/08 07:56:00,1005.00,330.99
2024/11/08 07:56:00,1006.00,330.28
2024/11/08 07:56:00,1007.00,329.93
2024/11/08 07:56:00,1008.00,330.52
2024/11/08 07:56:00,1009.00,329.27
2024/11/08 07:56:00,1010.00,328.81
2024/11/08 07:56:00,1011.00,329.39
2024/11/08 07:56:00,1012.00,328.30
2024/11/08 07:56:00,1013.00,327.80
2024/11/08 07:56:00,1014.00,328.73
2024/11/08 07:56:00,1015.00,327.80
2024/11/08 07:56:00,1016.00,326.24
2024/11/08 07:56:00,1017.00,325.74
2024/11/08 07:56:00,1018.00,324.67
2024/11/08 07:56:00,1019.00,323.35
2024/11/08 07:56:00,1020.00,322.80
2024/11/08 07:56:00,1021.00,323.41
2024/11/08 07:56:00,1022.00,322.76
2024/11/08 07:56:00,1023.00,321.75
2024/11/08 07:56:00,1024.00,322.55
2024/11/08 07:56:00,1025.00,321.53
2024/11/08 07:56:00,1026.00,321.36
2024/11/08 07:56:00,1027.00,320.03
2024/11/08 07:56:00,1028.00,319.13
2024/11/08 07:56:00,1029.00,318.34
2024/11/08 07:56:00,1030.00,315.39
2024/11/08 07:56:00,1031.00,313.85
2024/11/08 07:56:00,1032.00,312.57
2024/11/08 07:56:00,1033.00,309.36
2024/11/08 07:56:00,1034.00,310.84
2024/11/08 07:56:00,1035.00,310.83
2024/11/08 07:56:00,1036.00,310.79
2024/11/08 07:56:00,1037.00,312.59
2024/11/08 07:56:00,1038.00,312.73
2024/11/08 07:56:00,1039.00,312.35
2024/11/08 07:56:00,1040.00,311.79
2024/11/08 07:56:00,1041.00,309.57
2024/11/08 07:56:00,1042.00,307.80
2024/11/08 07:56:00,1043.00,303.97
2024/11/08 07:56:00,1044.00,301.68
2024/11/08 07:56:00,1045.00,302.00
2024/11/08 07:56:00,1046.00,301.91
2024/11/08 07:56:00,1047.00,303.54
2024/11/08 07:56:00,1048.00,304.22
2024/11/08 07:56:00,1049.00,302.98
2024/11/08 07:56:00,1050.00,301.36
2024/11/08 07:56:00,1051.00,303.22
2024/11/08 07:56:00,1052.00,301.58
2024/11/08 07:56:00,1053.00,300.18
2024/11/08 07:56:00,1054.00,298.21
2024/11/08 07:56:00,1055.00,297.81
2024/11/08 07:56:00,1056.00,297.49
2024/11/08 07:56:00,1057.00,296.66
2024/11/08 07:56:00,1058.00,297.62
2024/11/08 07:56:00,1059.00,298.83
2024/11/08 07:56:00,1060.00,298.30
2024/11/08 07:56:00,1061.00,299.09
2024/11/08 07:56:00,1062.00,297.90
2024/11/08 07:56:00,1063.00,296.49
2024/11/08 07:56:00,1064.00,296.74
2024/11/08 07:56:00,1065.00,295.01
2024/11/08 07:56:00,1066.00,291.24
2024/11/08 07:56:00,1067.00,289.04
2024/11/08 07:56:00,1068.00,289.97
2024/11/08 07:56:00,1069.00,289.20
2024/11/08 07:56:00,1070.00,287.15
2024/11/08 07:56:00,1071.00,287.50
2024/11/08 07:56:00,1072.00,285.19
2024/11/08 07:56:00,1073.00,284.96
2024/11/08 07:56:00,1074.00,286.32
2024/11/08 07:56:00,1075.00,286.05
2024/11/08 07:56:00,1076.00,288.02
2024/11/08 07:56:00,1077.00,286.37
2024/11/08 07:56:00,1078.00,284.21
2024/11/08 07:56:00,1079.00,282.94
2024/11/08 07:56:00,1080.00,279.45
2024/11/08 07:56:00,1081.00,280.64
2024/11/08 07:56:00,1082.00,280.41
2024/11/08 07:56:00,1083.00,277.96
2024/11/08 07:56:00,1084.00,284.73
2024/11/08 07:56:00,1085.00,288.06
2024/11/08 07:56:00,1086.00,287.85
2024/11/08 07:56:00,1087.00,287.23
2024/11/08 07:56:00,1088.00,285.05
2024/11/08 07:56:00,1089.00,282.44
2024/11/08 07:56:00,1090.00,280.92
2024/11/08 07:56:00,1091.00,280.15
2024/11/08 07:56:00,1092.00,281.92
2024/11/08 07:56:00,1093.00,276.50
2024/11/08 07:56:00,1094.00,276.74
2024/11/08 07:56:00,1095.00,272.24
2024/11/08 07:56:00,1096.00,265.43
2024/11/08 07:56:00,1097.00,265.42
2024/11/08 07:56:00,1098.00,262.29
2024/11/08 07:56:00,1099.00,261.96
2024/11/08 07:56:00,1100.00,265.33
2024/11/08 07:57:00,Wavelength(nm),Irradiance(W/m2/um)
2024/11/08 07:57:00,300.00,10.12
2024/11/08 07:57:00,301.00,11.03
2024/11/08 07:57:00,302.00,12.24
2024/11/08 07:57:00,303.00,14.00
2024/11/08 07:57:00,304.00,16.07
2024/11/08 07:57:00,305.00,18.52
2024/11/08 07:57:00,306.00,21.48
2024/11/08 07:57:00,307.00,25.33
2024/11/08 07:57:00,308.00,29.56
2024/11/08 07:57:00,309.00,34.91
2024/11/08 07:57:00,310.00,41.06
2024/11/08 07:57:00,311.00,47.73
2024/11/08 07:57:00,312.00,54.77
2024/11/08 07:57:00,313.00,62.33
2024/11/08 07:57:00,314.00,70.53
2024/11/08 07:57:00,315.00,78.76
2024/11/08 07:57:00,316.00,87.54
2024/11/08 07:57:00,317.00,97.01
2024/11/08 07:57:00,318.00,105.72
2024/11/08 07:57:00,319.00,113.33
2024/11/08 07:57:00,320.00,121.54
2024/11/08 07:57:00,321.00,130.17
2024/11/08 07:57:00,322.00,139.93
2024/11/08 07:57:00,323.00,151.90
2024/11/08 07:57:00,324.00,165.14
2024/11/08 07:57:00,325.00,178.98
2024/11/08 07:57:00,326.00,192.94
2024/11/08 07:57:00,327.00,206.31
2024/11/08 07:57:00,328.00,217.57
2024/11/08 07:57:00,329.00,226.72
2024/11/08 07:57:00,330.00,234.04
2024/11/08 07:57:00,331.00,239.47
2024/11/08 07:57:00,332.00,242.63
2024/11/08 07:57:00,333.00,243.37
2024/11/08 07:57:00,334.00,243.48
2024/11/08 07:57:00,335.00,244.11
2024/11/08 07:57:00,336.00,246.01
2024/11/08 07:57:00,337.00,248.27
2024/11/08 07:57:00,338.00,252.52
2024/11/08 07:57:00,339.00,258.11
2024/11/08 07:57:00,340.00,262.67
2024/11/08 07:57:00,341.00,264.74
2024/11/08 07:57:00,342.00,266.06
2024/11/08 07:57:00,343.00,267.13
2024/11/08 07:57:00,344.00,267.26
2024/11/08 07:57:00,345.00,267.10
2024/11/08 07:57:00,346.00,268.12
2024/11/08 07:57:00,347.00,271.33
2024/11/08 07:57:00,348.00,275.12
2024/11/08 07:57:00,349.00,278.78
2024/11/08 07:57:00,350.00,283.70
2024/11/08 07:57:00,351.00,290.73
2024/11/08 07:57:00,352.00,296.58
2024/11/08 07:57:00,353.00,300.11
2024/11/08 07:57:00,354.00,300.53
2024/11/08 07:57:00,355.00,296.81
2024/11/08 07:57:00,356.00,291.77
2024/11/08 07:57:00,357.00,287.33
2024/11/08 07:57:00,358.00,283.87
2024/11/08 07:57:00,359.00,284.20
2024/11/08 07:57:00,360.00,290.23
2024/11/08 07:57:00,361.00,297.00
2024/11/08 07:57:00,362.00,305.74
2024/11/08 07:57:00,363.00,318.57
2024/11/08 07:57:00,364.00,333.11
2024/11/08 07:57:00,365.00,344.55
2024/11/08 07:57:00,366.00,354.84
2024/11/08 07:57:00,367.00,362.55
2024/11/08 07:57:00,368.00,366.31
2024/11/08 07:57:00,369.00,365.41
2024/11/08 07:57:00,370.00,360.40
2024/11/08 07:57:00,371.00,351.47
2024/11/08 07:57:00,372.00,342.39
2024/11/08 07:57:00,373.00,336.33
2024/11/08 07:57:00,374.00,336.89
2024/11/08 07:57:00,375.00,346.24
2024/11/08 07:57:00,376.00,359.02
2024/11/08 07:57:00,377.00,370.96
2024/11/08 07:57:00,378.00,379.46
2024/11/08 07:57:00,379.00,376.97
2024/11/08 07:57:00,380.00,361.45
2024/11/08 07:57:00,381.00,343.81
2024/11/08 07:57:00,382.00,329.35
2024/11/08 07:57:00,383.00,317.99
2024/11/08 07:57:00,384.00,314.15
2024/11/08 07:57:00,385.00,320.03
2024/11/08 07:57:00,386.00,330.77
2024/11/08 07:57:00,387.00,344.33
2024/11/08 07:57:00,388.00,360.12
2024/11/08 07:57:00,389.00,372.94
2024/11/08 07:57:00,390.00,375.33
2024/11/08 07:57:00,391.00,369.27
2024/11/08 07:57:00,392.00,363.77
2024/11/08 07:57:00,393.00,354.90
2024/11/08 07:57:00,394.00,344.15
2024/11/08 07:57:00,395.00,349.52
2024/11/08 07:57:00,396.00,375.41
2024/11/08 07:57:00,397.00,406.31
2024/11/08 07:57:00,398.00,442.75
2024/11/08 07:57:00,399.00,487.13
2024/11/08 07:57:00,400.00,526.70
2024/11/08 07:57:00,401.00,552.48
2024/11/08 07:57:00,402.00,566.28
2024/11/08 07:57:00,403.00,569.85
2024/11/08 07:57:00,404.00,567.27
2024/11/08 07:57:00,405.00,564.50
2024/11/08 07:57:00,406.00,564.05
2024/11/08 07:57:00,407.00,564.66
2024/11/08 07:57:00,408.00,567.72
2024/11/08 07:57:00,409.00,576.08
2024/11/08 07:57:00,410.00,584.63
2024/11/08 07:57:00,411.00,591.88
2024/11/08 07:57:00,412.00,599.42
2024/11/08 07:57:00,413.00,607.94
2024/11/08 07:57:00,414.00,612.71
2024/11/08 07:57:00,415.00,614.54
2024/11/08 07:57:00,416.00,613.85
2024/11/08 07:57:00,417.00,613.44
2024/11/08 07:57:00,418.00,614.00
2024/11/08 07:57:00,419.00,614.34
2024/11/08 07:57:00,420.00,615.21
2024/11/08 07:57:00,421.00,616.61
2024/11/08 07:57:00,422.00,618.14
2024/11/08 07:57:00,423.00,617.68
2024/11/08 07:57:00,424.00,615.87
2024/11/08 07:57:00,425.00,613.49
2024/11/08 07:57:00,426.00,609.01
2024/11/08 07:57:00,427.00,596.47
2024/11/08 07:57:00,428.00,580.75
2024/11/08 07:57:00,429.00,571.58
2024/11/08 07:57:00,430.00,571.20
2024/11/08 07:57:00,431.00,577.32
2024/11/08 07:57:00,432.00,593.30
2024/11/08 07:57:00,433.00,617.98
2024/11/08 07:57:00,434.00,640.59
2024/11/08 07:57:00,435.00,653.07
2024/11/08 07:57:00,436.00,659.04
2024/11/08 07:57:00,437.00,664.11
2024/11/08 07:57:00,438.00,668.18
2024/11/08 07:57:00,439.00,673.25
2024/11/08 07:57:00,440.00,683.35
2024/11/08 07:57:00,441.00,697.92
2024/11/08 07:57:00,442.00,711.56
2024/11/08 07:57:00,443.00,721.22
2024/11/08 07:57:00,444.00,728.21
2024/11/08 07:57:00,445.00,733.79
2024/11/08 07:57:00,446.00,740.45
2024/11/08 07:57:00,447.00,751.62
2024/11/08 07:57:00,448.00,765.39
2024/11/08 07:57:00,449.00,777.36
2024/11/08 07:57:00,450.00,783.99
2024/11/08 07:57:00,451.00,785.32
2024/11/08 07:57:00,452.00,783.28
2024/11/08 07:57:00,453.00,780.86
2024/11/08 07:57:00,454.00,781.77
2024/11/08 07:57:00,455.00,785.40
2024/11/08 07:57:00,456.00,790.52
2024/11/08 07:57:00,457.00,795.97
2024/11/08 07:57:00,458.00,800.84
2024/11/08 07:57:00,459.00,803.58
2024/11/08 07:57:00,460.00,806.53
2024/11/08 07:57:00,461.00,811.30
2024/11/08 07:57:00,462.00,813.78
2024/11/08 07:57:00,463.00,812.70
2024/11/08 07:57:00,464.00,809.73
2024/11/08 07:57:00,465.00,805.70
2024/11/08 07:57:00,466.00,802.03
2024/11/08 07:57:00,467.00,798.36
2024/11/08 07:57:00,468.00,797.11
2024/11/08 07:57:00,469.00,797.89
2024/11/08 07:57:00,470.00,798.30
2024/11/08 07:57:00,471.00,800.02
2024/11/08 07:57:00,472.00,803.58
2024/11/08 07:57:00,473.00,807.18
2024/11/08 07:57:00,474.00,809.45
2024/11/08 07:57:00,475.00,811.97
2024/11/08 07:57:00,476.00,814.18
2024/11/08 07:57:00,477.00,817.27
2024/11/08 07:57:00,478.00,819.41
2024/11/08 07:57:00,479.00,823.66
2024/11/08 07:57:00,480.00,826.62
2024/11/08 07:57:00,481.00,825.29
2024/11/08 07:57:00,482.00,818.76
2024/11/08 07:57:00,483.00,806.41
2024/11/08 07:57:00,484.00,787.33
2024/11/08 07:57:00,485.00,771.19
2024/11/08 07:57:00,486.00,762.95
2024/11/08 07:57:00,487.00,760.95
2024/11/08 07:57:00,488.00,766.96
2024/11/08 07:57:00,489.00,777.58
2024/11/08 07:57:00,490.00,785.80
2024/11/08 07:57:00,491.00,790.88
2024/11/08 07:57:00,492.00,794.03
2024/11/08 07:57:00,493.00,796.05
2024/11/08 07:57:00,494.00,798.19
2024/11/08 07:57:00,495.00,801.06
2024/11/08 07:57:00,496.00,799.96
2024/11/08 07:57:00,497.00,797.06
2024/11/08 07:57:00,498.00,791.93
2024/11/08 07:57:00,499.00,785.50
2024/11/08 07:57:00,500.00,779.06
2024/11/08 07:57:00,501.00,776.02
2024/11/08 07:57:00,502.00,774.67
2024/11/08 07:57:00,503.00,776.69
2024/11/08 07:57:00,504.00,780.33
2024/11/08 07:57:00,505.00,783.59
2024/11/08 07:57:00,506.00,786.02
2024/11/08 07:57:00,507.00,786.85
2024/11/08 07:57:00,508.00,788.12
2024/11/08 07:57:00,509.00,788.49
2024/11/08 07:57:00,510.00,787.38
2024/11/08 07:57:00,511.00,785.58
2024/11/08 07:57:00,512.00,782.55
2024/11/08 07:57:00,513.00,774.72
2024/11/08 07:57:00,514.00,762.81
2024/11/08 07:57:00,515.00,748.16
2024/11/08 07:57:00,516.00,737.68
2024/11/08 07:57:00,517.00,730.57
2024/11/08 07:57:00,518.00,728.01
2024/11/08 07:57:00,519.00,731.71
2024/11/08 07:57:00,520.00,741.26
2024/11/08 07:57:00,521.00,749.24
2024/11/08 07:57:00,522.00,757.71
2024/11/08 07:57:00,523.00,762.29
2024/11/08 07:57:00,524.00,761.21
2024/11/08 07:57:00,525.00,759.75
2024/11/08 07:57:00,526.00,760.27
2024/11/08 07:57:00,527.00,761.08
2024/11/08 07:57:00,528.00,763.82
2024/11/08 07:57:00,529.00,769.51
2024/11/08 07:57:00,530.00,773.22
2024/11/08 07:57:00,531.00,774.61
2024/11/08 07:57:00,532.00,773.13
2024/11/08 07:57:00,533.00,772.04
2024/11/08 07:57:00,534.00,772.19
2024/11/08 07:57:00,535.00,773.02
2024/11/08 07:57:00,536.00,772.87
2024/11/08 07:57:00,537.00,770.72
2024/11/08 07:57:00,538.00,767.14
2024/11/08 07:57:00,539.00,763.41
2024/11/08 07:57:00,540.00,760.14
2024/11/08 07:57:00,541.00,759.40
2024/11/08 07:57:00,542.00,761.10
2024/11/08 07:57:00,543.00,763.22
2024/11/08 07:57:00,544.00,764.44
2024/11/08 07:57:00,545.00,765.40
2024/11/08 07:57:00,546.00,765.74
2024/11/08 07:57:00,547.00,765.96
2024/11/08 07:57:00,548.00,764.77
2024/11/08 07:57:00,549.00,764.69
2024/11/08 07:57:00,550.00,764.35
2024/11/08 07:57:00,551.00,764.72
2024/11/08 07:57:00,552.00,764.78
2024/11/08 07:57:00,553.00,765.67
2024/11/08 07:57:00,554.00,762.71
2024/11/08 07:57:00,555.00,760.21
2024/11/08 07:57:00,556.00,756.27
2024/11/08 07:57:00,557.00,750.54
2024/11/08 07:57:00,558.00,744.51
2024/11/08 07:57:00,559.00,742.18
2024/11/08 07:57:00,560.00,741.64
2024/11/08 07:57:00,561.00,741.47
2024/11/08 07:57:00,562.00,740.76
2024/11/08 07:57:00,563.00,741.24
2024/11/08 07:57:00,564.00,741.39
2024/11/08 07:57:00,565.00,739.53
2024/11/08 07:57:00,566.00,736.22
2024/11/08 07:57:00,567.00,734.54
2024/11/08 07:57:00,568.00,731.85
2024/11/08 07:57:00,569.00,729.15
2024/11/08 07:57:00,570.00,728.48
2024/11/08 07:57:00,571.00,729.48
2024/11/08 07:57:00,572.00,728.44
2024/11/08 07:57:00,573.00,728.94
2024/11/08 07:57:00,574.00,728.25
2024/11/08 07:57:00,575.00,725.13
2024/11/08 07:57:00,576.00,722.89
2024/11/08 07:57:00,577.00,722.38
2024/11/08 07:57:00,578.00,722.43
2024/11/08 07:57:00,579.00,724.31
2024/11/08 07:57:00,580.00,727.73
2024/11/08 07:57:00,581.00,731.57
2024/11/08 07:57:00,582.00,734.94
2024/11/08 07:57:00,583.00,735.44
2024/11/08 07:57:00,584.00,736.29
2024/11/08 07:57:00,585.00,734.30
2024/11/08 07:57:00,586.00,727.03
2024/11/08 07:57:00,587.00,720.42
2024/11/08 07:57:00,588.00,715.79
2024/11/08 07:57:00,589.00,711.24
2024/11/08 07:57:00,590.00,709.75
2024/11/08 07:57:00,591.00,710.01
2024/11/08 07:57:00,592.00,712.74
2024/11/08 07:57:00,593.00,714.29
2024/11/08 07:57:00,594.00,715.44
2024/11/08 07:57:00,595.00,716.07
2024/11/08 07:57:00,596.00,717.37
2024/11/08 07:57:00,597.00,715.59
2024/11/08 07:57:00,598.00,713.36
2024/11/08 07:57:00,599.00,711.02
2024/11/08 07:57:00,600.00,709.29
2024/11/08 07:57:00,601.00,707.87
2024/11/08 07:57:00,602.00,707.38
2024/11/08 07:57:00,603.00,709.09
2024/11/08 07:57:00,604.00,709.15
2024/11/08 07:57:00,605.00,708.93
2024/11/08 07:57:00,606.00,708.94
2024/11/08 07:57:00,607.00,708.49
2024/11/08 07:57:00,608.00,705.12
2024/11/08 07:57:00,609.00,703.28
2024/11/08 07:57:00,610.00,700.82
2024/11/08 07:57:00,611.00,698.55
2024/11/08 07:57:00,612.00,694.78
2024/11/08 07:57:00,613.00,691.53
2024/11/08 07:57:00,614.00,688.91
2024/11/08 07:57:00,615.00,686.35
2024/11/08 07:57:00,616.00,685.59
2024/11/08 07:57:00,617.00,687.61
2024/11/08 07:57:00,618.00,690.06
2024/11/08 07:57:00,619.00,691.52
2024/11/08 07:57:00,620.00,692.14
2024/11/08 07:57:00,621.00,690.49
2024/11/08 07:57:00,622.00,687.91
2024/11/08 07:57:00,623.00,685.36
2024/11/08 07:57:00,624.00,682.21
2024/11/08 07:57:00,625.00,681.16
2024/11/08 07:57:00,626.00,677.02
2024/11/08 07:57:00,627.00,672.49
2024/11/08 07:57:00,628.00,670.19
2024/11/08 07:57:00,629.00,668.06
2024/11/08 07:57:00,630.00,666.23
2024/11/08 07:57:00,631.00,669.28
2024/11/08 07:57:00,632.00,671.79
2024/11/08 07:57:00,633.00,672.74
2024/11/08 07:57:00,634.00,675.23
2024/11/08 07:57:00,635.00,677.70
2024/11/08 07:57:00,636.00,679.51
2024/11/08 07:57:00,637.00,679.76
2024/11/08 07:57:00,638.00,679.35
2024/11/08 07:57:00,639.00,681.24
2024/11/08 07:57:00,640.00,681.09
2024/11/08 07:57:00,641.00,679.39
2024/11/08 07:57:00,642.00,680.68
2024/11/08 07:57:00,643.00,681.42
2024/11/08 07:57:00,644.00,679.24
2024/11/08 07:57:00,645.00,677.57
2024/11/08 07:57:00,646.00,676.12
2024/11/08 07:57:00,647.00,673.68
2024/11/08 07:57:00,648.00,671.47
2024/11/08 07:57:00,649.00,671.06
2024/11/08 07:57:00,650.00,671.58
2024/11/08 07:57:00,651.00,670.93
2024/11/08 07:57:00,652.00,667.45
2024/11/08 07:57:00,653.00,661.78
2024/11/08 07:57:00,654.00,653.55
2024/11/08 07:57:00,655.00,646.33
2024/11/08 07:57:00,656.00,642.40
2024/11/08 07:57:00,657.00,642.89
2024/11/08 07:57:00,658.00,647.48
2024/11/08 07:57:00,659.00,653.31
2024/11/08 07:57:00,660.00,658.10
2024/11/08 07:57:00,661.00,662.23
2024/11/08 07:57:00,662.00,663.40
2024/11/08 07:57:00,663.00,664.15
2024/11/08 07:57:00,664.00,667.21
2024/11/08 07:57:00,665.00,669.08
2024/11/08 07:57:00,666.00,669.59
2024/11/08 07:57:00,667.00,672.54
2024/11/08 07:57:00,668.00,673.36
2024/11/08 07:57:00,669.00,672.29
2024/11/08 07:57:00,670.00,671.71
2024/11/08 07:57:00,671.00,670.52
2024/11/08 07:57:00,672.00,668.11
2024/11/08 07:57:00,673.00,668.14
2024/11/08 07:57:00,674.00,667.74
2024/11/08 07:57:00,675.00,667.89
2024/11/08 07:57:00,676.00,667.68
2024/11/08 07:57:00,677.00,667.34
2024/11/08 07:57:00,678.00,667.64
2024/11/08 07:57:00,679.00,666.78
2024/11/08 07:57:00,680.00,665.05
2024/11/08 07:57:00,681.00,664.02
2024/11/08 07:57:00,682.00,663.84
2024/11/08 07:57:00,683.00,656.07
2024/11/08 07:57:00,684.00,643.64
2024/11/08 07:57:00,685.00,626.78
2024/11/08 07:57:00,686.00,609.09
2024/11/08 07:57:00,687.00,591.56
2024/11/08 07:57:00,688.00,579.82
2024/11/08 07:57:00,689.00,577.40
2024/11/08 07:57:00,690.00,583.00
2024/11/08 07:57:00,691.00,589.48
2024/11/08 07:57:00,692.00,597.54
2024/11/08 07:57:00,693.00,606.26
2024/11/08 07:57:00,694.00,612.64
2024/11/08 07:57:00,695.00,617.13
2024/11/08 07:57:00,696.00,622.22
2024/11/08 07:57:00,697.00,624.99
2024/11/08 07:57:00,698.00,625.91
2024/11/08 07:57:00,699.00,625.41
2024/11/08 07:57:00,700.00,625.15
2024/11/08 07:57:00,701.00,624.83
2024/11/08 07:57:00,702.00,624.85
2024/11/08 07:57:00,703.00,626.02
2024/11/08 07:57:00,704.00,628.65
2024/11/08 07:57:00,705.00,628.87
2024/11/08 07:57:00,706.00,629.66
2024/11/08 07:57:00,707.00,631.72
2024/11/08 07:57:00,708.00,630.99
2024/11/08 07:57:00,709.00,630.25
2024/11/08 07:57:00,710.00,630.08
2024/11/08 07:57:00,711.00,627.96
2024/11/08 07:57:00,712.00,626.13
2024/11/08 07:57:00,713.00,624.25
2024/11/08 07:57:00,714.00,619.82
2024/11/08 07:57:00,715.00,612.14
2024/11/08 07:57:00,716.00,602.50
2024/11/08 07:57:00,717.00,592.35
2024/11/08 07:57:00,718.00,583.74
2024/11/08 07:57:00,719.00,576.52
2024/11/08 07:57:00,720.00,575.79
2024/11/08 07:57:00,721.00,575.43
2024/11/08 07:57:00,722.00,574.64
2024/11/08 07:57:00,723.00,573.39
2024/11/08 07:57:00,724.00,574.46
2024/11/08 07:57:00,725.00,572.76
2024/11/08 07:57:00,726.00,572.47
2024/11/08 07:57:00,727.00,573.07
2024/11/08 07:57:00,728.00,574.69
2024/11/08 07:57:00,729.00,575.39
2024/11/08 07:57:00,730.00,576.33
2024/11/08 07:57:00,731.00,580.56
2024/11/08 07:57:00,732.00,584.30
2024/11/08 07:57:00,733.00,585.22
2024/11/08 07:57:00,734.00,588.07
2024/11/08 07:57:00,735.00,589.74
2024/11/08 07:57:00,736.00,587.76
2024/11/08 07:57:00,737.00,586.57
2024/11/08 07:57:00,738.00,585.90
2024/11/08 07:57:00,739.00,584.47
2024/11/08 07:57:00,740.00,582.42
2024/11/08 07:57:00,741.00,582.35
2024/11/08 07:57:00,742.00,583.66
2024/11/08 07:57:00,743.00,584.61
2024/11/08 07:57:00,744.00,583.84
2024/11/08 07:57:00,745.00,584.50
2024/11/08 07:57:00,746.00,585.33
2024/11/08 07:57:00,747.00,582.90
2024/11/08 07:57:00,748.00,582.56
2024/11/08 07:57:00,749.00,581.31
2024/11/08 07:57:00,750.00,579.82
2024/11/08 07:57:00,751.00,579.39
2024/11/08 07:57:00,752.00,577.90
2024/11/08 07:57:00,753.00,578.00
2024/11/08 07:57:00,754.00,576.79
2024/11/08 07:57:00,755.00,573.30
2024/11/08 07:57:00,756.00,559.76
2024/11/08 07:57:00,757.00,529.23
2024/11/08 07:57:00,758.00,486.96
2024/11/08 07:57:00,759.00,445.01
2024/11/08 07:57:00,760.00,402.63
2024/11/08 07:57:00,761.00,365.80
2024/11/08 07:57:00,762.00,351.66
2024/11/08 07:57:00,763.00,351.56
2024/11/08 07:57:00,764.00,359.97
2024/11/08 07:57:00,765.00,376.12
2024/11/08 07:57:00,766.00,398.91
2024/11/08 07:57:00,767.00,425.57
2024/11/08 07:57:00,768.00,447.20
2024/11/08 07:57:00,769.00,465.37
2024/11/08 07:57:00,770.00,485.73
2024/11/08 07:57:00,771.00,502.26
2024/11/08 07:57:00,772.00,512.88
2024/11/08 07:57:00,773.00,524.94
2024/11/08 07:57:00,774.00,533.92
2024/11/08 07:57:00,775.00,537.85
2024/11/08 07:57:00,776.00,541.49
2024/11/08 07:57:00,777.00,544.33
2024/11/08 07:57:00,778.00,546.09
2024/11/08 07:57:00,779.00,546.41
2024/11/08 07:57:00,780.00,543.54
2024/11/08 07:57:00,781.00,544.87
2024/11/08 07:57:00,782.00,541.27
2024/11/08 07:57:00,783.00,539.07
2024/11/08 07:57:00,784.00,541.61
2024/11/08 07:57:00,785.00,541.11
2024/11/08 07:57:00,786.00,538.58
2024/11/08 07:57:00,787.00,540.14
2024/11/08 07:57:00,788.00,540.00
2024/11/08 07:57:00,789.00,536.80
2024/11/08 07:57:00,790.00,535.95
2024/11/08 07:57:00,791.00,532.00
2024/11/08 07:57:00,792.00,531.01
2024/11/08 07:57:00,793.00,528.19
2024/11/08 07:57:00,794.00,524.21
2024/11/08 07:57:00,795.00,527.92
2024/11/08 07:57:00,796.00,527.97
2024/11/08 07:57:00,797.00,524.38
2024/11/08 07:57:00,798.00,528.30
2024/11/08 07:57:00,799.00,527.30
2024/11/08 07:57:00,800.00,525.03
2024/11/08 07:57:00,801.00,526.49
2024/11/08 07:57:00,802.00,528.08
2024/11/08 07:57:00,803.00,524.66
2024/11/08 07:57:00,804.00,524.26
2024/11/08 07:57:00,805.00,521.68
2024/11/08 07:57:00,806.00,522.08
2024/11/08 07:57:00,807.00,518.02
2024/11/08 07:57:00,808.00,518.53
2024/11/08 07:57:00,809.00,522.13
2024/11/08 07:57:00,810.00,518.46
2024/11/08 07:57:00,811.00,516.90
2024/11/08 07:57:00,812.00,516.14
2024/11/08 07:57:00,813.00,509.85
2024/11/08 07:57:00,814.00,503.60
2024/11/08 07:57:00,815.00,497.99
2024/11/08 07:57:00,816.00,493.31
2024/11/08 07:57:00,817.00,489.39
2024/11/08 07:57:00,818.00,488.87
2024/11/08 07:57:00,819.00,491.28
2024/11/08 07:57:00,820.00,494.92
2024/11/08 07:57:00,821.00,492.35
2024/11/08 07:57:00,822.00,495.56
2024/11/08 07:57:00,823.00,499.01
2024/11/08 07:57:00,824.00,495.69
2024/11/08 07:57:00,825.00,497.07
2024/11/08 07:57:00,826.00,497.42
2024/11/08 07:57:00,827.00,495.65
2024/11/08 07:57:00,828.00,492.73
2024/11/08 07:57:00,829.00,489.81
2024/11/08 07:57:00,830.00,491.63
2024/11/08 07:57:00,831.00,489.37
2024/11/08 07:57:00,832.00,483.98
2024/11/08 07:57:00,833.00,484.52
2024/11/08 07:57:00,834.00,484.07
2024/11/08 07:57:00,835.00,482.26
2024/11/08 07:57:00,836.00,483.90
2024/11/08 07:57:00,837.00,484.76
2024/11/08 07:57:00,838.00,483.20
2024/11/08 07:57:00,839.00,483.49
2024/11/08 07:57:00,840.00,482.38
2024/11/08 07:57:00,841.00,480.54
2024/11/08 07:57:00,842.00,479.63
2024/11/08 07:57:00,843.00,476.29
2024/11/08 07:57:00,844.00,475.76
2024/11/08 07:57:00,845.00,472.09
2024/11/08 07:57:00,846.00,468.27
2024/11/08 07:57:00,847.00,467.58
2024/11/08 07:57:00,848.00,463.86
2024/11/08 07:57:00,849.00,461.25
2024/11/08 07:57:00,850.00,458.41
2024/11/08 07:57:00,851.00,453.95
2024/11/08 07:57:00,852.00,448.07
2024/11/08 07:57:00,853.00,445.54
2024/11/08 07:57:00,854.00,443.58
2024/11/08 07:57:00,855.00,444.78
2024/11/08 07:57:00,856.00,447.00
2024/11/08 07:57:00,857.00,450.02
2024/11/08 07:57:00,858.00,452.33
2024/11/08 07:57:00,859.00,452.63
2024/11/08 07:57:00,860.00,453.57
2024/11/08 07:57:00,861.00,454.59
2024/11/08 07:57:00,862.00,452.64
2024/11/08 07:57:00,863.00,448.87
2024/11/08 07:57:00,864.00,444.39
2024/11/08 07:57:00,865.00,442.04
2024/11/08 07:57:00,866.00,438.47
2024/11/08 07:57:00,867.00,437.65
2024/11/08 07:57:00,868.00,440.58
2024/11/08 07:57:00,869.00,442.22
2024/11/08 07:57:00,870.00,441.89
2024/11/08 07:57:00,871.00,443.46
2024/11/08 07:57:00,872.00,443.10
2024/11/08 07:57:00,873.00,441.42
2024/11/08 07:57:00,874.00,441.76
2024/11/08 07:57:00,875.00,441.90
2024/11/08 07:57:00,876.00,441.22
2024/11/08 07:57:00,877.00,440.65
2024/11/08 07:57:00,878.00,439.28
2024/11/08 07:57:00,879.00,438.89
2024/11/08 07:57:00,880.00,437.69
2024/11/08 07:57:00,881.00,437.77
2024/11/08 07:57:00,882.00,439.28
2024/11/08 07:57:00,883.00,438.05
2024/11/08 07:57:00,884.00,437.12
2024/11/08 07:57:00,885.00,436.37
2024/11/08 07:57:00,886.00,434.95
2024/11/08 07:57:00,887.00,434.39
2024/11/08 07:57:00,888.00,434.75
2024/11/08 07:57:00,889.00,434.12
2024/11/08 07:57:00,890.00,431.91
2024/11/08 07:57:00,891.00,428.59
2024/11/08 07:57:00,892.00,425.46
2024/11/08 07:57:00,893.00,420.04
2024/11/08 07:57:00,894.00,412.87
2024/11/08 07:57:00,895.00,406.23
2024/11/08 07:57:00,896.00,399.08
2024/11/08 07:57:00,897.00,390.31
2024/11/08 07:57:00,898.00,383.74
2024/11/08 07:57:00,899.00,379.04
2024/11/08 07:57:00,900.00,376.18
2024/11/08 07:57:00,901.00,375.59
2024/11/08 07:57:00,902.00,376.81
2024/11/08 07:57:00,903.00,379.95
2024/11/08 07:57:00,904.00,380.23
2024/11/08 07:57:00,905.00,378.45
2024/11/08 07:57:00,906.00,377.06
2024/11/08 07:57:00,907.00,373.32
2024/11/08 07:57:00,908.00,369.78
2024/11/08 07:57:00,909.00,369.18
2024/11/08 07:57:00,910.00,368.49
2024/11/08 07:57:00,911.00,366.69
2024/11/08 07:57:00,912.00,365.03
2024/11/08 07:57:00,913.00,363.23
2024/11/08 07:57:00,914.00,361.23
2024/11/08 07:57:00,915.00,359.90
2024/11/08 07:57:00,916.00,360.51
2024/11/08 07:57:00,917.00,363.18
2024/11/08 07:57:00,918.00,364.46
2024/11/08 07:57:00,919.00,366.37
2024/11/08 07:57:00,920.00,367.93
2024/11/08 07:57:00,921.00,367.99
2024/11/08 07:57:00,922.00,366.98
2024/11/08 07:57:00,923.00,365.69
2024/11/08 07:57:00,924.00,363.83
2024/11/08 07:57:00,925.00,361.99
2024/11/08 07:57:00,926.00,357.04
2024/11/08 07:57:00,927.00,350.60
2024/11/08 07:57:00,928.00,339.87
2024/11/08 07:57:00,929.00,323.83
2024/11/08 07:57:00,930.00,306.85
2024/11/08 07:57:00,931.00,287.15
2024/11/08 07:57:00,932.00,267.83
2024/11/08 07:57:00,933.00,253.36
2024/11/08 07:57:00,934.00,241.30
2024/11/08 07:57:00,935.00,233.82
2024/11/08 07:57:00,936.00,232.52
2024/11/08 07:57:00,937.00,235.08
2024/11/08 07:57:00,938.00,240.56
2024/11/08 07:57:00,939.00,246.17
2024/11/08 07:57:00,940.00,250.56
2024/11/08 07:57:00,941.00,251.97
2024/11/08 07:57:00,942.00,250.17
2024/11/08 07:57:00,943.00,248.80
2024/11/08 07:57:00,944.00,247.93
2024/11/08 07:57:00,945.00,246.92
2024/11/08 07:57:00,946.00,247.37
2024/11/08 07:57:00,947.00,247.72
2024/11/08 07:57:00,948.00,247.12
2024/11/08 07:57:00,949.00,249.09
2024/11/08 07:57:00,950.00,250.88
2024/11/08 07:57:00,951.00,253.48
2024/11/08 07:57:00,952.00,256.30
2024/11/08 07:57:00,953.00,257.74
2024/11/08 07:57:00,954.00,260.08
2024/11/08 07:57:00,955.00,262.41
2024/11/08 07:57:00,956.00,263.63
2024/11/08 07:57:00,957.00,267.80
2024/11/08 07:57:00,958.00,270.50
2024/11/08 07:57:00,959.00,272.61
2024/11/08 07:57:00,960.00,275.76
2024/11/08 07:57:00,961.00,278.40
2024/11/08 07:57:00,962.00,281.97
2024/11/08 07:57:00,963.00,286.55
2024/11/08 07:57:00,964.00,291.12
2024/11/08 07:57:00,965.00,296.72
2024/11/08 07:57:00,966.00,302.46
2024/11/08 07:57:00,967.00,309.84
2024/11/08 07:57:00,968.00,315.59
2024/11/08 07:57:00,969.00,320.07
2024/11/08 07:57:00,970.00,324.17
2024/11/08 07:57:00,971.00,325.50
2024/11/08 07:57:00,972.00,324.18
2024/11/08 07:57:00,973.00,324.30
2024/11/08 07:57:00,974.00,323.34
2024/11/08 07:57:00,975.00,322.47
2024/11/08 07:57:00,976.00,322.94
2024/11/08 07:57:00,977.00,324.11
2024/11/08 07:57:00,978.00,325.58
2024/11/08 07:57:00,979.00,327.74
2024/11/08 07:57:00,980.00,329.05
2024/11/08 07:57:00,981.00,332.77
2024/11/08 07:57:00,982.00,334.77
2024/11/08 07:57:00,983.00,336.98
2024/11/08 07:57:00,984.00,339.49
2024/11/08 07:57:00,985.00,339.90
2024/11/08 07:57:00,986.00,340.24
2024/11/08 07:57:00,987.00,341.38
2024/11/08 07:57:00,988.00,341.51
2024/11/08 07:57:00,989.00,342.66
2024/11/08 07:57:00,990.00,344.13
2024/11/08 07:57:00,991.00,344.23
2024/11/08 07:57:00,992.00,343.75
2024/11/08 07:57:00,993.00,342.56
2024/11/08 07:57:00,994.00,343.44
2024/11/08 07:57:00,995.00,342.62
2024/11/08 07:57:00,996.00,341.33
2024/11/08 07:57:00,997.00,342.57
2024/11/08 07:57:00,998.00,341.62
2024/11/08 07:57:00,999.00,339.88
2024/11/08 07:57:00,1000.00,339.68
2024/11/08 07:57:00,1001.00,337.80
2024/11/08 07:57:00,1002.00,334.52
2024/11/08 07:57:00,1003.00,332.72
2024/11/08 07:57:00,1004.00,331.32
2024/11/08 07:57:00,1005.00,329.72
2024/11/08 07:57:00,1006.00,330.02
2024/11/08 07:57:00,1007.00,330.93
2024/11/08 07:57:00,1008.00,331.03
2024/11/08 07:57:00,1009.00,330.05
2024/11/08 07:57:00,1010.00,331.11
2024/11/08 07:57:00,1011.00,331.23
2024/11/08 07:57:00,1012.00,330.63
2024/11/08 07:57:00,1013.00,330.39
2024/11/08 07:57:00,1014.00,331.12
2024/11/08 07:57:00,1015.00,330.12
2024/11/08 07:57:00,1016.00,329.10
2024/11/08 07:57:00,1017.00,327.53
2024/11/08 07:57:00,1018.00,327.10
2024/11/08 07:57:00,1019.00,324.74
2024/11/08 07:57:00,1020.00,323.32
2024/11/08 07:57:00,1021.00,323.27
2024/11/08 07:57:00,1022.00,322.00
2024/11/08 07:57:00,1023.00,322.56
2024/11/08 07:57:00,1024.00,323.32
2024/11/08 07:57:00,1025.00,321.53
2024/11/08 07:57:00,1026.00,321.93
2024/11/08 07:57:00,1027.00,320.94
2024/11/08 07:57:00,1028.00,318.79
2024/11/08 07:57:00,1029.00,319.00
2024/11/08 07:57:00,1030.00,317.84
2024/11/08 07:57:00,1031.00,318.39
2024/11/08 07:57:00,1032.00,317.53
2024/11/08 07:57:00,1033.00,316.35
2024/11/08 07:57:00,1034.00,317.52
2024/11/08 07:57:00,1035.00,315.49
2024/11/08 07:57:00,1036.00,314.19
2024/11/08 07:57:00,1037.00,313.70
2024/11/08 07:57:00,1038.00,310.91
2024/11/08 07:57:00,1039.00,310.44
2024/11/08 07:57:00,1040.00,311.02
2024/11/08 07:57:00,1041.00,309.93
2024/11/08 07:57:00,1042.00,309.99
2024/11/08 07:57:00,1043.00,309.03
2024/11/08 07:57:00,1044.00,308.82
2024/11/08 07:57:00,1045.00,307.47
2024/11/08 07:57:00,1046.00,306.32
2024/11/08 07:57:00,1047.00,308.19
2024/11/08 07:57:00,1048.00,306.67
2024/11/08 07:57:00,1049.00,303.40
2024/11/08 07:57:00,1050.00,305.58
2024/11/08 07:57:00,1051.00,306.08
2024/11/08 07:57:00,1052.00,302.94
2024/11/08 07:57:00,1053.00,302.97
2024/11/08 07:57:00,1054.00,302.02
2024/11/08 07:57:00,1055.00,300.23
2024/11/08 07:57:00,1056.00,300.81
2024/11/08 07:57:00,1057.00,302.31
2024/11/08 07:57:00,1058.00,301.30
2024/11/08 07:57:00,1059.00,298.64
2024/11/08 07:57:00,1060.00,301.39
2024/11/08 07:57:00,1061.00,300.20
2024/11/08 07:57:00,1062.00,295.91
2024/11/08 07:57:00,1063.00,295.90
2024/11/08 07:57:00,1064.00,292.88
2024/11/08 07:57:00,1065.00,288.66
2024/11/08 07:57:00,1066.00,290.10
2024/11/08 07:57:00,1067.00,290.89
2024/11/08 07:57:00,1068.00,292.31
2024/11/08 07:57:00,1069.00,292.79
2024/11/08 07:57:00,1070.00,291.02
2024/11/08 07:57:00,1071.00,289.86
2024/11/08 07:57:00,1072.00,286.84
2024/11/08 07:57:00,1073.00,287.45
2024/11/08 07:57:00,1074.00,290.36
2024/11/08 07:57:00,1075.00,286.07
2024/11/08 07:57:00,1076.00,289.89
2024/11/08 07:57:00,1077.00,291.29
2024/11/08 07:57:00,1078.00,285.83
2024/11/08 07:57:00,1079.00,286.54
2024/11/08 07:57:00,1080.00,284.64
2024/11/08 07:57:00,1081.00,282.24
2024/11/08 07:57:00,1082.00,281.39
2024/11/08 07:57:00,1083.00,281.50
2024/11/08 07:57:00,1084.00,288.03
2024/11/08 07:57:00,1085.00,286.56
2024/11/08 07:57:00,1086.00,289.45
2024/11/08 07:57:00,1087.00,292.79
2024/11/08 07:57:00,1088.00,285.89
2024/11/08 07:57:00,1089.00,288.50
2024/11/08 07:57:00,1090.00,287.51
2024/11/08 07:57:00,1091.00,282.39
2024/11/08 07:57:00,1092.00,285.33
2024/11/08 07:57:00,1093.00,277.39
2024/11/08 07:57:00,1094.00,276.74
2024/11/08 07:57:00,1095.00,274.10
2024/11/08 07:57:00,1096.00,268.97
2024/11/08 07:57:00,1097.00,276.42
2024/11/08 07:57:00,1098.00,273.32
2024/11/08 07:57:00,1099.00,270.75
2024/11/08 07:57:00,1100.00,280.01
2024/11/08 07:58:00,Wavelength(nm),Irradiance(W/m2/um)
2024/11/08 07:58:00,300.00,9.98
2024/11/08 07:58:00,301.00,11.06
2024/11/08 07:58:00,302.00,12.37
2024/11/08 07:58:00,303.00,14.20
2024/11/08 07:58:00,304.00,16.65
2024/11/08 07:58:00,305.00,18.89
2024/11/08 07:58:00,306.00,21.83
2024/11/08 07:58:00,307.00,25.60
2024/11/08 07:58:00,308.00,29.91
2024/11/08 07:58:00,309.00,34.78
2024/11/08 07:58:00,310.00,40.98
2024/11/08 07:58:00,311.00,47.56
2024/11/08 07:58:00,312.00,54.70
2024/11/08 07:58:00,313.00,62.30
2024/11/08 07:58:00,314.00,70.57
2024/11/08 07:58:00,315.00,79.17
2024/11/08 07:58:00,316.00,88.18
2024/11/08 07:58:00,317.00,97.46
2024/11/08 07:58:00,318.00,106.53
2024/11/08 07:58:00,319.00,114.53
2024/11/08 07:58:00,320.00,122.47
2024/11/08 07:58:00,321.00,131.14
2024/11/08 07:58:00,322.00,141.27
2024/11/08 07:58:00,323.00,153.04
2024/11/08 07:58:00,324.00,165.99
2024/11/08 07:58:00,325.00,179.73
2024/11/08 07:58:00,326.00,194.35
2024/11/08 07:58:00,327.00,207.57
2024/11/08 07:58:00,328.00,218.59
2024/11/08 07:58:00,329.00,228.08
2024/11/08 07:58:00,330.00,235.70
2024/11/08 07:58:00,331.00,240.60
2024/11/08 07:58:00,332.00,243.93
2024/11/08 07:58:00,333.00,244.99
2024/11/08 07:58:00,334.00,245.21
2024/11/08 07:58:00,335.00,245.81
2024/11/08 07:58:00,336.00,247.08
2024/11/08 07:58:00,337.00,249.52
2024/11/08 07:58:00,338.00,253.60
2024/11/08 07:58:00,339.00,258.82
2024/11/08 07:58:00,340.00,263.74
2024/11/08 07:58:00,341.00,266.37
2024/11/08 07:58:00,342.00,267.48
2024/11/08 07:58:00,343.00,268.36
2024/11/08 07:58:00,344.00,268.72
2024/11/08 07:58:00,345.00,268.23
2024/11/08 07:58:00,346.00,269.14
2024/11/08 07:58:00,347.00,272.07
2024/11/08 07:58:00,348.00,276.30
2024/11/08 07:58:00,349.00,279.93
2024/11/08 07:58:00,350.00,284.76
2024/11/08 07:58:00,351.00,291.72
2024/11/08 07:58:00,352.00,298.02
2024/11/08 07:58:00,353.00,301.40
2024/11/08 07:58:00,354.00,302.15
2024/11/08 07:58:00,355.00,298.24
2024/11/08 07:58:00,356.00,293.26
2024/11/08 07:58:00,357.00,288.77
2024/11/08 07:58:00,358.00,284.99
2024/11/08 07:58:00,359.00,285.12
2024/11/08 07:58:00,360.00,291.73
2024/11/08 07:58:00,361.00,298.79
2024/11/08 07:58:00,362.00,307.66
2024/11/08 07:58:00,363.00,320.98
2024/11/08 07:58:00,364.00,335.46
2024/11/08 07:58:00,365.00,346.98
2024/11/08 07:58:00,366.00,357.45
2024/11/08 07:58:00,367.00,364.73
2024/11/08 07:58:00,368.00,368.34
2024/11/08 07:58:00,369.00,367.66
2024/11/08 07:58:00,370.00,362.46
2024/11/08 07:58:00,371.00,353.18
2024/11/08 07:58:00,372.00,344.40
2024/11/08 07:58:00,373.00,338.35
2024/11/08 07:58:00,374.00,338.90
2024/11/08 07:58:00,375.00,347.93
2024/11/08 07:58:00,376.00,360.34
2024/11/08 07:58:00,377.00,372.30
2024/11/08 07:58:00,378.00,380.63
2024/11/08 07:58:00,379.00,378.15
2024/11/08 07:58:00,380.00,362.97
2024/11/08 07:58:00,381.00,345.25
2024/11/08 07:58:00,382.00,330.85
2024/11/08 07:58:00,383.00,319.76
2024/11/08 07:58:00,384.00,315.90
2024/11/08 07:58:00,385.00,321.49
2024/11/08 07:58:00,386.00,332.12
2024/11/08 07:58:00,387.00,345.51
2024/11/08 07:58:00,388.00,361.29
2024/11/08 07:58:00,389.00,374.59
2024/11/08 07:58:00,390.00,376.87
2024/11/08 07:58:00,391.00,371.39
2024/11/08 07:58:00,392.00,365.98
2024/11/08 07:58:00,393.00,357.31
2024/11/08 07:58:00,394.00,346.29
2024/11/08 07:58:00,395.00,351.72
2024/11/08 07:58:00,396.00,377.47
2024/11/08 07:58:00,397.00,408.76
2024/11/08 07:58:00,398.00,445.08
2024/11/08 07:58:00,399.00,489.43
2024/11/08 07:58:00,400.00,529.37
2024/11/08 07:58:00,401.00,555.13
2024/11/08 07:58:00,402.00,569.29
2024/11/08 07:58:00,403.00,572.80
2024/11/08 07:58:00,404.00,570.07
2024/11/08 07:58:00,405.00,567.77
2024/11/08 07:58:00,406.00,567.07
2024/11/08 07:58:00,407.00,567.37
2024/11/08 07:58:00,408.00,571.01
2024/11/08 07:58:00,409.00,578.73
2024/11/08 07:58:00,410.00,586.62
2024/11/08 07:58:00,411.00,594.32
2024/11/08 07:58:00,412.00,601.83
2024/11/08 07:58:00,413.00,610.11
2024/11/08 07:58:00,414.00,615.99
2024/11/08 07:58:00,415.00,617.82
2024/11/08 07:58:00,416.00,617.40
2024/11/08 07:58:00,417.00,617.07
2024/11/08 07:58:00,418.00,617.52
2024/11/08 07:58:00,419.00,618.37
2024/11/08 07:58:00,420.00,618.96
2024/11/08 07:58:00,421.00,620.78
2024/11/08 07:58:00,422.00,622.33
2024/11/08 07:58:00,423.00,621.87
2024/11/08 07:58:00,424.00,618.95
2024/11/08 07:58:00,425.00,616.59
2024/11/08 07:58:00,426.00,611.63
2024/11/08 07:58:00,427.00,599.19
2024/11/08 07:58:00,428.00,583.40
2024/11/08 07:58:00,429.00,574.30
2024/11/08 07:58:00,430.00,574.00
2024/11/08 07:58:00,431.00,580.25
2024/11/08 07:58:00,432.00,596.39
2024/11/08 07:58:00,433.00,621.36
2024/11/08 07:58:00,434.00,645.01
2024/11/08 07:58:00,435.00,656.92
2024/11/08 07:58:00,436.00,662.52
2024/11/08 07:58:00,437.00,667.46
2024/11/08 07:58:00,438.00,671.22
2024/11/08 07:58:00,439.00,675.25
2024/11/08 07:58:00,440.00,684.92
2024/11/08 07:58:00,441.00,700.06
2024/11/08 07:58:00,442.00,713.46
2024/11/08 07:58:00,443.00,723.09
2024/11/08 07:58:00,444.00,730.32
2024/11/08 07:58:00,445.00,736.95
2024/11/08 07:58:00,446.00,742.70
2024/11/08 07:58:00,447.00,753.32
2024/11/08 07:58:00,448.00,767.36
2024/11/08 07:58:00,449.00,779.27
2024/11/08 07:58:00,450.00,785.17
2024/11/08 07:58:00,451.00,787.57
2024/11/08 07:58:00,452.00,786.73
2024/11/08 07:58:00,453.00,783.53
2024/11/08 07:58:00,454.00,784.17
2024/11/08 07:58:00,455.00,788.52
2024/11/08 07:58:00,456.00,794.25
2024/11/08 07:58:00,457.00,798.97
2024/11/08 07:58:00,458.00,803.81
2024/11/08 07:58:00,459.00,808.33
2024/11/08 07:58:00,460.00,811.83
2024/11/08 07:58:00,461.00,814.59
2024/11/08 07:58:00,462.00,817.80
2024/11/08 07:58:00,463.00,816.99
2024/11/08 07:58:00,464.00,812.64
2024/11/08 07:58:00,465.00,808.22
2024/11/08 07:58:00,466.00,805.27
2024/11/08 07:58:00,467.00,801.72
2024/11/08 07:58:00,468.00,801.52
2024/11/08 07:58:00,469.00,802.61
2024/11/08 07:58:00,470.00,804.06
2024/11/08 07:58:00,471.00,806.74
2024/11/08 07:58:00,472.00,810.02
2024/11/08 07:58:00,473.00,812.41
2024/11/08 07:58:00,474.00,814.02
2024/11/08 07:58:00,475.00,815.00
2024/11/08 07:58:00,476.00,818.02
2024/11/08 07:58:00,477.00,821.39
2024/11/08 07:58:00,478.00,824.66
2024/11/08 07:58:00,479.00,828.93
2024/11/08 07:58:00,480.00,832.70
2024/11/08 07:58:00,481.00,831.35
2024/11/08 07:58:00,482.00,825.16
2024/11/08 07:58:00,483.00,811.89
2024/11/08 07:58:00,484.00,794.39
2024/11/08 07:58:00,485.00,778.87
2024/11/08 07:58:00,486.00,768.64
2024/11/08 07:58:00,487.00,766.24
2024/11/08 07:58:00,488.00,772.30
2024/11/08 07:58:00,489.00,781.67
2024/11/08 07:58:00,490.00,788.36
2024/11/08 07:58:00,491.00,795.09
2024/11/08 07:58:00,492.00,798.31
2024/11/08 07:58:00,493.00,800.32
2024/11/08 07:58:00,494.00,802.49
2024/11/08 07:58:00,495.00,806.21
2024/11/08 07:58:00,496.00,806.66
2024/11/08 07:58:00,497.00,802.25
2024/11/08 07:58:00,498.00,796.78
2024/11/08 07:58:00,499.00,790.45
2024/11/08 07:58:00,500.00,783.01
2024/11/08 07:58:00,501.00,777.83
2024/11/08 07:58:00,502.00,778.31
2024/11/08 07:58:00,503.00,780.32
2024/11/08 07:58:00,504.00,784.41
2024/11/08 07:58:00,505.00,788.61
2024/11/08 07:58:00,506.00,790.65
2024/11/08 07:58:00,507.00,791.07
2024/11/08 07:58:00,508.00,790.74
2024/11/08 07:58:00,509.00,789.72
2024/11/08 07:58:00,510.00,790.15
2024/11/08 07:58:00,511.00,788.18
2024/11/08 07:58:00,512.00,783.37
2024/11/08 07:58:00,513.00,776.98
2024/11/08 07:58:00,514.00,766.69
2024/11/08 07:58:00,515.00,750.94
2024/11/08 07:58:00,516.00,740.95
2024/11/08 07:58:00,517.00,734.66
2024/11/08 07:58:00,518.00,732.78
2024/11/08 07:58:00,519.00,736.12
2024/11/08 07:58:00,520.00,745.30
2024/11/08 07:58:00,521.00,754.29
2024/11/08 07:58:00,522.00,763.27
2024/11/08 07:58:00,523.00,765.74
2024/11/08 07:58:00,524.00,765.29
2024/11/08 07:58:00,525.00,764.84
2024/11/08 07:58:00,526.00,764.34
2024/11/08 07:58:00,527.00,765.17
2024/11/08 07:58:00,528.00,768.75
2024/11/08 07:58:00,529.00,774.48
2024/11/08 07:58:00,530.00,777.89
2024/11/08 07:58:00,531.00,779.56
2024/11/08 07:58:00,532.00,779.20
2024/11/08 07:58:00,533.00,778.52
2024/11/08 07:58:00,534.00,777.01
2024/11/08 07:58:00,535.00,778.22
2024/11/08 07:58:00,536.00,777.95
2024/11/08 07:58:00,537.00,773.81
2024/11/08 07:58:00,538.00,770.42
2024/11/08 07:58:00,539.00,767.27
2024/11/08 07:58:00,540.00,763.56
2024/11/08 07:58:00,541.00,761.36
2024/11/08 07:58:00,542.00,763.20
2024/11/08 07:58:00,543.00,764.37
2024/11/08 07:58:00,544.00,765.26
2024/11/08 07:58:00,545.00,765.78
2024/11/08 07:58:00,546.00,766.07
2024/11/08 07:58:00,547.00,766.96
2024/11/08 07:58:00,548.00,765.44
2024/11/08 07:58:00,549.00,766.12
2024/11/08 07:58:00,550.00,767.78
2024/11/08 07:58:00,551.00,766.99
2024/11/08 07:58:00,552.00,767.83
2024/11/08 07:58:00,553.00,768.87
2024/11/08 07:58:00,554.00,765.88
2024/11/08 07:58:00,555.00,761.31
2024/11/08 07:58:00,556.00,757.21
2024/11/08 07:58:00,557.00,750.87
2024/11/08 07:58:00,558.00,747.37
2024/11/08 07:58:00,559.00,745.47
2024/11/08 07:58:00,560.00,745.18
2024/11/08 07:58:00,561.00,746.47
2024/11/08 07:58:00,562.00,746.65
2024/11/08 07:58:00,563.00,744.65
2024/11/08 07:58:00,564.00,743.78
2024/11/08 07:58:00,565.00,743.41
2024/11/08 07:58:00,566.00,738.89
2024/11/08 07:58:00,567.00,736.07
2024/11/08 07:58:00,568.00,734.16
2024/11/08 07:58:00,569.00,732.38
2024/11/08 07:58:00,570.00,730.13
2024/11/08 07:58:00,571.00,730.56
2024/11/08 07:58:00,572.00,731.23
2024/11/08 07:58:00,573.00,730.89
2024/11/08 07:58:00,574.00,730.15
2024/11/08 07:58:00,575.00,729.91
2024/11/08 07:58:00,576.00,728.92
2024/11/08 07:58:00,577.00,727.16
2024/11/08 07:58:00,578.00,727.49
2024/11/08 07:58:00,579.00,727.71
2024/11/08 07:58:00,580.00,729.68
2024/11/08 07:58:00,581.00,732.09
2024/11/08 07:58:00,582.00,735.10
2024/11/08 07:58:00,583.00,737.49
2024/11/08 07:58:00,584.00,739.37
2024/11/08 07:58:00,585.00,737.04
2024/11/08 07:58:00,586.00,732.56
2024/11/08 07:58:00,587.00,726.31
2024/11/08 07:58:00,588.00,720.84
2024/11/08 07:58:00,589.00,717.43
2024/11/08 07:58:00,590.00,715.63
2024/11/08 07:58:00,591.00,715.55
2024/11/08 07:58:00,592.00,718.56
2024/11/08 07:58:00,593.00,720.38
2024/11/08 07:58:00,594.00,720.01
2024/11/08 07:58:00,595.00,719.71
2024/11/08 07:58:00,596.00,718.03
2024/11/08 07:58:00,597.00,716.63
2024/11/08 07:58:00,598.00,714.98
2024/11/08 07:58:00,599.00,711.12
2024/11/08 07:58:00,600.00,711.09
2024/11/08 07:58:00,601.00,712.34
2024/11/08 07:58:00,602.00,711.15
2024/11/08 07:58:00,603.00,711.66
2024/11/08 07:58:00,604.00,713.61
2024/11/08 07:58:00,605.00,711.86
2024/11/08 07:58:00,606.00,710.02
2024/11/08 07:58:00,607.00,709.80
2024/11/08 07:58:00,608.00,707.22
2024/11/08 07:58:00,609.00,704.81
2024/11/08 07:58:00,610.00,702.92
2024/11/08 07:58:00,611.00,701.30
2024/11/08 07:58:00,612.00,700.16
2024/11/08 07:58:00,613.00,696.93
2024/11/08 07:58:00,614.00,695.46
2024/11/08 07:58:00,615.00,694.73
2024/11/08 07:58:00,616.00,692.79
2024/11/08 07:58:00,617.00,691.94
2024/11/08 07:58:00,618.00,693.72
2024/11/08 07:58:00,619.00,694.21
2024/11/08 07:58:00,620.00,693.84
2024/11/08 07:58:00,621.00,693.07
2024/11/08 07:58:00,622.00,691.64
2024/11/08 07:58:00,623.00,690.12
2024/11/08 07:58:00,624.00,687.30
2024/11/08 07:58:00,625.00,684.26
2024/11/08 07:58:00,626.00,681.59
2024/11/08 07:58:00,627.00,678.04
2024/11/08 07:58:00,628.00,674.66
2024/11/08 07:58:00,629.00,672.62
2024/11/08 07:58:00,630.00,672.28
2024/11/08 07:58:00,631.00,672.61
2024/11/08 07:58:00,632.00,673.48
2024/11/08 07:58:00,633.00,675.49
2024/11/08 07:58:00,634.00,677.76
2024/11/08 07:58:00,635.00,679.69
2024/11/08 07:58:00,636.00,681.45
2024/11/08 07:58:00,637.00,683.04
2024/11/08 07:58:00,638.00,682.54
2024/11/08 07:58:00,639.00,682.58
2024/11/08 07:58:00,640.00,683.22
2024/11/08 07:58:00,641.00,682.39
2024/11/08 07:58:00,642.00,682.75
2024/11/08 07:58:00,643.00,684.15
2024/11/08 07:58:00,644.00,683.17
2024/11/08 07:58:00,645.00,681.35
2024/11/08 07:58:00,646.00,679.76
2024/11/08 07:58:00,647.00,678.12
2024/11/08 07:58:00,648.00,676.57
2024/11/08 07:58:00,649.00,675.47
2024/11/08 07:58:00,650.00,673.99
2024/11/08 07:58:00,651.00,674.33
2024/11/08 07:58:00,652.00,670.67
2024/11/08 07:58:00,653.00,663.60
2024/11/08 07:58:00,654.00,656.03
2024/11/08 07:58:00,655.00,650.85
2024/11/08 07:58:00,656.00,646.18
2024/11/08 07:58:00,657.00,646.74
2024/11/08 07:58:00,658.00,651.50
2024/11/08 07:58:00,659.00,656.51
2024/11/08 07:58:00,660.00,661.09
2024/11/08 07:58:00,661.00,664.43
2024/11/08 07:58:00,662.00,666.78
2024/11/08 07:58:00,663.00,668.57
2024/11/08 07:58:00,664.00,670.59
2024/11/08 07:58:00,665.00,672.10
2024/11/08 07:58:00,666.00,674.37
2024/11/08 07:58:00,667.00,675.39
2024/11/08 07:58:00,668.00,674.05
2024/11/08 07:58:00,669.00,674.59
2024/11/08 07:58:00,670.00,673.77
2024/11/08 07:58:00,671.00,672.98
2024/11/08 07:58:00,672.00,672.37
2024/11/08 07:58:00,673.00,673.26
2024/11/08 07:58:00,674.00,672.41
2024/11/08 07:58:00,675.00,671.77
2024/11/08 07:58:00,676.00,671.98
2024/11/08 07:58:00,677.00,671.58
2024/11/08 07:58:00,678.00,670.37
2024/11/08 07:58:00,679.00,669.46
2024/11/08 07:58:00,680.00,668.20
2024/11/08 07:58:00,681.00,666.25
2024/11/08 07:58:00,682.00,663.69
2024/11/08 07:58:00,683.00,656.82
2024/11/08 07:58:00,684.00,643.88
2024/11/08 07:58:00,685.00,627.27
2024/11/08 07:58:00,686.00,609.37
2024/11/08 07:58:00,687.00,593.74
2024/11/08 07:58:00,688.00,583.03
2024/11/08 07:58:00,689.00,580.66
2024/11/08 07:58:00,690.00,585.44
2024/11/08 07:58:00,691.00,592.64
2024/11/08 07:58:00,692.00,599.30
2024/11/08 07:58:00,693.00,607.53
2024/11/08 07:58:00,694.00,613.92
2024/11/08 07:58:00,695.00,618.87
2024/11/08 07:58:00,696.00,622.82
2024/11/08 07:58:00,697.00,626.66
2024/11/08 07:58:00,698.00,629.90
2024/11/08 07:58:00,699.00,630.51
2024/11/08 07:58:00,700.00,630.21
2024/11/08 07:58:00,701.00,631.91
2024/11/08 07:58:00,702.00,632.16
2024/11/08 07:58:00,703.00,631.76
2024/11/08 07:58:00,704.00,631.09
2024/11/08 07:58:00,705.00,632.22
2024/11/08 07:58:00,706.00,629.92
2024/11/08 07:58:00,707.00,629.20
2024/11/08 07:58:00,708.00,628.50
2024/11/08 07:58:00,709.00,630.19
2024/11/08 07:58:00,710.00,628.73
2024/11/08 07:58:00,711.00,629.24
2024/11/08 07:58:00,712.00,629.22
2024/11/08 07:58:00,713.00,627.93
2024/11/08 07:58:00,714.00,623.31
2024/11/08 07:58:00,715.00,615.56
2024/11/08 07:58:00,716.00,606.40
2024/11/08 07:58:00,717.00,595.56
2024/11/08 07:58:00,718.00,584.78
2024/11/08 07:58:00,719.00,578.80
2024/11/08 07:58:00,720.00,575.91
2024/11/08 07:58:00,721.00,574.30
2024/11/08 07:58:00,722.00,574.50
2024/11/08 07:58:00,723.00,576.41
2024/11/08 07:58:00,724.00,574.95
2024/11/08 07:58:00,725.00,575.61
2024/11/08 07:58:00,726.00,576.61
2024/11/08 07:58:00,727.00,577.35
2024/11/08 07:58:00,728.00,576.30
2024/11/08 07:58:00,729.00,577.46
2024/11/08 07:58:00,730.00,579.07
2024/11/08 07:58:00,731.00,580.24
2024/11/08 07:58:00,732.00,581.77
2024/11/08 07:58:00,733.00,585.20
2024/11/08 07:58:00,734.00,588.03
2024/11/08 07:58:00,735.00,588.42
2024/11/08 07:58:00,736.00,588.80
2024/11/08 07:58:00,737.00,589.49
2024/11/08 07:58:00,738.00,588.42
2024/11/08 07:58:00,739.00,587.35
2024/11/08 07:58:00,740.00,588.36
2024/11/08 07:58:00,741.00,588.92
2024/11/08 07:58:00,742.00,588.28
2024/11/08 07:58:00,743.00,586.92
2024/11/08 07:58:00,744.00,587.27
2024/11/08 07:58:00,745.00,584.56
2024/11/08 07:58:00,746.00,584.04
2024/11/08 07:58:00,747.00,584.23
2024/11/08 07:58:00,748.00,585.47
2024/11/08 07:58:00,749.00,582.24
2024/11/08 07:58:00,750.00,583.16
2024/11/08 07:58:00,751.00,581.41
2024/11/08 07:58:00,752.00,579.11
2024/11/08 07:58:00,753.00,576.37
2024/11/08 07:58:00,754.00,575.94
2024/11/08 07:58:00,755.00,572.56
2024/11/08 07:58:00,756.00,557.80
2024/11/08 07:58:00,757.00,528.41
2024/11/08 07:58:00,758.00,490.75
2024/11/08 07:58:00,759.00,448.55
2024/11/08 07:58:00,760.00,404.28
2024/11/08 07:58:00,761.00,371.52
2024/11/08 07:58:00,762.00,356.79
2024/11/08 07:58:00,763.00,352.68
2024/11/08 07:58:00,764.00,360.37
2024/11/08 07:58:00,765.00,377.69
2024/11/08 07:58:00,766.00,399.43
2024/11/08 07:58:00,767.00,424.73
2024/11/08 07:58:00,768.00,449.16
2024/11/08 07:58:00,769.00,470.66
2024/11/08 07:58:00,770.00,489.44
2024/11/08 07:58:00,771.00,504.20
2024/11/08 07:58:00,772.00,517.07
2024/11/08 07:58:00,773.00,527.76
2024/11/08 07:58:00,774.00,532.65
2024/11/08 07:58:00,775.00,538.79
2024/11/08 07:58:00,776.00,544.52
2024/11/08 07:58:00,777.00,543.35
2024/11/08 07:58:00,778.00,542.84
2024/11/08 07:58:00,779.00,544.58
2024/11/08 07:58:00,780.00,541.39
2024/11/08 07:58:00,781.00,539.45
2024/11/08 07:58:00,782.00,540.18
2024/11/08 07:58:00,783.00,542.82
2024/11/08 07:58:00,784.00,542.58
2024/11/08 07:58:00,785.00,540.82
2024/11/08 07:58:00,786.00,541.73
2024/11/08 07:58:00,787.00,541.91
2024/11/08 07:58:00,788.00,536.59
2024/11/08 07:58:00,789.00,536.53
2024/11/08 07:58:00,790.00,536.39
2024/11/08 07:58:00,791.00,529.77
2024/11/08 07:58:00,792.00,527.39
2024/11/08 07:58:00,793.00,528.72
2024/11/08 07:58:00,794.00,528.22
2024/11/08 07:58:00,795.00,527.96
2024/11/08 07:58:00,796.00,529.49
2024/11/08 07:58:00,797.00,529.99
2024/11/08 07:58:00,798.00,528.48
2024/11/08 07:58:00,799.00,524.91
2024/11/08 07:58:00,800.00,525.92
2024/11/08 07:58:00,801.00,527.01
2024/11/08 07:58:00,802.00,523.49
2024/11/08 07:58:00,803.00,524.60
2024/11/08 07:58:00,804.00,525.98
2024/11/08 07:58:00,805.00,523.59
2024/11/08 07:58:00,806.00,523.98
2024/11/08 07:58:00,807.00,526.43
2024/11/08 07:58:00,808.00,525.86
2024/11/08 07:58:00,809.00,524.31
2024/11/08 07:58:00,810.00,522.38
2024/11/08 07:58:00,811.00,520.74
2024/11/08 07:58:00,812.00,515.92
2024/11/08 07:58:00,813.00,509.77
2024/11/08 07:58:00,814.00,505.51
2024/11/08 07:58:00,815.00,497.78
2024/11/08 07:58:00,816.00,489.70
2024/11/08 07:58:00,817.00,486.98
2024/11/08 07:58:00,818.00,488.78
2024/11/08 07:58:00,819.00,485.12
2024/11/08 07:58:00,820.00,487.06
2024/11/08 07:58:00,821.00,490.45
2024/11/08 07:58:00,822.00,494.87
2024/11/08 07:58:00,823.00,493.63
2024/11/08 07:58:00,824.00,500.29
2024/11/08 07:58:00,825.00,503.33
2024/11/08 07:58:00,826.00,500.07
2024/11/08 07:58:00,827.00,498.04
2024/11/08 07:58:00,828.00,498.76
2024/11/08 07:58:00,829.00,492.81
2024/11/08 07:58:00,830.00,490.38
2024/11/08 07:58:00,831.00,491.04
2024/11/08 07:58:00,832.00,488.17
2024/11/08 07:58:00,833.00,485.62
2024/11/08 07:58:00,834.00,484.90
2024/11/08 07:58:00,835.00,484.82
2024/11/08 07:58:00,836.00,484.81
2024/11/08 07:58:00,837.00,482.84
2024/11/08 07:58:00,838.00,484.80
2024/11/08 07:58:00,839.00,487.38
2024/11/08 07:58:00,840.00,485.79
2024/11/08 07:58:00,841.00,484.87
2024/11/08 07:58:00,842.00,486.61
2024/11/08 07:58:00,843.00,482.56
2024/11/08 07:58:00,844.00,479.00
2024/11/08 07:58:00,845.00,477.53
2024/11/08 07:58:00,846.00,473.65
2024/11/08 07:58:00,847.00,469.46
2024/11/08 07:58:00,848.00,465.92
2024/11/08 07:58:00,849.00,463.92
2024/11/08 07:58:00,850.00,459.22
2024/11/08 07:58:00,851.00,453.81
2024/11/08 07:58:00,852.00,449.98
2024/11/08 07:58:00,853.00,448.40
2024/11/08 07:58:00,854.00,445.07
2024/11/08 07:58:00,855.00,446.11
2024/11/08 07:58:00,856.00,450.03
2024/11/08 07:58:00,857.00,452.23
2024/11/08 07:58:00,858.00,452.83
2024/11/08 07:58:00,859.00,455.52
2024/11/08 07:58:00,860.00,456.55
2024/11/08 07:58:00,861.00,455.20
2024/11/08 07:58:00,862.00,455.41
2024/11/08 07:58:00,863.00,453.58
2024/11/08 07:58:00,864.00,448.84
2024/11/08 07:58:00,865.00,445.66
2024/11/08 07:58:00,866.00,444.48
2024/11/08 07:58:00,867.00,442.74
2024/11/08 07:58:00,868.00,443.42
2024/11/08 07:58:00,869.00,445.03
2024/11/08 07:58:00,870.00,445.48
2024/11/08 07:58:00,871.00,444.59
2024/11/08 07:58:00,872.00,443.73
2024/11/08 07:58:00,873.00,443.34
2024/11/08 07:58:00,874.00,442.61
2024/11/08 07:58:00,875.00,442.04
2024/11/08 07:58:00,876.00,442.18
2024/11/08 07:58:00,877.00,443.45
2024/11/08 07:58:00,878.00,442.52
2024/11/08 07:58:00,879.00,441.00
2024/11/08 07:58:00,880.00,440.82
2024/11/08 07:58:00,881.00,439.83
2024/11/08 07:58:00,882.00,438.21
2024/11/08 07:58:00,883.00,437.61
2024/11/08 07:58:00,884.00,436.92
2024/11/08 07:58:00,885.00,436.36
2024/11/08 07:58:00,886.00,436.10
2024/11/08 07:58:00,887.00,436.60
2024/11/08 07:58:00,888.00,435.62
2024/11/08 07:58:00,889.00,435.02
2024/11/08 07:58:00,890.00,433.88
2024/11/08 07:58:00,891.00,432.12
2024/11/08 07:58:00,892.00,428.41
2024/11/08 07:58:00,893.00,423.20
2024/11/08 07:58:00,894.00,417.15
2024/11/08 07:58:00,895.00,409.56
2024/11/08 07:58:00,896.00,400.86
2024/11/08 07:58:00,897.00,393.66
2024/11/08 07:58:00,898.00,385.95
2024/11/08 07:58:00,899.00,380.07
2024/11/08 07:58:00,900.00,376.20
2024/11/08 07:58:00,901.00,375.93
2024/11/08 07:58:00,902.00,377.35
2024/11/08 07:58:00,903.00,379.91
2024/11/08 07:58:00,904.00,381.69
2024/11/08 07:58:00,905.00,380.99
2024/11/08 07:58:00,906.00,377.82
2024/11/08 07:58:00,907.00,374.76
2024/11/08 07:58:00,908.00,372.05
2024/11/08 07:58:00,909.00,369.81
2024/11/08 07:58:00,910.00,368.14
2024/11/08 07:58:00,911.00,367.53
2024/11/08 07:58:00,912.00,365.16
2024/11/08 07:58:00,913.00,362.80
2024/11/08 07:58:00,914.00,361.23
2024/11/08 07:58:00,915.00,361.42
2024/11/08 07:58:00,916.00,361.73
2024/11/08 07:58:00,917.00,363.33
2024/11/08 07:58:00,918.00,366.19
2024/11/08 07:58:00,919.00,367.56
2024/11/08 07:58:00,920.00,368.14
2024/11/08 07:58:00,921.00,368.34
2024/11/08 07:58:00,922.00,367.05
2024/11/08 07:58:00,923.00,366.23
2024/11/08 07:58:00,924.00,365.14
2024/11/08 07:58:00,925.00,362.24
2024/11/08 07:58:00,926.00,358.31
2024/11/08 07:58:00,927.00,350.26
2024/11/08 07:58:00,928.00,339.02
2024/11/08 07:58:00,929.00,324.33
2024/11/08 07:58:00,930.00,307.20
2024/11/08 07:58:00,931.00,289.67
2024/11/08 07:58:00,932.00,272.86
2024/11/08 07:58:00,933.00,257.03
2024/11/08 07:58:00,934.00,245.07
2024/11/08 07:58:00,935.00,237.40
2024/11/08 07:58:00,936.00,234.15
2024/11/08 07:58:00,937.00,236.91
2024/11/08 07:58:00,938.00,241.67
2024/11/08 07:58:00,939.00,246.44
2024/11/08 07:58:00,940.00,250.82
2024/11/08 07:58:00,941.00,251.13
2024/11/08 07:58:00,942.00,250.71
2024/11/08 07:58:00,943.00,249.88
2024/11/08 07:58:00,944.00,248.32
2024/11/08 07:58:00,945.00,248.43
2024/11/08 07:58:00,946.00,249.20
2024/11/08 07:58:00,947.00,249.55
2024/11/08 07:58:00,948.00,250.28
2024/11/08 07:58:00,949.00,252.01
2024/11/08 07:58:00,950.00,253.57
2024/11/08 07:58:00,951.00,254.53
2024/11/08 07:58:00,952.00,255.43
2024/11/08 07:58:00,953.00,256.78
2024/11/08 07:58:00,954.00,257.83
2024/11/08 07:58:00,955.00,261.25
2024/11/08 07:58:00,956.00,263.67
2024/11/08 07:58:00,957.00,266.34
2024/11/08 07:58:00,958.00,271.12
2024/11/08 07:58:00,959.00,274.30
2024/11/08 07:58:00,960.00,276.94
2024/11/08 07:58:00,961.00,281.29
2024/11/08 07:58:00,962.00,283.67
2024/11/08 07:58:00,963.00,286.90
2024/11/08 07:58:00,964.00,290.93
2024/11/08 07:58:00,965.00,295.99
2024/11/08 07:58:00,966.00,303.40
2024/11/08 07:58:00,967.00,310.13
2024/11/08 07:58:00,968.00,316.68
2024/11/08 07:58:00,969.00,322.24
2024/11/08 07:58:00,970.00,325.14
2024/11/08 07:58:00,971.00,325.91
2024/11/08 07:58:00,972.00,325.97
2024/11/08 07:58:00,973.00,325.50
2024/11/08 07:58:00,974.00,324.48
2024/11/08 07:58:00,975.00,323.13
2024/11/08 07:58:00,976.00,323.80
2024/11/08 07:58:00,977.00,324.85
2024/11/08 07:58:00,978.00,325.36
2024/11/08 07:58:00,979.00,328.55
2024/11/08 07:58:00,980.00,331.45
2024/11/08 07:58:00,981.00,333.48
2024/11/08 07:58:00,982.00,336.73
2024/11/08 07:58:00,983.00,338.35
2024/11/08 07:58:00,984.00,339.83
2024/11/08 07:58:00,985.00,340.95
2024/11/08 07:58:00,986.00,341.87
2024/11/08 07:58:00,987.00,343.54
2024/11/08 07:58:00,988.00,343.68
2024/11/08 07:58:00,989.00,343.51
2024/11/08 07:58:00,990.00,344.17
2024/11/08 07:58:00,991.00,343.04
2024/11/08 07:58:00,992.00,343.52
2024/11/08 07:58:00,993.00,342.93
2024/11/08 07:58:00,994.00,342.05
2024/11/08 07:58:00,995.00,342.66
2024/11/08 07:58:00,996.00,342.07
2024/11/08 07:58:00,997.00,341.18
2024/11/08 07:58:00,998.00,341.58
2024/11/08 07:58:00,999.00,339.78
2024/11/08 07:58:00,1000.00,338.79
2024/11/08 07:58:00,1001.00,338.65
2024/11/08 07:58:00,1002.00,336.18
2024/11/08 07:58:00,1003.00,335.28
2024/11/08 07:58:00,1004.00,333.43
2024/11/08 07:58:00,1005.00,332.52
2024/11/08 07:58:00,1006.00,332.10
2024/11/08 07:58:00,1007.00,331.79
2024/11/08 07:58:00,1008.00,331.69
2024/11/08 07:58:00,1009.00,330.64
2024/11/08 07:58:00,1010.00,330.52
2024/11/08 07:58:00,1011.00,331.24
2024/11/08 07:58:00,1012.00,329.73
2024/11/08 07:58:00,1013.00,329.48
2024/11/08 07:58:00,1014.00,329.93
2024/11/08 07:58:00,1015.00,328.70
2024/11/08 07:58:00,1016.00,328.33
2024/11/08 07:58:00,1017.00,327.05
2024/11/08 07:58:00,1018.00,326.85
2024/11/08 07:58:00,1019.00,327.19
2024/11/08 07:58:00,1020.00,324.39
2024/11/08 07:58:00,1021.00,325.42
2024/11/08 07:58:00,1022.00,326.26
2024/11/08 07:58:00,1023.00,324.19
2024/11/08 07:58:00,1024.00,324.33
2024/11/08 07:58:00,1025.00,323.21
2024/11/08 07:58:00,1026.00,320.32
2024/11/08 07:58:00,1027.00,320.48
2024/11/08 07:58:00,1028.00,319.59
2024/11/08 07:58:00,1029.00,318.75
2024/11/08 07:58:00,1030.00,318.31
2024/11/08 07:58:00,1031.00,317.41
2024/11/08 07:58:00,1032.00,317.17
2024/11/08 07:58:00,1033.00,315.24
2024/11/08 07:58:00,1034.00,315.76
2024/11/08 07:58:00,1035.00,315.78
2024/11/08 07:58:00,1036.00,313.46
2024/11/08 07:58:00,1037.00,314.74
2024/11/08 07:58:00,1038.00,315.19
2024/11/08 07:58:00,1039.00,313.59
2024/11/08 07:58:00,1040.00,314.18
2024/11/08 07:58:00,1041.00,312.74
2024/11/08 07:58:00,1042.00,312.38
2024/11/08 07:58:00,1043.00,310.91
2024/11/08 07:58:00,1044.00,310.22
2024/11/08 07:58:00,1045.00,310.60
2024/11/08 07:58:00,1046.00,308.54
2024/11/08 07:58:00,1047.00,308.04
2024/11/08 07:58:00,1048.00,309.78
2024/11/08 07:58:00,1049.00,305.95
2024/11/08 07:58:00,1050.00,305.48
2024/11/08 07:58:00,1051.00,307.41
2024/11/08 07:58:00,1052.00,304.69
2024/11/08 07:58:00,1053.00,303.77
2024/11/08 07:58:00,1054.00,303.38
2024/11/08 07:58:00,1055.00,303.58
2024/11/08 07:58:00,1056.00,303.99
2024/11/08 07:58:00,1057.00,301.63
2024/11/08 07:58:00,1058.00,301.30
2024/11/08 07:58:00,1059.00,297.36
2024/11/08 07:58:00,1060.00,294.64
2024/11/08 07:58:00,1061.00,296.81
2024/11/08 07:58:00,1062.00,292.88
2024/11/08 07:58:00,1063.00,292.77
2024/11/08 07:58:00,1064.00,296.80
2024/11/08 07:58:00,1065.00,295.75
2024/11/08 07:58:00,1066.00,297.24
2024/11/08 07:58:00,1067.00,297.49
2024/11/08 07:58:00,1068.00,295.30
2024/11/08 07:58:00,1069.00,292.79
2024/11/08 07:58:00,1070.00,287.15
2024/11/08 07:58:00,1071.00,288.39
2024/11/08 07:58:00,1072.00,286.84
2024/11/08 07:58:00,1073.00,286.50
2024/11/08 07:58:00,1074.00,291.09
2024/11/08 07:58:00,1075.00,290.01
2024/11/08 07:58:00,1076.00,292.81
2024/11/08 07:58:00,1077.00,293.78
2024/11/08 07:58:00,1078.00,291.79
2024/11/08 07:58:00,1079.00,291.80
2024/11/08 07:58:00,1080.00,285.12
2024/11/08 07:58:00,1081.00,282.76
2024/11/08 07:58:00,1082.00,281.80
2024/11/08 07:58:00,1083.00,275.73
2024/11/08 07:58:00,1084.00,279.39
2024/11/08 07:58:00,1085.00,280.76
2024/11/08 07:58:00,1086.00,276.55
2024/11/08 07:58:00,1087.00,281.14
2024/11/08 07:58:00,1088.00,279.52
2024/11/08 07:58:00,1089.00,281.27
2024/11/08 07:58:00,1090.00,281.67
2024/11/08 07:58:00,1091.00,280.18
2024/11/08 07:58:00,1092.00,283.11
2024/11/08 07:58:00,1093.00,279.12
2024/11/08 07:58:00,1094.00,276.48
2024/11/08 07:58:00,1095.00,280.33
2024/11/08 07:58:00,1096.00,271.21
2024/11/08 07:58:00,1097.00,270.52
2024/11/08 07:58:00,1098.00,270.26
2024/11/08 07:58:00,1099.00,263.80
2024/11/08 07:58:00,1100.00,265.48
2024/11/08 07:59:00,Wavelength(nm),Irradiance(W/m2/um)
2024/11/08 07:59:00,300.00,10.07
2024/11/08 07:59:00,301.00,11.66
2024/11/08 07:59:00,302.00,12.89
2024/11/08 07:59:00,303.00,14.44
2024/11/08 07:59:00,304.00,16.68
2024/11/08 07:59:00,305.00,19.15
2024/11/08 07:59:00,306.00,21.95
2024/11/08 07:59:00,307.00,25.75
2024/11/08 07:59:00,308.00,30.09
2024/11/08 07:59:00,309.00,35.50
2024/11/08 07:59:00,310.00,41.83
2024/11/08 07:59:00,311.00,48.38
2024/11/08 07:59:00,312.00,55.79
2024/11/08 07:59:00,313.00,63.51
2024/11/08 07:59:00,314.00,71.83
2024/11/08 07:59:00,315.00,80.04
2024/11/08 07:59:00,316.00,89.15
2024/11/08 07:59:00,317.00,98.52
2024/11/08 07:59:00,318.00,107.12
2024/11/08 07:59:00,319.00,114.73
2024/11/08 07:59:00,320.00,122.88
2024/11/08 07:59:00,321.00,131.50
2024/11/08 07:59:00,322.00,141.52
2024/11/08 07:59:00,323.00,153.84
2024/11/08 07:59:00,324.00,167.55
2024/11/08 07:59:00,325.00,181.49
2024/11/08 07:59:00,326.00,196.04
2024/11/08 07:59:00,327.00,209.35
2024/11/08 07:59:00,328.00,220.54
2024/11/08 07:59:00,329.00,229.51
2024/11/08 07:59:00,330.00,236.90
2024/11/08 07:59:00,331.00,242.11
2024/11/08 07:59:00,332.00,245.36
2024/11/08 07:59:00,333.00,245.94
2024/11/08 07:59:00,334.00,246.42
2024/11/08 07:59:00,335.00,247.30
2024/11/08 07:59:00,336.00,248.72
2024/11/08 07:59:00,337.00,251.16
2024/11/08 07:59:00,338.00,255.67
2024/11/08 07:59:00,339.00,260.90
2024/11/08 07:59:00,340.00,265.42
2024/11/08 07:59:00,341.00,267.85
2024/11/08 07:59:00,342.00,268.91
2024/11/08 07:59:00,343.00,270.01
2024/11/08 07:59:00,344.00,270.04
2024/11/08 07:59:00,345.00,269.68
2024/11/08 07:59:00,346.00,270.72
2024/11/08 07:59:00,347.00,273.53
2024/11/08 07:59:00,348.00,277.36
2024/11/08 07:59:00,349.00,281.04
2024/11/08 07:59:00,350.00,285.65
2024/11/08 07:59:00,351.00,292.70
2024/11/08 07:59:00,352.00,298.98
2024/11/08 07:59:00,353.00,302.64
2024/11/08 07:59:00,354.00,303.26
2024/11/08 07:59:00,355.00,299.83
2024/11/08 07:59:00,356.00,294.69
2024/11/08 07:59:00,357.00,290.49
2024/11/08 07:59:00,358.00,286.63
2024/11/08 07:59:00,359.00,286.99
2024/11/08 07:59:00,360.00,293.26
2024/11/08 07:59:00,361.00,300.21
2024/11/08 07:59:00,362.00,308.84
2024/11/08 07:59:00,363.00,322.52
2024/11/08 07:59:00,364.00,336.89
2024/11/08 07:59:00,365.00,348.51
2024/11/08 07:59:00,366.00,358.73
2024/11/08 07:59:00,367.00,366.25
2024/11/08 07:59:00,368.00,369.89
2024/11/08 07:59:00,369.00,369.16
2024/11/08 07:59:00,370.00,364.13
2024/11/08 07:59:00,371.00,355.24
2024/11/08 07:59:00,372.00,346.48
2024/11/08 07:59:00,373.00,340.04
2024/11/08 07:59:00,374.00,340.41
2024/11/08 07:59:00,375.00,349.54
2024/11/08 07:59:00,376.00,362.28
2024/11/08 07:59:00,377.00,374.35
2024/11/08 07:59:00,378.00,382.52
2024/11/08 07:59:00,379.00,380.35
2024/11/08 07:59:00,380.00,364.87
2024/11/08 07:59:00,381.00,347.07
2024/11/08 07:59:00,382.00,332.47
2024/11/08 07:59:00,383.00,321.70
2024/11/08 07:59:00,384.00,317.62
2024/11/08 07:59:00,385.00,323.35
2024/11/08 07:59:00,386.00,334.03
2024/11/08 07:59:00,387.00,347.48
2024/11/08 07:59:00,388.00,363.26
2024/11/08 07:59:00,389.00,376.06
2024/11/08 07:59:00,390.00,378.35
2024/11/08 07:59:00,391.00,372.33
2024/11/08 07:59:00,392.00,367.03
2024/11/08 07:59:00,393.00,357.92
2024/11/08 07:59:00,394.00,347.27
2024/11/08 07:59:00,395.00,352.85
2024/11/08 07:59:00,396.00,379.40
2024/11/08 07:59:00,397.00,410.90
2024/11/08 07:59:00,398.00,447.81
2024/11/08 07:59:00,399.00,492.19
2024/11/08 07:59:00,400.00,532.14
2024/11/08 07:59:00,401.00,557.71
2024/11/08 07:59:00,402.00,571.24
2024/11/08 07:59:00,403.00,574.78
2024/11/08 07:59:00,404.00,572.63
2024/11/08 07:59:00,405.00,570.47
2024/11/08 07:59:00,406.00,570.20
2024/11/08 07:59:00,407.00,570.63
2024/11/08 07:59:00,408.00,574.08
2024/11/08 07:59:00,409.00,581.64
2024/11/08 07:59:00,410.00,589.76
2024/11/08 07:59:00,411.00,596.52
2024/11/08 07:59:00,412.00,604.58
2024/11/08 07:59:00,413.00,612.94
2024/11/08 07:59:00,414.00,618.28
2024/11/08 07:59:00,415.00,619.99
2024/11/08 07:59:00,416.00,620.01
2024/11/08 07:59:00,417.00,619.41
2024/11/08 07:59:00,418.00,619.74
2024/11/08 07:59:00,419.00,620.78
2024/11/08 07:59:00,420.00,621.46
2024/11/08 07:59:00,421.00,622.69
2024/11/08 07:59:00,422.00,624.32
2024/11/08 07:59:00,423.00,624.30
2024/11/08 07:59:00,424.00,621.79
2024/11/08 07:59:00,425.00,619.62
2024/11/08 07:59:00,426.00,615.34
2024/11/08 07:59:00,427.00,603.05
2024/11/08 07:59:00,428.00,587.03
2024/11/08 07:59:00,429.00,577.33
2024/11/08 07:59:00,430.00,576.77
2024/11/08 07:59:00,431.00,582.24
2024/11/08 07:59:00,432.00,598.10
2024/11/08 07:59:00,433.00,622.77
2024/11/08 07:59:00,434.00,646.62
2024/11/08 07:59:00,435.00,659.09
2024/11/08 07:59:00,436.00,665.14
2024/11/08 07:59:00,437.00,669.81
2024/11/08 07:59:00,438.00,673.78
2024/11/08 07:59:00,439.00,678.31
2024/11/08 07:59:00,440.00,688.65
2024/11/08 07:59:00,441.00,704.48
2024/11/08 07:59:00,442.00,719.08
2024/11/08 07:59:00,443.00,729.26
2024/11/08 07:59:00,444.00,735.76
2024/11/08 07:59:00,445.00,741.40
2024/11/08 07:59:00,446.00,746.73
2024/11/08 07:59:00,447.00,756.70
2024/11/08 07:59:00,448.00,770.10
2024/11/08 07:59:00,449.00,782.63
2024/11/08 07:59:00,450.00,788.69
2024/11/08 07:59:00,451.00,790.84
2024/11/08 07:59:00,452.00,790.12
2024/11/08 07:59:00,453.00,788.01
2024/11/08 07:59:00,454.00,788.63
2024/11/08 07:59:00,455.00,793.59
2024/11/08 07:59:00,456.00,799.19
2024/11/08 07:59:00,457.00,803.95
2024/11/08 07:59:00,458.00,808.15
2024/11/08 07:59:00,459.00,811.95
2024/11/08 07:59:00,460.00,814.80
2024/11/08 07:59:00,461.00,818.36
2024/11/08 07:59:00,462.00,821.54
2024/11/08 07:59:00,463.00,821.86
2024/11/08 07:59:00,464.00,819.04
2024/11/08 07:59:00,465.00,815.62
2024/11/08 07:59:00,466.00,812.60
2024/11/08 07:59:00,467.00,809.57
2024/11/08 07:59:00,468.00,808.62
2024/11/08 07:59:00,469.00,808.49
2024/11/08 07:59:00,470.00,809.11
2024/11/08 07:59:00,471.00,810.23
2024/11/08 07:59:00,472.00,811.77
2024/11/08 07:59:00,473.00,814.49
2024/11/08 07:59:00,474.00,816.20
2024/11/08 07:59:00,475.00,818.18
2024/11/08 07:59:00,476.00,821.13
2024/11/08 07:59:00,477.00,825.26
2024/11/08 07:59:00,478.00,827.80
2024/11/08 07:59:00,479.00,831.89
2024/11/08 07:59:00,480.00,834.86
2024/11/08 07:59:00,481.00,833.92
2024/11/08 07:59:00,482.00,828.17
2024/11/08 07:59:00,483.00,815.43
2024/11/08 07:59:00,484.00,796.96
2024/11/08 07:59:00,485.00,781.71
2024/11/08 07:59:00,486.00,772.35
2024/11/08 07:59:00,487.00,770.04
2024/11/08 07:59:00,488.00,775.57
2024/11/08 07:59:00,489.00,785.60
2024/11/08 07:59:00,490.00,793.01
2024/11/08 07:59:00,491.00,798.14
2024/11/08 07:59:00,492.00,801.76
2024/11/08 07:59:00,493.00,804.89
2024/11/08 07:59:00,494.00,807.89
2024/11/08 07:59:00,495.00,811.05
2024/11/08 07:59:00,496.00,811.04
2024/11/08 07:59:00,497.00,807.50
2024/11/08 07:59:00,498.00,800.60
2024/11/08 07:59:00,499.00,793.20
2024/11/08 07:59:00,500.00,786.06
2024/11/08 07:59:00,501.00,781.79
2024/11/08 07:59:00,502.00,780.72
2024/11/08 07:59:00,503.00,783.87
2024/11/08 07:59:00,504.00,789.94
2024/11/08 07:59:00,505.00,793.53
2024/11/08 07:59:00,506.00,795.56
2024/11/08 07:59:00,507.00,796.76
2024/11/08 07:59:00,508.00,797.03
2024/11/08 07:59:00,509.00,794.29
2024/11/08 07:59:00,510.00,793.39
2024/11/08 07:59:00,511.00,791.71
2024/11/08 07:59:00,512.00,788.11
2024/11/08 07:59:00,513.00,781.69
2024/11/08 07:59:00,514.00,771.25
2024/11/08 07:59:00,515.00,757.08
2024/11/08 07:59:00,516.00,746.11
2024/11/08 07:59:00,517.00,737.99
2024/11/08 07:59:00,518.00,735.64
2024/11/08 07:59:00,519.00,739.13
2024/11/08 07:59:00,520.00,748.24
2024/11/08 07:59:00,521.00,757.57
2024/11/08 07:59:00,522.00,768.01
2024/11/08 07:59:00,523.00,770.12
2024/11/08 07:59:00,524.00,768.77
2024/11/08 07:59:00,525.00,767.75
2024/11/08 07:59:00,526.00,768.41
2024/11/08 07:59:00,527.00,768.66
2024/11/08 07:59:00,528.00,773.10
2024/11/08 07:59:00,529.00,778.85
2024/11/08 07:59:00,530.00,782.46
2024/11/08 07:59:00,531.00,782.40
2024/11/08 07:59:00,532.00,782.49
2024/11/08 07:59:00,533.00,781.99
2024/11/08 07:59:00,534.00,780.69
2024/11/08 07:59:00,535.00,781.13
2024/11/08 07:59:00,536.00,780.97
2024/11/08 07:59:00,537.00,776.70
2024/11/08 07:59:00,538.00,772.69
2024/11/08 07:59:00,539.00,768.67
2024/11/08 07:59:00,540.00,766.17
2024/11/08 07:59:00,541.00,764.81
2024/11/08 07:59:00,542.00,764.96
2024/11/08 07:59:00,543.00,766.85
2024/11/08 07:59:00,544.00,769.22
2024/11/08 07:59:00,545.00,769.36
2024/11/08 07:59:00,546.00,769.59
2024/11/08 07:59:00,547.00,771.78
2024/11/08 07:59:00,548.00,770.67
2024/11/08 07:59:00,549.00,770.86
2024/11/08 07:59:00,550.00,771.80
2024/11/08 07:59:00,551.00,771.68
2024/11/08 07:59:00,552.00,771.80
2024/11/08 07:59:00,553.00,770.27
2024/11/08 07:59:00,554.00,768.47
2024/11/08 07:59:00,555.00,765.11
2024/11/08 07:59:00,556.00,761.23
2024/11/08 07:59:00,557.00,754.42
2024/11/08 07:59:00,558.00,752.16
2024/11/08 07:59:00,559.00,749.44
2024/11/08 07:59:00,560.00,746.78
2024/11/08 07:59:00,561.00,747.77
2024/11/08 07:59:00,562.00,748.96
2024/11/08 07:59:00,563.00,748.41
2024/11/08 07:59:00,564.00,748.32
2024/11/08 07:59:00,565.00,749.23
2024/11/08 07:59:00,566.00,745.90
2024/11/08 07:59:00,567.00,743.64
2024/11/08 07:59:00,568.00,739.54
2024/11/08 07:59:00,569.00,736.50
2024/11/08 07:59:00,570.00,734.48
2024/11/08 07:59:00,571.00,733.84
2024/11/08 07:59:00,572.00,733.07
2024/11/08 07:59:00,573.00,732.86
2024/11/08 07:59:00,574.00,732.70
2024/11/08 07:59:00,575.00,732.51
2024/11/08 07:59:00,576.00,731.20
2024/11/08 07:59:00,577.00,730.83
2024/11/08 07:59:00,578.00,731.44
2024/11/08 07:59:00,579.00,732.08
2024/11/08 07:59:00,580.00,733.93
2024/11/08 07:59:00,581.00,737.53
2024/11/08 07:59:00,582.00,739.94
2024/11/08 07:59:00,583.00,742.34
2024/11/08 07:59:00,584.00,742.85
2024/11/08 07:59:00,585.00,740.03
2024/11/08 07:59:00,586.00,734.15
2024/11/08 07:59:00,587.00,728.75
2024/11/08 07:59:00,588.00,724.00
2024/11/08 07:59:00,589.00,721.35
2024/11/08 07:59:00,590.00,719.02
2024/11/08 07:59:00,591.00,719.30
2024/11/08 07:59:00,592.00,720.79
2024/11/08 07:59:00,593.00,721.40
2024/11/08 07:59:00,594.00,721.48
2024/11/08 07:59:00,595.00,721.86
2024/11/08 07:59:00,596.00,721.94
2024/11/08 07:59:00,597.00,721.21
2024/11/08 07:59:00,598.00,719.38
2024/11/08 07:59:00,599.00,716.67
2024/11/08 07:59:00,600.00,715.35
2024/11/08 07:59:00,601.00,714.99
2024/11/08 07:59:00,602.00,715.24
2024/11/08 07:59:00,603.00,716.54
2024/11/08 07:59:00,604.00,716.83
2024/11/08 07:59:00,605.00,716.33
2024/11/08 07:59:00,606.00,715.34
2024/11/08 07:59:00,607.00,713.01
2024/11/08 07:59:00,608.00,711.45
2024/11/08 07:59:00,609.00,709.51
2024/11/08 07:59:00,610.00,706.59
2024/11/08 07:59:00,611.00,703.55
2024/11/08 07:59:00,612.00,701.59
2024/11/08 07:59:00,613.00,698.47
2024/11/08 07:59:00,614.00,695.86
2024/11/08 07:59:00,615.00,694.68
2024/11/08 07:59:00,616.00,694.99
2024/11/08 07:59:00,617.00,696.34
2024/11/08 07:59:00,618.00,696.91
2024/11/08 07:59:00,619.00,698.73
2024/11/08 07:59:00,620.00,699.40
2024/11/08 07:59:00,621.00,696.89
2024/11/08 07:59:00,622.00,693.76
2024/11/08 07:59:00,623.00,691.67
2024/11/08 07:59:00,624.00,688.02
2024/11/08 07:59:00,625.00,684.73
2024/11/08 07:59:00,626.00,680.89
2024/11/08 07:59:00,627.00,678.36
2024/11/08 07:59:00,628.00,676.21
2024/11/08 07:59:00,629.00,675.12
2024/11/08 07:59:00,630.00,674.67
2024/11/08 07:59:00,631.00,677.99
2024/11/08 07:59:00,632.00,678.85
2024/11/08 07:59:00,633.00,679.28
2024/11/08 07:59:00,634.00,681.42
2024/11/08 07:59:00,635.00,684.07
2024/11/08 07:59:00,636.00,684.51
2024/11/08 07:59:00,637.00,686.06
2024/11/08 07:59:00,638.00,687.11
2024/11/08 07:59:00,639.00,687.94
2024/11/08 07:59:00,640.00,685.42
2024/11/08 07:59:00,641.00,685.69
2024/11/08 07:59:00,642.00,685.85
2024/11/08 07:59:00,643.00,685.36
2024/11/08 07:59:00,644.00,683.29
2024/11/08 07:59:00,645.00,684.17
2024/11/08 07:59:00,646.00,682.22
2024/11/08 07:59:00,647.00,679.38
2024/11/08 07:59:00,648.00,679.49
2024/11/08 07:59:00,649.00,679.33
2024/11/08 07:59:00,650.00,678.14
2024/11/08 07:59:00,651.00,676.92
2024/11/08 07:59:00,652.00,674.08
2024/11/08 07:59:00,653.00,666.42
2024/11/08 07:59:00,654.00,657.38
2024/11/08 07:59:00,655.00,650.73
2024/11/08 07:59:00,656.00,647.94
2024/11/08 07:59:00,657.00,647.28
2024/11/08 07:59:00,658.00,650.39
2024/11/08 07:59:00,659.00,657.48
2024/11/08 07:59:00,660.00,662.35
2024/11/08 07:59:00,661.00,665.51
2024/11/08 07:59:00,662.00,669.54
2024/11/08 07:59:00,663.00,672.81
2024/11/08 07:59:00,664.00,675.12
2024/11/08 07:59:00,665.00,676.52
2024/11/08 07:59:00,666.00,678.36
2024/11/08 07:59:00,667.00,679.06
2024/11/08 07:59:00,668.00,678.44
2024/11/08 07:59:00,669.00,676.33
2024/11/08 07:59:00,670.00,677.17
2024/11/08 07:59:00,671.00,676.06
2024/11/08 07:59:00,672.00,675.18
2024/11/08 07:59:00,673.00,675.63
2024/11/08 07:59:00,674.00,676.89
2024/11/08 07:59:00,675.00,675.48
2024/11/08 07:59:00,676.00,673.84
2024/11/08 07:59:00,677.00,673.81
2024/11/08 07:59:00,678.00,673.40
2024/11/08 07:59:00,679.00,671.58
2024/11/08 07:59:00,680.00,670.14
2024/11/08 07:59:00,681.00,670.57
2024/11/08 07:59:00,682.00,668.95
2024/11/08 07:59:00,683.00,661.15
2024/11/08 07:59:00,684.00,648.72
2024/11/08 07:59:00,685.00,631.42
2024/11/08 07:59:00,686.00,613.71
2024/11/08 07:59:00,687.00,595.03
2024/11/08 07:59:00,688.00,585.14
2024/11/08 07:59:00,689.00,583.17
2024/11/08 07:59:00,690.00,587.82
2024/11/08 07:59:00,691.00,594.18
2024/11/08 07:59:00,692.00,603.38
2024/11/08 07:59:00,693.00,610.48
2024/11/08 07:59:00,694.00,616.48
2024/11/08 07:59:00,695.00,622.27
2024/11/08 07:59:00,696.00,625.91
2024/11/08 07:59:00,697.00,628.97
2024/11/08 07:59:00,698.00,630.84
2024/11/08 07:59:00,699.00,631.21
2024/11/08 07:59:00,700.00,630.03
2024/11/08 07:59:00,701.00,628.67
2024/11/08 07:59:00,702.00,627.83
2024/11/08 07:59:00,703.00,630.13
2024/11/08 07:59:00,704.00,629.50
2024/11/08 07:59:00,705.00,630.18
2024/11/08 07:59:00,706.00,633.27
2024/11/08 07:59:00,707.00,634.53
2024/11/08 07:59:00,708.00,632.87
2024/11/08 07:59:00,709.00,634.78
2024/11/08 07:59:00,710.00,635.20
2024/11/08 07:59:00,711.00,634.87
2024/11/08 07:59:00,712.00,631.87
2024/11/08 07:59:00,713.00,630.45
2024/11/08 07:59:00,714.00,626.19
2024/11/08 07:59:00,715.00,616.73
2024/11/08 07:59:00,716.00,605.24
2024/11/08 07:59:00,717.00,597.97
2024/11/08 07:59:00,718.00,588.49
2024/11/08 07:59:00,719.00,581.05
2024/11/08 07:59:00,720.00,579.00
2024/11/08 07:59:00,721.00,576.15
2024/11/08 07:59:00,722.00,574.95
2024/11/08 07:59:00,723.00,574.20
2024/11/08 07:59:00,724.00,574.40
2024/11/08 07:59:00,725.00,576.80
2024/11/08 07:59:00,726.00,576.94
2024/11/08 07:59:00,727.00,576.99
2024/11/08 07:59:00,728.00,578.84
2024/11/08 07:59:00,729.00,580.08
2024/11/08 07:59:00,730.00,580.66
2024/11/08 07:59:00,731.00,585.92
2024/11/08 07:59:00,732.00,588.81
2024/11/08 07:59:00,733.00,590.17
2024/11/08 07:59:00,734.00,591.50
2024/11/08 07:59:00,735.00,591.45
2024/11/08 07:59:00,736.00,590.38
2024/11/08 07:59:00,737.00,587.40
2024/11/08 07:59:00,738.00,586.75
2024/11/08 07:59:00,739.00,587.43
2024/11/08 07:59:00,740.00,585.44
2024/11/08 07:59:00,741.00,585.50
2024/11/08 07:59:00,742.00,590.03
2024/11/08 07:59:00,743.00,589.40
2024/11/08 07:59:00,744.00,588.84
2024/11/08 07:59:00,745.00,590.30
2024/11/08 07:59:00,746.00,590.24
2024/11/08 07:59:00,747.00,587.63
2024/11/08 07:59:00,748.00,586.96
2024/11/08 07:59:00,749.00,585.52
2024/11/08 07:59:00,750.00,585.35
2024/11/08 07:59:00,751.00,581.56
2024/11/08 07:59:00,752.00,581.31
2024/11/08 07:59:00,753.00,582.03
2024/11/08 07:59:00,754.00,578.64
2024/11/08 07:59:00,755.00,575.91
2024/11/08 07:59:00,756.00,564.68
2024/11/08 07:59:00,757.00,534.35
2024/11/08 07:59:00,758.00,492.46
2024/11/08 07:59:00,759.00,448.82
2024/11/08 07:59:00,760.00,404.21
2024/11/08 07:59:00,761.00,369.15
2024/11/08 07:59:00,762.00,351.25
2024/11/08 07:59:00,763.00,351.96
2024/11/08 07:59:00,764.00,361.92
2024/11/08 07:59:00,765.00,376.69
2024/11/08 07:59:00,766.00,400.12
2024/11/08 07:59:00,767.00,428.04
2024/11/08 07:59:00,768.00,449.57
2024/11/08 07:59:00,769.00,471.60
2024/11/08 07:59:00,770.00,492.76
2024/11/08 07:59:00,771.00,508.83
2024/11/08 07:59:00,772.00,520.75
2024/11/08 07:59:00,773.00,531.83
2024/11/08 07:59:00,774.00,538.78
2024/11/08 07:59:00,775.00,543.14
2024/11/08 07:59:00,776.00,542.76
2024/11/08 07:59:00,777.00,545.10
2024/11/08 07:59:00,778.00,545.87
2024/11/08 07:59:00,779.00,542.51
2024/11/08 07:59:00,780.00,543.02
2024/11/08 07:59:00,781.00,543.34
2024/11/08 07:59:00,782.00,540.70
2024/11/08 07:59:00,783.00,540.88
2024/11/08 07:59:00,784.00,540.90
2024/11/08 07:59:00,785.00,539.73
2024/11/08 07:59:00,786.00,539.64
2024/11/08 07:59:00,787.00,539.29
2024/11/08 07:59:00,788.00,540.70
2024/11/08 07:59:00,789.00,541.06
2024/11/08 07:59:00,790.00,536.20
2024/11/08 07:59:00,791.00,536.21
2024/11/08 07:59:00,792.00,534.73
2024/11/08 07:59:00,793.00,527.23
2024/11/08 07:59:00,794.00,528.59
2024/11/08 07:59:00,795.00,530.70
2024/11/08 07:59:00,796.00,528.84
2024/11/08 07:59:00,797.00,527.01
2024/11/08 07:59:00,798.00,528.40
2024/11/08 07:59:00,799.00,528.21
2024/11/08 07:59:00,800.00,525.49
2024/11/08 07:59:00,801.00,522.95
2024/11/08 07:59:00,802.00,525.48
2024/11/08 07:59:00,803.00,525.07
2024/11/08 07:59:00,804.00,522.66
2024/11/08 07:59:00,805.00,527.69
2024/11/08 07:59:00,806.00,528.47
2024/11/08 07:59:00,807.00,523.58
2024/11/08 07:59:00,808.00,523.64
2024/11/08 07:59:00,809.00,522.64
2024/11/08 07:59:00,810.00,519.23
2024/11/08 07:59:00,811.00,518.12
2024/11/08 07:59:00,812.00,517.53
2024/11/08 07:59:00,813.00,514.69
2024/11/08 07:59:00,814.00,507.28
2024/11/08 07:59:00,815.00,502.69
2024/11/08 07:59:00,816.00,499.48
2024/11/08 07:59:00,817.00,491.34
2024/11/08 07:59:00,818.00,489.53
2024/11/08 07:59:00,819.00,493.22
2024/11/08 07:59:00,820.00,491.05
2024/11/08 07:59:00,821.00,489.37
2024/11/08 07:59:00,822.00,495.37
2024/11/08 07:59:00,823.00,494.86
2024/11/08 07:59:00,824.00,495.95
2024/11/08 07:59:00,825.00,496.02
2024/11/08 07:59:00,826.00,496.90
2024/11/08 07:59:00,827.00,498.22
2024/11/08 07:59:00,828.00,495.36
2024/11/08 07:59:00,829.00,494.49
2024/11/08 07:59:00,830.00,495.62
2024/11/08 07:59:00,831.00,491.87
2024/11/08 07:59:00,832.00,488.95
2024/11/08 07:59:00,833.00,490.03
2024/11/08 07:59:00,834.00,488.64
2024/11/08 07:59:00,835.00,488.87
2024/11/08 07:59:00,836.00,490.20
2024/11/08 07:59:00,837.00,490.13
2024/11/08 07:59:00,838.00,489.09
2024/11/08 07:59:00,839.00,485.25
2024/11/08 07:59:00,840.00,484.47
2024/11/08 07:59:00,841.00,483.58
2024/11/08 07:59:00,842.00,480.77
2024/11/08 07:59:00,843.00,482.19
2024/11/08 07:59:00,844.00,481.55
2024/11/08 07:59:00,845.00,477.83
2024/11/08 07:59:00,846.00,475.53
2024/11/08 07:59:00,847.00,472.25
2024/11/08 07:59:00,848.00,467.32
2024/11/08 07:59:00,849.00,464.85
2024/11/08 07:59:00,850.00,460.55
2024/11/08 07:59:00,851.00,455.33
2024/11/08 07:59:00,852.00,450.21
2024/11/08 07:59:00,853.00,446.61
2024/11/08 07:59:00,854.00,446.75
2024/11/08 07:59:00,855.00,448.13
2024/11/08 07:59:00,856.00,451.58
2024/11/08 07:59:00,857.00,456.55
2024/11/08 07:59:00,858.00,457.80
2024/11/08 07:59:00,859.00,458.77
2024/11/08 07:59:00,860.00,460.02
2024/11/08 07:59:00,861.00,459.56
2024/11/08 07:59:00,862.00,458.26
2024/11/08 07:59:00,863.00,453.89
2024/11/08 07:59:00,864.00,449.23
2024/11/08 07:59:00,865.00,446.54
2024/11/08 07:59:00,866.00,443.23
2024/11/08 07:59:00,867.00,442.25
2024/11/08 07:59:00,868.00,445.47
2024/11/08 07:59:00,869.00,446.23
2024/11/08 07:59:00,870.00,446.85
2024/11/08 07:59:00,871.00,447.83
2024/11/08 07:59:00,872.00,446.72
2024/11/08 07:59:00,873.00,445.76
2024/11/08 07:59:00,874.00,445.75
2024/11/08 07:59:00,875.00,445.07
2024/11/08 07:59:00,876.00,445.07
2024/11/08 07:59:00,877.00,444.52
2024/11/08 07:59:00,878.00,443.98
2024/11/08 07:59:00,879.00,442.85
2024/11/08 07:59:00,880.00,440.85
2024/11/08 07:59:00,881.00,441.60
2024/11/08 07:59:00,882.00,441.99
2024/11/08 07:59:00,883.00,440.37
2024/11/08 07:59:00,884.00,439.65
2024/11/08 07:59:00,885.00,439.43
2024/11/08 07:59:00,886.00,438.32
2024/11/08 07:59:00,887.00,437.02
2024/11/08 07:59:00,888.00,437.40
2024/11/08 07:59:00,889.00,437.13
2024/11/08 07:59:00,890.00,434.62
2024/11/08 07:59:00,891.00,432.51
2024/11/08 07:59:00,892.00,430.22
2024/11/08 07:59:00,893.00,424.32
2024/11/08 07:59:00,894.00,416.78
2024/11/08 07:59:00,895.00,409.39
2024/11/08 07:59:00,896.00,400.20
2024/11/08 07:59:00,897.00,391.40
2024/11/08 07:59:00,898.00,384.60
2024/11/08 07:59:00,899.00,379.45
2024/11/08 07:59:00,900.00,377.54
2024/11/08 07:59:00,901.00,377.02
2024/11/08 07:59:00,902.00,380.87
2024/11/08 07:59:00,903.00,383.21
2024/11/08 07:59:00,904.00,383.65
2024/11/08 07:59:00,905.00,382.70
2024/11/08 07:59:00,906.00,379.52
2024/11/08 07:59:00,907.00,374.69
2024/11/08 07:59:00,908.00,372.55
2024/11/08 07:59:00,909.00,371.60
2024/11/08 07:59:00,910.00,370.38
2024/11/08 07:59:00,911.00,368.79
2024/11/08 07:59:00,912.00,368.06
2024/11/08 07:59:00,913.00,366.67
2024/11/08 07:59:00,914.00,364.55
2024/11/08 07:59:00,915.00,363.50
2024/11/08 07:59:00,916.00,364.85
2024/11/08 07:59:00,917.00,365.27
2024/11/08 07:59:00,918.00,366.85
2024/11/08 07:59:00,919.00,368.66
2024/11/08 07:59:00,920.00,370.03
2024/11/08 07:59:00,921.00,371.35
2024/11/08 07:59:00,922.00,370.32
2024/11/08 07:59:00,923.00,369.05
2024/11/08 07:59:00,924.00,368.05
2024/11/08 07:59:00,925.00,363.92
2024/11/08 07:59:00,926.00,359.83
2024/11/08 07:59:00,927.00,353.39
2024/11/08 07:59:00,928.00,341.94
2024/11/08 07:59:00,929.00,327.60
2024/11/08 07:59:00,930.00,310.85
2024/11/08 07:59:00,931.00,290.98
2024/11/08 07:59:00,932.00,271.78
2024/11/08 07:59:00,933.00,256.33
2024/11/08 07:59:00,934.00,244.22
2024/11/08 07:59:00,935.00,236.40
2024/11/08 07:59:00,936.00,234.68
2024/11/08 07:59:00,937.00,238.75
2024/11/08 07:59:00,938.00,243.55
2024/11/08 07:59:00,939.00,248.82
2024/11/08 07:59:00,940.00,253.51
2024/11/08 07:59:00,941.00,254.25
2024/11/08 07:59:00,942.00,251.80
2024/11/08 07:59:00,943.00,250.28
2024/11/08 07:59:00,944.00,248.64
2024/11/08 07:59:00,945.00,248.29
2024/11/08 07:59:00,946.00,247.73
2024/11/08 07:59:00,947.00,250.03
2024/11/08 07:59:00,948.00,252.81
2024/11/08 07:59:00,949.00,253.38
2024/11/08 07:59:00,950.00,255.82
2024/11/08 07:59:00,951.00,257.75
2024/11/08 07:59:00,952.00,257.49
2024/11/08 07:59:00,953.00,258.53
2024/11/08 07:59:00,954.00,259.97
2024/11/08 07:59:00,955.00,262.78
2024/11/08 07:59:00,956.00,265.23
2024/11/08 07:59:00,957.00,268.59
2024/11/08 07:59:00,958.00,271.69
2024/11/08 07:59:00,959.00,274.19
2024/11/08 07:59:00,960.00,276.88
2024/11/08 07:59:00,961.00,281.67
2024/11/08 07:59:00,962.00,285.12
2024/11/08 07:59:00,963.00,289.68
2024/11/08 07:59:00,964.00,295.29
2024/11/08 07:59:00,965.00,300.12
2024/11/08 07:59:00,966.00,306.56
2024/11/08 07:59:00,967.00,314.38
2024/11/08 07:59:00,968.00,320.18
2024/11/08 07:59:00,969.00,325.01
2024/11/08 07:59:00,970.00,327.63
2024/11/08 07:59:00,971.00,328.95
2024/11/08 07:59:00,972.00,327.77
2024/11/08 07:59:00,973.00,326.17
2024/11/08 07:59:00,974.00,326.23
2024/11/08 07:59:00,975.00,324.97
2024/11/08 07:59:00,976.00,324.04
2024/11/08 07:59:00,977.00,326.32
2024/11/08 07:59:00,978.00,326.86
2024/11/08 07:59:00,979.00,328.61
2024/11/08 07:59:00,980.00,331.26
2024/11/08 07:59:00,981.00,333.64
2024/11/08 07:59:00,982.00,336.17
2024/11/08 07:59:00,983.00,337.21
2024/11/08 07:59:00,984.00,339.60
2024/11/08 07:59:00,985.00,341.64
2024/11/08 07:59:00,986.00,341.25
2024/11/08 07:59:00,987.00,343.85
2024/11/08 07:59:00,988.00,346.25
2024/11/08 07:59:00,989.00,346.36
2024/11/08 07:59:00,990.00,347.46
2024/11/08 07:59:00,991.00,347.26
2024/11/08 07:59:00,992.00,345.88
2024/11/08 07:59:00,993.00,345.18
2024/11/08 07:59:00,994.00,345.34
2024/11/08 07:59:00,995.00,344.36
2024/11/08 07:59:00,996.00,343.76
2024/11/08 07:59:00,997.00,342.49
2024/11/08 07:59:00,998.00,343.03
2024/11/08 07:59:00,999.00,341.53
2024/11/08 07:59:00,1000.00,340.83
2024/11/08 07:59:00,1001.00,341.32
2024/11/08 07:59:00,1002.00,339.02
2024/11/08 07:59:00,1003.00,335.66
2024/11/08 07:59:00,1004.00,334.08
2024/11/08 07:59:00,1005.00,332.89
2024/11/08 07:59:00,1006.00,331.66
2024/11/08 07:59:00,1007.00,331.85
2024/11/08 07:59:00,1008.00,332.77
2024/11/08 07:59:00,1009.00,331.92
2024/11/08 07:59:00,1010.00,330.88
2024/11/08 07:59:00,1011.00,331.91
2024/11/08 07:59:00,1012.00,331.30
2024/11/08 07:59:00,1013.00,330.33
2024/11/08 07:59:00,1014.00,331.61
2024/11/08 07:59:00,1015.00,330.66
2024/11/08 07:59:00,1016.00,330.85
2024/11/08 07:59:00,1017.00,330.19
2024/11/08 07:59:00,1018.00,329.66
2024/11/08 07:59:00,1019.00,328.25
2024/11/08 07:59:00,1020.00,326.38
2024/11/08 07:59:00,1021.00,326.94
2024/11/08 07:59:00,1022.00,327.67
2024/11/08 07:59:00,1023.00,324.15
2024/11/08 07:59:00,1024.00,324.81
2024/11/08 07:59:00,1025.00,324.41
2024/11/08 07:59:00,1026.00,322.29
2024/11/08 07:59:00,1027.00,323.01
2024/11/08 07:59:00,1028.00,323.72
2024/11/08 07:59:00,1029.00,323.15
2024/11/08 07:59:00,1030.00,321.28
2024/11/08 07:59:00,1031.00,319.45
2024/11/08 07:59:00,1032.00,318.22
2024/11/08 07:59:00,1033.00,315.29
2024/11/08 07:59:00,1034.00,314.33
2024/11/08 07:59:00,1035.00,315.62
2024/11/08 07:59:00,1036.00,313.79
2024/11/08 07:59:00,1037.00,313.55
2024/11/08 07:59:00,1038.00,315.19
2024/11/08 07:59:00,1039.00,314.63
2024/11/08 07:59:00,1040.00,312.84
2024/11/08 07:59:00,1041.00,311.57
2024/11/08 07:59:00,1042.00,311.47
2024/11/08 07:59:00,1043.00,308.41
2024/11/08 07:59:00,1044.00,307.67
2024/11/08 07:59:00,1045.00,309.42
2024/11/08 07:59:00,1046.00,306.36
2024/11/08 07:59:00,1047.00,305.42
2024/11/08 07:59:00,1048.00,308.53
2024/11/08 07:59:00,1049.00,307.60
2024/11/08 07:59:00,1050.00,307.87
2024/11/08 07:59:00,1051.00,311.95
2024/11/08 07:59:00,1052.00,312.06
2024/11/08 07:59:00,1053.00,309.29
2024/11/08 07:59:00,1054.00,305.41
2024/11/08 07:59:00,1055.00,305.05
2024/11/08 07:59:00,1056.00,302.38
2024/11/08 07:59:00,1057.00,298.89
2024/11/08 07:59:00,1058.00,301.81
2024/11/08 07:59:00,1059.00,300.61
2024/11/08 07:59:00,1060.00,299.09
2024/11/08 07:59:00,1061.00,302.46
2024/11/08 07:59:00,1062.00,300.24
2024/11/08 07:59:00,1063.00,300.69
2024/11/08 07:59:00,1064.00,299.67
2024/11/08 07:59:00,1065.00,298.02
2024/11/08 07:59:00,1066.00,296.73
2024/11/08 07:59:00,1067.00,292.09
2024/11/08 07:59:00,1068.00,294.33
2024/11/08 07:59:00,1069.00,296.28
2024/11/08 07:59:00,1070.00,291.31
2024/11/08 07:59:00,1071.00,293.46
2024/11/08 07:59:00,1072.00,292.54
2024/11/08 07:59:00,1073.00,290.58
2024/11/08 07:59:00,1074.00,288.91
2024/11/08 07:59:00,1075.00,289.94
2024/11/08 07:59:00,1076.00,290.69
2024/11/08 07:59:00,1077.00,285.85
2024/11/08 07:59:00,1078.00,285.96
2024/11/08 07:59:00,1079.00,287.68
2024/11/08 07:59:00,1080.00,281.19
2024/11/08 07:59:00,1081.00,282.13
2024/11/08 07:59:00,1082.00,282.95
2024/11/08 07:59:00,1083.00,277.96
2024/11/08 07:59:00,1084.00,279.70
2024/11/08 07:59:00,1085.00,283.76
2024/11/08 07:59:00,1086.00,284.17
2024/11/08 07:59:00,1087.00,283.68
2024/11/08 07:59:00,1088.00,283.78
2024/11/08 07:59:00,1089.00,287.73
2024/11/08 07:59:00,1090.00,280.25
2024/11/08 07:59:00,1091.00,281.27
2024/11/08 07:59:00,1092.00,285.46
2024/11/08 07:59:00,1093.00,277.95
2024/11/08 07:59:00,1094.00,274.66
2024/11/08 07:59:00,1095.00,279.58
2024/11/08 07:59:00,1096.00,274.28
2024/11/08 07:59:00,1097.00,272.73
2024/11/08 07:59:00,1098.00,272.71
2024/11/08 07:59:00,1099.00,271.88
2024/11/08 07:59:00,1100.00,267.54
