Date,2025/04/25,2025/04/25,2025/04/25,2025/04/25,2025/04/25,2025/04/25,2025/04/25,2025/04/25,2025/04/25,2025/04/25,2025/04/25,2025/04/25,2025/04/25,2025/04/25,2025/04/25,2025/04/25,2025/04/25,2025/04/25,2025/04/25,2025/04/25,2025/04/25,2025/04/25,2025/04/25,2025/04/25,2025/04/25,2025/04/25,2025/04/25,2025/04/25,2025/04/25,2025/04/25,2025/04/25,2025/04/25,2025/04/25,2025/04/25,2025/04/25,2025/04/25,2025/04/25,2025/04/25,2025/04/25,2025/04/25,2025/04/25,2025/04/25,2025/04/25,2025/04/25,2025/04/25,2025/04/25,2025/04/25,2025/04/25,2025/04/25,2025/04/25,2025/04/25,2025/04/25,2025/04/25,2025/04/25,2025/04/25,2025/04/25,2025/04/25,2025/04/25,2025/04/25,2025/04/25,
Time,06:00:00,06:01:00,06:02:00,06:03:00,06:04:00,06:05:00,06:06:00,06:07:00,06:08:00,06:09:00,06:10:00,06:11:00,06:12:00,06:13:00,06:14:00,06:15:00,06:16:00,06:17:00,06:18:00,06:19:00,06:20:00,06:21:00,06:22:00,06:23:00,06:24:00,06:25:00,06:26:00,06:27:00,06:28:00,06:29:00,06:30:00,06:31:00,06:32:00,06:33:00,06:34:00,06:35:00,06:36:00,06:37:00,06:38:00,06:39:00,06:40:00,06:41:00,06:42:00,06:43:00,06:44:00,06:45:00,06:46:00,06:47:00,06:48:00,06:49:00,06:50:00,06:51:00,06:52:00,06:53:00,06:54:00,06:55:00,06:56:00,06:57:00,06:58:00,06:59:00,
Memo,EKO 711,EKO 711,EKO 711,EKO 711,EKO 711,EKO 711,EKO 711,EKO 711,EKO 711,EKO 711,EKO 711,EKO 711,EKO 711,EKO 711,EKO 711,EKO 711,EKO 711,EKO 711,EKO 711,EKO 711,EKO 711,EKO 711,EKO 711,EKO 711,EKO 711,EKO 711,EKO 711,EKO 711,EKO 711,EKO 711,EKO 711,EKO 711,EKO 711,EKO 711,EKO 711,EKO 711,EKO 711,EKO 711,EKO 711,EKO 711,EKO 711,EKO 711,EKO 711,EKO 711,EKO 711,EKO 711,EKO 711,EKO 711,EKO 711,EKO 711,EKO 711,EKO 711,EKO 711,EKO 711,EKO 711,EKO 711,EKO 711,EKO 711,EKO 711,EKO 711,
Sensor,MS-711,MS-711,MS-711,MS-711,MS-711,MS-711,MS-711,MS-711,MS-711,MS-711,MS-711,MS-711,MS-711,MS-711,MS-711,MS-711,MS-711,MS-711,MS-711,MS-711,MS-711,MS-711,MS-711,MS-711,MS-711,MS-711,MS-711,MS-711,MS-711,MS-711,MS-711,MS-711,MS-711,MS-711,MS-711,MS-711,MS-711,MS-711,MS-711,MS-711,MS-711,MS-711,MS-711,MS-711,MS-711,MS-711,MS-711,MS-711,MS-711,MS-711,MS-711,MS-711,MS-711,MS-711,MS-711,MS-711,MS-711,MS-711,MS-711,MS-711,
Exposure Time(msec),50,50,50,50,50,50,50,50,50,50,50,50,50,50,50,50,50,50,50,50,50,20,20,20,20,20,20,20,20,20,20,20,20,20,20,20,20,20,20,20,20,20,20,20,20,20,20,20,20,20,20,20,20,20,20,20,20,20,20,20,
Sensor Temp.(deg),25.0,25.0,25.1,25.1,25.1,25.2,25.3,25.2,25.1,25.3,25.3,25.2,25.2,25.2,25.2,25.2,25.2,25.2,25.2,25.3,25.3,25.3,25.3,25.3,25.3,25.3,25.3,25.3,25.3,25.3,25.3,25.3,25.3,25.3,25.3,25.4,25.3,25.3,25.2,25.4,25.3,25.3,25.5,25.4,25.4,25.5,25.5,25.5,25.4,25.4,25.4,25.3,25.4,25.4,25.3,25.4,25.4,25.5,25.4,25.4,
Power(V),5.9,5.9,5.9,5.9,5.9,5.9,5.9,5.9,5.9,5.9,5.9,5.9,5.9,5.9,5.9,5.9,5.9,5.9,5.9,5.9,5.9,5.9,5.9,5.9,5.9,5.9,5.9,5.9,5.9,5.9,5.9,5.9,5.9,5.9,5.9,5.9,5.9,5.9,5.9,5.9,5.9,5.9,5.9,5.9,5.9,5.9,5.9,5.9,5.9,5.9,5.9,5.9,5.9,5.9,5.9,5.9,5.9,5.9,5.9,5.9,
Wavelength(nm),Irradiance(W/m2/um),Irradiance(W/m2/um),Irradiance(W/m2/um),Irradiance(W/m2/um),Irradiance(W/m2/um),Irradiance(W/m2/um),Irradiance(W/m2/um),Irradiance(W/m2/um),Irradiance(W/m2/um),Irradiance(W/m2/um),Irradiance(W/m2/um),Irradiance(W/m2/um),Irradiance(W/m2/um),Irradiance(W/m2/um),Irradiance(W/m2/um),Irradiance(W/m2/um),Irradiance(W/m2/um),Irradiance(W/m2/um),Irradiance(W/m2/um),Irradiance(W/m2/um),Irradiance(W/m2/um),Irradiance(W/m2/um),Irradiance(W/m2/um),Irradiance(W/m2/um),Irradiance(W/m2/um),Irradiance(W/m2/um),Irradiance(W/m2/um),Irradiance(W/m2/um),Irradiance(W/m2/um),Irradiance(W/m2/um),Irradiance(W/m2/um),Irradiance(W/m2/um),Irradiance(W/m2/um),Irradiance(W/m2/um),Irradiance(W/m2/um),Irradiance(W/m2/um),Irradiance(W/m2/um),Irradiance(W/m2/um),Irradiance(W/m2/um),Irradiance(W/m2/um),Irradiance(W/m2/um),Irradiance(W/m2/um),Irradiance(W/m2/um),Irradiance(W/m2/um),Irradiance(W/m2/um),Irradiance(W/m2/um),Irradiance(W/m2/um),Irradiance(W/m2/um),Irradiance(W/m2/um),Irradiance(W/m2/um),Irradiance(W/m2/um),Irradiance(W/m2/um),Irradiance(W/m2/um),Irradiance(W/m2/um),Irradiance(W/m2/um),Irradiance(W/m2/um),Irradiance(W/m2/um),Irradiance(W/m2/um),Irradiance(W/m2/um),Irradiance(W/m2/um),
300.00,7.87,8.35,8.28,8.15,8.20,8.07,8.62,8.43,8.69,9.00,9.05,9.06,9.01,8.96,8.64,9.76,9.04,9.32,9.55,9.54,9.75,10.09,10.61,10.75,11.51,10.91,10.41,10.29,11.15,10.57,11.62,11.45,10.31,10.97,11.01,11.84,11.82,12.82,11.94,12.00,12.84,11.53,12.34,12.50,13.25,12.68,13.37,12.36,12.84,13.09,12.92,12.84,13.04,13.95,14.35,14.15,14.21,13.81,12.96,14.09,
301.00,8.92,9.10,9.29,8.93,9.24,8.84,9.34,9.30,9.29,9.51,9.45,9.81,9.59,9.76,9.65,10.22,9.68,10.12,10.59,10.45,10.69,10.29,11.13,12.15,12.29,10.99,11.66,10.22,11.23,11.24,11.72,13.03,11.49,12.12,12.75,13.10,12.93,13.98,12.75,13.91,13.69,13.39,12.64,13.52,15.17,13.38,14.54,13.52,14.22,14.36,14.15,14.22,14.44,15.63,15.77,15.28,15.00,15.00,14.72,15.45,
302.00,9.75,9.88,10.44,9.50,10.06,9.48,10.50,10.00,9.82,10.28,10.66,11.00,10.51,10.72,11.05,10.95,10.89,11.56,11.48,11.74,11.64,11.76,11.38,12.77,12.93,12.19,12.77,10.51,12.32,13.33,12.92,13.24,13.32,14.04,14.60,14.76,14.60,15.18,13.91,15.47,14.90,15.31,13.91,15.45,16.45,14.60,15.76,15.59,15.59,15.88,16.02,15.89,16.03,16.60,16.48,17.70,16.47,16.19,16.19,17.58,
303.00,10.52,10.80,11.11,10.52,10.95,10.41,11.32,11.21,10.98,11.61,11.99,12.12,11.83,11.71,12.30,12.47,12.69,12.99,12.54,12.89,12.73,13.24,13.03,13.79,15.00,13.31,14.53,12.13,14.86,15.51,14.75,13.84,15.21,15.13,16.40,16.56,15.86,17.29,15.88,16.94,16.72,17.13,16.04,17.48,18.66,16.38,17.23,17.05,17.98,17.76,18.14,18.66,18.23,18.21,18.39,19.93,18.09,18.70,17.94,19.83,
304.00,11.70,12.14,12.29,12.12,12.16,11.95,12.24,12.66,12.45,12.96,13.06,13.09,13.09,13.22,13.66,13.69,14.10,13.99,14.14,13.97,14.33,13.89,15.50,15.93,16.51,14.65,16.32,13.48,16.36,17.80,17.03,15.65,16.60,16.79,17.93,17.95,17.23,18.48,18.08,19.03,18.74,18.69,18.16,19.13,20.79,19.21,19.65,20.07,20.74,20.40,20.35,21.40,21.21,20.84,20.79,22.36,21.12,21.92,21.31,22.79,
305.00,12.95,13.41,13.77,13.32,13.49,13.69,13.86,14.06,13.89,14.06,14.37,14.71,14.76,15.30,15.67,15.30,15.87,15.75,15.75,15.95,16.32,15.77,17.96,17.54,17.46,16.83,18.81,14.28,18.45,19.16,18.81,18.10,19.51,19.87,20.29,20.15,19.87,20.29,20.72,21.63,21.35,21.63,21.49,21.28,23.05,21.78,21.85,23.69,23.33,23.54,23.47,24.60,24.67,23.83,23.54,24.96,24.53,25.38,24.74,25.95,
306.00,14.32,14.40,15.05,14.71,15.42,15.29,15.40,15.73,15.64,15.86,16.49,16.92,16.96,17.57,17.57,17.35,18.14,17.96,17.74,18.24,18.34,18.12,19.83,18.80,19.55,19.92,21.50,16.21,20.90,21.17,21.55,21.09,22.66,22.56,23.77,23.26,23.03,23.55,23.49,25.02,23.90,24.65,24.51,24.93,25.11,25.07,25.26,27.16,25.81,26.87,26.68,27.85,28.17,26.87,26.73,28.45,28.41,29.19,28.73,29.51,
307.00,16.22,16.47,16.72,17.02,17.26,17.44,17.17,18.21,18.18,18.57,18.82,19.14,19.28,19.95,19.88,19.95,20.88,20.50,20.54,20.75,20.91,21.63,22.50,21.94,23.12,23.59,23.91,18.10,24.45,24.34,25.65,23.99,25.17,25.03,26.55,26.89,26.25,27.51,26.75,27.65,27.91,27.64,28.70,28.53,29.13,29.44,29.53,31.17,30.63,31.50,30.75,32.24,32.00,31.04,31.52,32.52,32.86,33.78,33.26,34.17,
308.00,18.77,19.19,19.25,19.66,20.04,20.51,20.14,20.78,21.20,21.14,21.61,21.93,22.45,22.94,22.83,23.19,23.76,23.65,24.08,24.04,24.41,24.73,26.29,25.77,26.56,27.74,27.35,20.60,28.39,28.11,29.82,28.55,29.18,29.46,30.10,30.24,29.83,31.67,31.31,32.07,33.66,31.97,33.53,33.01,33.65,34.56,34.19,36.13,35.47,36.28,35.76,36.95,36.79,36.94,37.08,37.60,39.57,39.69,38.78,39.56,
309.00,21.85,22.02,22.61,22.90,23.98,23.97,23.80,24.56,25.00,24.73,25.34,25.76,26.54,27.17,26.84,27.07,27.66,27.64,28.36,28.66,29.01,29.03,30.19,30.50,31.33,32.32,32.39,22.86,32.84,32.16,34.29,34.59,34.37,35.04,36.06,35.58,34.97,36.92,36.74,37.88,39.27,38.17,38.75,38.94,39.58,40.03,40.50,41.73,41.47,42.20,42.14,43.35,42.77,43.89,43.92,44.02,45.94,46.14,45.90,46.20,
310.00,25.70,26.01,26.65,27.06,28.08,27.82,28.15,29.08,29.30,29.56,30.15,30.67,31.22,31.77,31.60,31.95,32.74,33.00,33.71,34.03,34.19,35.21,34.77,35.78,36.51,38.40,37.72,26.08,38.28,38.35,39.96,40.36,40.49,41.73,42.43,42.28,41.76,43.29,43.09,44.50,45.53,44.93,45.15,46.11,46.29,46.72,47.77,48.35,48.76,49.41,49.26,50.27,50.34,51.05,51.33,51.81,53.57,53.90,54.15,54.43,
311.00,30.10,30.78,30.94,31.60,32.32,32.62,33.06,33.79,34.31,34.83,35.27,35.42,36.31,36.70,36.75,37.78,38.27,38.50,39.40,39.52,39.90,41.50,40.56,41.84,42.68,44.27,43.58,30.13,45.03,44.76,46.37,46.62,46.86,48.42,48.59,49.14,48.65,50.79,50.17,51.02,52.52,52.01,52.42,53.68,53.91,54.38,54.82,55.12,57.14,57.09,57.27,57.89,57.94,59.07,59.44,60.33,60.93,61.55,61.87,63.37,
312.00,35.31,35.75,36.20,36.86,37.97,37.99,38.45,39.31,39.69,40.46,40.67,41.04,42.18,42.62,42.39,43.94,43.98,44.28,45.93,45.75,46.60,46.93,47.73,48.78,49.35,50.60,50.28,34.11,51.61,51.71,53.40,54.58,53.64,55.52,55.74,56.13,55.86,58.05,57.36,58.46,60.15,59.29,60.23,61.67,62.35,62.42,63.40,63.01,65.97,65.36,65.82,66.56,66.78,67.98,68.25,69.11,69.91,70.58,71.11,72.32,
313.00,41.00,41.39,42.11,42.65,43.82,43.83,44.64,45.57,45.63,46.79,47.17,47.71,48.68,49.47,49.23,50.59,50.79,51.27,52.98,53.21,54.04,54.63,55.61,56.36,56.51,57.83,57.94,38.24,59.06,59.17,60.63,62.81,62.20,63.90,63.43,64.51,64.86,65.61,65.63,66.60,68.32,67.93,69.52,70.13,71.22,71.24,72.56,72.55,75.36,75.00,75.61,75.75,76.82,77.09,77.69,78.30,79.86,80.49,80.85,82.64,
314.00,47.09,48.02,48.47,48.98,50.04,50.44,51.13,52.23,52.33,53.70,54.29,54.90,55.84,56.46,56.50,57.84,58.57,59.07,60.26,60.83,61.54,62.66,63.18,63.84,64.19,65.47,66.08,44.10,67.42,67.04,68.81,71.21,71.10,72.53,72.42,73.41,74.42,74.83,74.87,75.63,76.83,77.84,78.57,79.73,79.75,80.98,81.94,81.85,84.34,84.96,85.97,85.50,87.19,87.29,87.83,88.29,89.86,90.55,91.53,92.97,
315.00,53.90,54.77,55.19,56.01,56.92,57.47,57.89,59.10,59.68,61.04,61.30,62.10,63.24,63.94,63.97,65.49,66.31,66.65,68.10,68.48,69.53,70.42,71.58,72.07,72.83,73.19,74.01,49.52,75.91,75.90,78.04,79.47,79.38,80.15,81.04,82.37,83.84,84.27,83.98,84.56,85.93,87.19,88.18,89.73,89.40,91.30,92.43,91.66,94.62,95.79,95.87,95.62,97.04,97.29,98.09,99.38,100.88,100.64,101.97,103.42,
316.00,61.18,62.03,62.81,63.90,64.46,65.35,65.81,66.98,67.71,68.70,69.31,70.30,71.56,72.17,72.68,73.77,74.59,75.25,76.68,77.26,78.28,78.63,81.12,81.36,81.54,82.45,82.93,55.59,85.36,85.54,87.55,88.76,88.94,89.61,90.57,91.61,93.25,93.97,94.82,94.64,96.82,97.18,98.94,99.98,100.40,102.15,103.67,102.58,105.25,106.46,107.00,107.13,108.52,108.22,109.67,110.82,113.07,112.16,113.86,114.83,
317.00,68.50,69.79,70.78,71.70,72.40,73.69,74.37,75.28,76.17,76.85,78.16,79.15,80.33,81.15,81.95,82.54,83.87,84.63,85.41,86.75,87.51,87.89,90.35,90.96,91.00,91.93,93.06,62.27,95.49,95.00,97.15,98.73,99.58,99.78,101.69,102.41,102.89,104.47,105.40,106.14,107.38,108.36,109.85,110.54,111.56,113.50,115.23,114.55,116.37,117.95,118.63,118.92,120.33,120.62,122.15,123.17,125.06,124.50,126.52,126.93,
318.00,75.97,77.34,78.29,79.40,80.15,81.46,82.05,83.34,84.34,85.06,86.24,87.44,88.42,89.38,90.18,91.01,92.81,93.50,94.08,95.39,96.06,96.88,98.39,99.39,100.12,100.81,101.91,68.38,104.38,104.69,106.42,108.28,108.57,109.92,112.42,112.23,112.64,114.65,115.14,117.37,117.28,118.53,119.85,121.04,121.72,123.83,125.96,125.48,126.66,128.99,129.44,129.88,131.33,131.80,133.27,134.33,136.16,135.73,138.29,138.21,
319.00,83.23,84.46,85.58,86.94,87.42,88.77,89.51,90.47,92.03,92.75,93.93,94.79,96.01,96.88,98.05,99.31,100.71,101.44,102.12,103.62,104.30,105.12,106.58,107.68,108.90,109.26,109.86,73.82,112.68,113.76,115.43,116.16,117.51,118.36,120.55,121.74,121.98,124.19,124.07,126.61,126.85,127.94,129.41,130.26,131.72,133.39,135.47,135.84,137.06,138.50,139.36,139.85,141.43,142.26,142.74,144.81,146.25,145.66,148.32,149.06,
320.00,90.46,91.64,93.18,94.28,95.11,96.39,97.51,98.36,99.93,100.32,101.97,102.59,104.11,105.02,106.39,107.47,108.63,109.70,110.31,112.05,112.69,112.94,115.47,116.81,117.69,118.29,118.71,79.98,122.03,122.72,123.86,125.28,126.41,127.83,129.84,130.45,130.72,133.83,133.10,136.16,137.00,137.28,139.45,140.22,142.85,143.00,145.60,145.82,147.94,148.62,149.71,150.85,152.31,152.58,153.26,154.96,155.86,156.55,158.47,159.63,
321.00,98.28,99.24,101.16,101.77,103.39,104.10,105.65,106.56,107.97,108.63,110.31,111.11,112.25,113.52,114.74,115.71,117.18,118.39,119.35,120.90,122.04,122.06,124.29,125.63,127.16,127.69,128.18,85.76,130.42,131.88,132.58,135.09,136.31,138.21,139.19,139.86,140.50,142.96,142.43,146.05,147.10,147.08,150.24,149.51,152.58,153.09,155.87,156.52,158.72,159.57,160.60,162.15,163.27,163.88,163.98,165.49,166.75,168.41,169.43,170.84,
322.00,107.37,108.45,110.16,110.96,112.34,112.95,114.99,115.58,117.50,118.60,119.88,120.85,122.08,122.99,124.53,125.84,127.29,128.62,129.45,131.04,132.12,132.93,133.77,135.63,137.51,138.44,138.49,92.70,141.17,142.81,143.63,145.98,147.27,150.11,150.35,151.42,152.67,154.76,154.20,157.73,158.77,159.33,161.68,161.52,164.38,165.53,167.52,168.65,170.57,171.49,173.20,174.70,175.64,176.37,176.52,177.71,179.04,181.68,182.12,183.88,
323.00,117.64,118.93,120.56,121.64,123.28,123.81,125.99,126.36,128.60,129.98,131.30,132.11,133.69,134.54,136.11,137.58,139.13,140.24,141.27,142.90,144.38,145.11,146.48,148.15,149.90,151.09,151.30,101.57,154.22,155.93,157.15,158.68,160.18,162.80,163.29,165.09,166.27,169.30,167.77,171.16,171.98,173.47,175.00,175.76,178.41,180.15,181.78,182.90,185.55,186.01,187.42,189.58,190.22,191.08,191.50,192.84,194.46,196.90,198.46,199.34,
324.00,128.76,129.99,131.88,133.14,135.01,135.94,138.05,138.39,140.59,142.05,143.54,144.57,146.20,147.10,148.95,150.15,151.83,153.23,154.35,155.83,157.95,158.43,160.28,161.75,162.99,165.39,165.28,110.92,167.95,170.40,171.77,172.85,173.81,176.87,177.82,178.75,180.87,183.81,183.14,185.48,187.75,188.40,190.72,191.18,194.49,196.18,197.31,197.96,201.67,202.31,203.15,206.05,205.96,206.59,208.02,209.83,211.40,213.85,215.32,215.94,
325.00,140.28,142.08,143.93,145.04,147.03,148.32,150.55,150.96,153.39,154.82,156.57,158.13,159.26,160.46,162.42,163.52,165.49,166.93,167.99,169.81,171.65,172.54,174.48,175.43,177.15,179.35,180.51,121.18,183.05,185.04,186.56,188.67,189.35,192.76,193.00,194.16,196.21,199.04,198.75,201.53,203.99,204.29,206.66,207.71,210.41,213.25,213.80,214.47,218.08,219.54,220.72,222.95,223.12,223.63,226.62,227.65,229.32,232.02,233.53,233.84,
326.00,152.45,154.63,156.17,157.97,159.67,161.30,163.37,164.24,166.71,168.42,170.14,171.66,173.41,174.10,176.07,177.88,180.27,181.24,182.13,184.21,185.80,187.23,189.09,189.83,191.92,193.95,194.81,131.62,198.94,199.72,202.29,204.98,204.69,208.19,210.18,210.60,212.82,215.79,214.73,218.33,219.88,221.61,223.06,225.20,227.83,230.88,230.94,232.49,235.34,237.21,237.93,240.37,240.59,241.84,244.10,245.85,247.81,250.45,252.51,252.33,
327.00,164.14,166.25,167.86,169.92,171.69,173.85,175.23,176.67,179.07,180.65,182.43,184.28,186.11,187.12,189.04,190.89,193.28,194.17,195.68,197.25,199.43,200.76,203.49,203.96,205.96,208.69,208.74,142.13,213.29,214.25,217.27,219.16,219.45,222.57,224.64,225.55,228.28,230.77,230.16,233.75,235.23,237.66,238.76,241.61,243.89,246.82,247.77,249.07,251.90,254.55,254.72,256.56,257.22,258.94,260.57,263.06,265.50,267.35,269.93,269.98,
328.00,173.65,176.23,178.17,179.79,181.69,184.20,185.55,186.93,189.43,190.34,193.46,194.90,196.90,198.02,199.94,202.00,204.05,205.34,207.14,208.41,210.54,211.79,215.69,216.55,217.91,220.33,220.54,151.15,225.56,225.61,229.23,231.27,231.27,233.93,236.86,237.16,240.30,243.42,243.02,246.20,248.13,250.75,252.23,254.99,258.24,260.52,261.83,262.01,265.82,268.29,268.80,270.65,271.25,272.40,274.42,278.18,279.24,281.09,283.81,284.66,
329.00,181.88,184.62,186.26,188.04,189.99,192.51,194.31,195.75,198.08,199.17,202.78,204.17,205.87,207.28,209.10,211.09,213.13,214.59,216.65,217.82,219.78,220.66,225.39,226.76,227.46,230.12,230.27,158.41,235.38,234.59,238.24,242.09,241.99,244.35,247.44,247.95,250.81,253.16,253.52,257.10,259.36,261.40,263.42,265.60,268.97,271.51,273.53,272.91,277.45,279.90,280.88,282.66,283.07,283.84,286.72,289.99,291.38,293.09,295.23,296.62,
330.00,189.06,191.69,193.21,195.26,197.03,199.75,201.18,203.19,205.15,206.72,209.87,211.08,213.17,214.60,216.80,219.04,220.99,222.71,224.53,225.44,227.58,229.57,232.47,234.84,235.32,238.77,237.83,164.67,243.08,242.83,246.41,250.24,251.30,253.10,256.55,257.15,260.48,262.04,263.35,266.35,267.90,272.05,272.43,274.34,277.57,280.31,282.70,282.34,286.39,288.79,290.10,292.00,292.95,294.26,295.95,299.52,301.43,302.62,304.89,306.68,
331.00,194.06,196.69,198.73,200.10,202.05,205.35,206.67,208.00,210.50,211.68,215.23,216.49,218.48,220.18,222.27,224.88,225.95,228.08,230.28,230.94,233.19,235.28,238.29,240.91,241.65,244.83,243.75,170.34,249.01,249.07,252.97,255.61,257.72,258.80,262.97,264.24,266.66,269.21,269.30,272.79,274.00,277.90,278.28,281.12,283.46,286.55,289.88,288.61,293.22,295.70,296.78,299.07,299.81,301.46,303.65,306.04,309.17,309.18,311.89,313.77,
332.00,197.33,199.66,202.10,203.25,205.94,208.44,210.36,211.74,213.71,215.43,218.81,219.96,222.34,224.00,226.29,228.60,229.51,231.69,234.00,234.89,237.19,238.90,242.23,244.72,245.39,248.24,247.85,173.83,252.58,253.52,257.19,259.58,261.06,262.04,266.81,268.25,271.50,273.34,273.26,276.03,278.37,280.49,282.44,284.82,288.07,290.33,293.54,292.45,298.03,299.56,300.69,303.19,304.91,304.72,308.00,310.85,314.06,313.08,316.36,318.36,
333.00,198.97,201.29,203.35,204.93,207.15,209.70,211.79,213.50,215.15,217.62,219.96,221.59,223.67,225.62,228.10,229.72,231.34,233.36,235.40,236.95,238.80,240.98,243.01,245.90,246.60,249.90,249.50,175.18,253.90,255.00,259.00,261.60,263.23,264.56,268.21,269.54,273.48,274.29,274.35,277.42,280.72,281.53,284.20,286.34,289.18,291.78,295.09,293.81,299.66,300.59,302.50,304.82,306.56,306.73,310.03,312.23,315.24,315.48,318.03,319.53,
334.00,199.92,202.38,204.52,206.13,208.04,210.53,212.45,214.21,215.95,218.79,220.29,222.03,224.77,226.43,228.87,230.47,232.17,234.41,236.04,237.97,239.52,242.27,242.92,245.62,248.04,250.44,250.51,176.99,254.86,255.81,260.39,262.11,264.02,265.12,269.40,270.89,274.32,275.66,274.89,278.56,280.57,282.33,284.73,287.29,290.54,292.94,295.91,295.11,300.34,301.33,302.97,305.11,307.13,308.51,310.52,312.28,315.63,316.48,318.84,320.02,
335.00,200.84,202.81,205.40,207.34,209.32,211.39,213.54,215.28,216.62,219.63,221.07,223.21,226.00,227.67,229.40,231.28,232.69,234.82,237.34,238.89,240.73,242.73,243.95,246.56,249.15,251.85,251.54,178.72,255.98,257.44,262.16,262.73,264.37,265.34,270.35,272.23,275.02,276.48,275.18,279.26,280.66,282.75,285.61,288.53,291.53,294.22,296.31,296.57,300.95,301.94,303.54,305.94,307.94,309.59,311.38,312.59,316.60,317.49,320.11,320.70,
336.00,202.06,204.64,207.00,209.40,211.48,212.64,215.40,217.26,218.42,221.52,222.86,225.18,227.61,229.48,231.35,232.37,234.50,236.64,239.03,241.08,242.68,244.08,245.74,248.75,250.86,253.95,253.76,180.65,257.96,259.30,264.06,264.53,265.75,266.63,271.41,272.73,275.94,278.07,277.74,281.06,282.08,285.52,287.30,290.29,293.86,296.86,298.86,298.30,302.96,303.96,305.29,307.40,309.73,310.96,313.28,315.07,317.72,319.51,322.40,322.06,
337.00,204.29,207.02,209.10,211.74,213.37,214.97,217.63,219.42,221.02,223.77,225.52,227.70,229.68,231.65,233.69,234.66,237.02,239.40,241.50,243.47,244.90,246.60,247.77,251.39,253.63,255.76,256.64,183.35,260.39,261.40,265.29,267.70,268.58,269.52,274.59,275.43,277.29,279.99,280.76,284.16,285.09,288.93,290.29,292.62,296.88,299.84,302.43,301.02,306.34,307.35,308.01,310.75,312.00,313.71,315.65,317.84,319.77,322.71,325.35,324.63,
338.00,208.31,210.63,213.02,215.52,217.64,219.30,221.46,223.40,225.05,227.85,229.37,231.79,234.03,236.02,237.88,239.19,241.24,243.31,246.04,247.33,249.20,251.31,252.24,255.44,258.13,260.28,261.06,187.58,264.50,266.79,269.62,271.49,273.67,274.54,279.13,281.49,282.34,284.55,286.68,289.83,289.53,294.30,295.64,297.73,302.34,304.93,307.09,306.39,311.18,312.81,312.88,316.47,317.03,319.09,320.60,323.03,325.34,328.08,330.42,329.79,
339.00,213.07,215.31,218.17,220.23,222.38,224.40,226.76,228.62,230.28,232.75,234.65,237.33,239.16,241.33,243.40,244.46,246.58,248.58,251.46,252.48,254.72,257.00,258.69,261.56,263.69,266.15,266.34,193.07,270.33,273.05,275.83,276.86,279.89,281.00,285.16,287.34,288.69,290.89,293.23,296.44,295.66,301.83,301.27,304.30,308.50,311.29,313.59,313.14,317.12,319.90,319.32,323.46,323.92,325.58,327.56,330.42,331.80,335.40,337.52,336.91,
340.00,216.96,219.81,222.53,224.13,226.86,228.76,231.02,232.84,235.03,237.05,239.31,241.91,243.80,245.77,248.40,249.08,251.33,253.58,255.90,257.23,259.59,261.58,264.19,267.01,268.71,270.50,271.15,197.79,275.46,277.78,280.50,282.64,284.48,286.42,290.17,292.37,293.75,296.17,298.42,301.02,301.80,306.66,306.74,309.89,313.78,316.18,319.56,318.79,323.33,326.37,325.14,329.17,329.75,330.60,332.94,336.46,337.78,341.54,343.61,343.26,
341.00,219.55,222.27,224.66,226.59,228.88,231.30,232.94,235.34,237.27,239.70,241.45,244.01,246.63,248.06,250.81,251.87,253.93,256.17,258.80,259.76,262.38,264.68,266.73,269.88,270.86,272.87,274.29,201.05,277.97,280.27,282.95,286.15,287.47,289.72,292.68,295.07,296.90,298.44,301.16,303.62,305.93,308.76,310.55,313.44,316.94,318.93,322.04,321.91,326.24,329.13,328.90,332.63,332.98,334.14,336.06,339.76,340.37,344.25,346.30,346.89,
342.00,221.16,223.50,226.02,228.22,230.37,233.03,233.81,236.58,238.49,241.00,242.44,245.05,248.27,249.48,252.12,253.54,255.40,257.51,259.93,261.09,264.08,266.85,268.03,271.36,272.15,274.53,275.39,203.54,278.85,282.05,285.21,287.36,288.67,291.24,294.40,296.21,299.23,300.05,302.75,305.83,307.08,310.57,311.50,314.89,318.00,320.61,323.28,323.51,327.15,330.96,331.28,334.01,335.17,336.34,338.39,341.11,342.31,345.44,347.88,348.27,
343.00,221.52,224.53,227.39,229.40,231.48,233.90,235.37,237.82,239.93,241.75,243.59,246.13,249.23,250.25,253.16,254.68,256.37,258.52,261.01,262.23,265.60,267.33,269.56,271.84,273.30,275.96,276.75,205.77,280.76,283.29,286.58,288.80,289.37,291.96,296.48,297.25,299.89,302.44,302.90,306.97,308.07,312.25,312.28,316.02,318.94,322.06,324.55,325.51,327.68,332.30,332.75,335.27,336.62,337.78,339.60,342.14,344.25,346.84,348.63,350.77,
344.00,221.97,225.04,227.22,229.77,232.32,234.10,235.68,238.26,240.42,242.35,243.93,246.73,249.52,250.77,253.59,255.26,257.19,259.06,261.57,262.86,266.18,267.53,269.69,272.19,273.48,276.61,277.62,207.03,281.35,283.49,286.85,289.58,289.90,292.10,296.71,297.88,300.20,303.40,303.78,306.74,309.20,312.43,312.69,316.71,319.27,322.40,324.65,325.72,327.82,332.50,333.72,335.44,337.11,338.21,339.78,341.87,345.05,346.93,349.51,350.86,
345.00,222.26,225.64,227.47,230.04,232.25,233.93,235.65,238.32,240.32,242.67,244.28,246.90,249.54,250.70,253.88,255.22,257.51,259.30,261.73,263.41,266.27,267.84,269.46,272.09,273.76,276.79,278.34,208.08,281.61,283.79,287.10,289.52,290.37,292.24,296.69,297.47,299.47,303.65,303.93,306.50,309.21,312.19,312.97,316.21,319.91,322.99,325.04,325.60,328.01,332.41,333.42,335.71,337.39,337.67,339.60,341.94,345.26,346.25,349.25,350.30,
346.00,223.46,226.91,228.98,230.82,233.84,234.99,236.99,239.63,241.67,244.10,245.93,248.30,250.56,251.98,255.09,256.24,258.91,260.38,262.78,264.34,267.33,269.36,271.49,272.32,275.56,278.44,279.55,210.12,283.08,285.31,288.01,290.29,291.69,293.89,298.33,299.31,300.99,304.83,305.20,307.92,310.74,313.31,314.61,316.55,321.71,324.46,326.43,326.77,329.96,333.80,334.63,337.68,339.03,339.06,341.26,343.41,347.15,347.87,350.65,351.89,
347.00,225.92,229.67,231.84,233.35,237.14,237.67,240.25,242.76,244.62,247.00,249.04,251.65,253.21,255.08,258.16,259.11,261.93,263.29,265.89,267.41,270.15,272.56,275.19,275.73,278.98,282.09,282.99,213.80,286.70,288.74,291.69,293.62,295.30,297.87,301.31,303.59,304.95,308.82,308.56,311.75,314.37,317.17,318.60,320.82,325.86,328.34,330.16,330.96,333.45,337.87,337.79,341.48,342.52,342.99,345.25,347.33,351.09,352.70,354.59,355.65,
348.00,229.89,233.43,235.36,236.91,240.53,241.20,243.90,246.24,248.36,250.72,252.66,255.93,257.05,259.11,262.15,262.90,265.85,267.60,269.77,271.68,273.87,276.75,279.67,280.51,283.35,285.85,287.30,218.57,291.17,292.37,296.50,298.31,299.85,301.56,305.05,307.78,309.51,313.30,313.07,316.00,319.30,321.62,323.73,325.69,330.75,333.07,335.31,335.62,339.07,342.76,342.50,345.69,347.54,347.74,351.00,352.73,356.62,357.72,359.70,360.07,
349.00,233.46,237.13,239.08,240.48,243.99,245.10,247.25,249.78,252.05,254.15,256.35,259.38,261.06,262.63,265.86,266.74,269.89,271.68,273.24,275.64,277.50,280.83,283.25,284.77,287.52,289.57,291.13,222.66,295.20,296.41,300.42,303.38,304.21,306.46,308.98,311.74,313.40,316.88,316.81,319.81,324.11,325.39,328.98,329.48,335.74,337.79,340.26,340.69,345.04,347.26,347.28,350.49,352.41,352.15,355.49,357.84,361.78,362.31,365.26,365.41,
350.00,237.51,240.71,243.18,244.88,248.26,249.71,251.84,254.34,256.64,258.64,260.71,263.86,265.72,267.52,270.33,271.87,274.46,276.11,277.95,280.10,282.35,286.48,287.83,289.63,292.34,294.83,296.12,227.68,300.05,301.97,305.60,308.83,309.93,311.97,314.79,317.83,319.27,322.18,322.36,326.29,329.51,331.25,334.50,335.16,341.58,343.58,346.05,346.61,350.76,353.33,353.58,356.73,357.73,357.99,361.95,364.19,368.23,369.09,371.29,371.97,
351.00,243.29,246.65,249.37,251.21,254.31,256.20,258.36,260.67,263.08,264.68,267.13,270.46,272.34,274.44,277.11,279.24,281.30,283.01,284.94,287.26,289.59,293.22,294.51,297.50,299.72,302.30,303.69,234.91,307.18,309.63,313.46,316.85,317.78,318.99,323.03,326.31,327.47,330.83,330.05,334.85,337.07,340.08,342.50,343.41,349.78,351.74,355.05,355.70,359.33,362.48,362.48,365.70,366.67,366.45,370.66,373.33,377.35,378.56,380.60,381.12,
352.00,249.03,252.59,254.64,256.95,259.38,261.83,264.07,266.19,268.77,270.70,272.94,276.05,278.51,280.43,283.18,285.44,287.52,289.45,291.38,293.78,295.94,298.98,301.15,304.60,306.42,309.07,310.78,241.28,313.58,316.50,320.04,324.40,325.05,325.12,329.99,333.66,334.81,337.96,337.92,341.93,344.66,348.30,350.07,351.11,356.86,359.87,363.12,363.46,367.20,369.96,370.73,374.22,374.41,374.26,378.20,382.19,385.61,386.83,389.43,389.58,
353.00,252.46,256.13,258.51,260.52,262.92,265.36,267.51,269.90,272.07,274.63,276.90,279.44,282.24,284.06,286.98,289.16,291.46,293.23,295.27,297.78,299.71,303.09,304.47,308.65,310.62,313.76,315.10,245.20,318.16,320.88,323.37,328.85,329.91,330.30,334.62,338.18,338.54,342.01,342.49,346.03,349.23,352.40,354.63,356.39,361.49,364.24,368.72,368.27,372.34,375.12,375.90,379.20,379.72,378.97,382.68,387.57,390.91,392.56,395.58,395.12,
354.00,252.98,256.40,259.45,261.37,263.46,265.89,268.44,270.40,272.70,275.50,277.64,280.08,282.65,284.73,287.60,289.91,292.17,293.86,296.48,298.16,300.20,303.89,305.37,309.11,311.36,315.22,315.85,247.21,318.81,321.61,324.30,329.43,330.18,331.14,335.89,339.35,339.72,342.25,343.55,347.62,349.91,352.88,355.47,357.59,362.31,365.16,369.71,367.86,372.17,376.46,377.10,380.76,380.68,379.56,383.85,388.49,391.47,393.18,396.04,396.15,
355.00,250.12,253.84,256.46,258.24,260.56,262.72,265.33,267.16,269.47,272.39,274.55,276.84,279.58,281.47,284.17,286.45,288.73,290.51,292.95,294.63,296.99,300.00,302.05,305.61,308.00,311.74,312.20,245.29,315.09,318.01,321.00,325.15,325.93,327.14,331.72,336.11,336.47,338.47,340.10,343.63,345.84,348.91,351.30,353.41,358.04,361.26,365.09,363.29,367.54,371.78,372.24,376.37,376.51,376.16,379.69,383.84,386.41,388.60,391.53,391.68,
356.00,246.38,249.79,251.96,254.21,256.02,258.40,260.62,262.89,265.17,268.36,270.04,272.58,274.75,276.89,279.87,281.56,283.88,286.22,288.05,289.94,292.11,294.83,298.06,300.83,302.79,306.52,306.86,242.13,310.82,312.42,316.20,319.34,320.24,322.11,325.90,331.12,330.85,332.88,334.57,337.65,339.86,343.27,345.11,348.21,352.21,355.72,358.77,357.22,360.83,365.72,365.75,369.77,370.50,370.60,373.36,377.19,379.60,382.35,385.07,385.34,
357.00,242.74,245.99,248.95,250.81,252.34,254.99,257.07,259.12,261.81,264.58,266.56,268.96,271.06,273.12,276.03,277.57,280.03,282.23,284.24,286.01,288.29,290.46,293.57,296.80,298.29,301.48,302.47,239.88,306.82,307.70,311.79,314.89,316.03,318.34,321.02,325.71,325.56,328.18,329.75,332.50,335.42,337.15,340.70,342.56,347.27,350.42,352.90,351.73,355.78,360.53,360.97,363.53,365.25,365.58,367.66,370.80,373.93,376.26,379.94,380.45,
358.00,239.31,242.57,245.32,247.52,249.11,251.78,253.71,255.97,258.70,260.81,263.04,265.59,267.56,269.67,272.15,274.07,276.23,278.56,280.74,282.11,284.96,287.32,289.86,292.86,294.13,297.57,298.46,237.86,302.70,304.02,307.99,310.55,311.92,314.88,317.01,321.05,322.11,323.70,325.83,328.84,331.40,333.13,336.12,337.76,342.90,346.15,347.96,346.56,351.12,355.62,356.26,359.32,360.36,360.88,362.61,365.64,368.66,370.65,374.60,374.93,
359.00,239.80,243.01,245.34,247.68,249.56,252.00,254.04,256.75,259.19,261.18,263.66,266.24,267.93,270.13,272.53,274.60,276.37,278.73,281.11,282.98,285.88,287.57,290.69,293.04,294.61,297.65,298.83,239.99,303.69,303.92,308.42,310.39,312.24,314.53,317.83,321.75,322.44,324.29,326.08,328.72,331.36,333.70,335.87,337.81,343.12,346.35,347.91,347.41,351.74,355.85,355.96,359.28,360.45,361.54,362.69,366.32,368.99,371.03,374.38,374.88,
360.00,245.43,248.45,251.11,253.00,255.02,257.64,259.80,262.59,264.94,267.03,269.64,272.31,274.18,275.84,278.83,280.62,282.97,284.98,287.38,289.49,292.04,293.58,297.58,299.86,300.53,303.10,305.26,246.72,309.73,310.83,315.29,317.85,318.86,320.77,324.55,327.87,329.70,331.37,333.12,335.45,338.33,341.08,344.11,345.49,350.68,353.30,355.68,355.50,359.73,363.87,364.27,366.34,368.34,369.39,370.52,374.71,377.01,379.62,382.62,382.82,
361.00,251.35,254.67,257.37,258.92,261.69,263.85,266.45,268.81,271.32,273.35,276.08,278.80,280.94,282.49,285.43,287.30,290.04,291.87,294.93,296.48,298.95,301.85,304.32,307.10,307.87,311.07,312.53,253.80,316.80,318.34,322.57,326.11,327.24,329.25,332.16,334.55,337.28,339.11,341.27,343.98,347.14,348.94,352.88,354.44,359.40,361.72,364.38,364.30,368.72,372.61,373.30,374.95,377.06,378.38,379.31,383.38,386.61,388.03,391.86,392.07,
362.00,258.66,262.30,264.72,266.48,269.79,271.35,274.26,276.88,279.38,280.94,283.98,287.16,289.09,290.72,293.80,295.80,298.50,300.26,303.23,304.71,307.62,311.26,312.98,315.12,317.28,320.11,321.18,262.93,325.62,327.36,331.94,335.87,336.78,338.85,342.67,344.36,347.84,348.90,350.91,354.69,356.84,359.21,362.79,364.89,370.14,371.75,375.00,374.88,379.52,383.54,383.72,385.94,387.78,389.24,390.34,394.36,398.01,399.07,402.73,403.11,
363.00,270.06,273.97,276.19,278.15,281.23,282.72,286.45,288.76,291.46,293.57,296.57,299.74,301.66,303.69,306.88,308.53,311.36,312.92,316.22,317.92,321.16,324.06,327.00,328.55,331.20,333.67,335.26,276.06,339.86,341.57,346.94,350.17,350.90,352.96,357.85,359.80,363.45,364.87,365.74,370.26,371.75,375.06,378.88,380.58,386.49,388.11,391.03,391.12,396.01,400.42,399.79,402.63,404.55,406.43,407.91,411.75,414.84,415.87,419.60,420.37,
364.00,282.44,286.66,288.95,290.87,294.04,295.79,299.41,301.68,304.77,307.50,309.92,313.34,315.32,317.87,320.74,322.49,325.60,327.49,330.92,332.57,335.34,338.49,342.38,343.64,346.50,349.27,350.35,290.01,355.48,357.59,362.31,366.74,367.07,369.65,373.77,375.40,379.74,382.03,382.70,388.11,388.36,392.88,396.00,398.85,403.67,406.27,408.92,409.58,414.12,418.95,417.99,421.34,423.03,425.26,427.27,430.41,433.63,435.49,438.20,439.20,
365.00,292.41,296.55,299.08,301.68,304.47,306.83,309.95,312.23,315.47,318.30,320.62,324.35,326.38,329.45,332.01,334.07,336.84,339.32,342.85,344.42,347.17,351.20,354.15,355.91,359.33,362.44,363.14,301.72,369.40,369.94,374.90,379.72,380.98,383.32,388.00,388.90,392.63,395.66,395.97,401.95,402.50,406.94,409.49,412.99,417.88,421.20,423.37,424.16,429.27,433.77,432.79,436.41,438.74,440.04,442.01,445.69,449.61,451.18,453.64,454.90,
366.00,301.51,305.46,308.60,311.08,313.31,316.47,319.75,321.86,325.03,327.99,330.68,334.22,336.50,339.72,342.01,344.32,346.55,349.47,352.97,354.62,358.02,361.94,364.99,366.20,370.04,373.00,374.54,312.34,380.99,381.97,386.31,391.27,392.56,394.91,399.76,401.07,405.48,407.33,408.63,414.05,415.40,418.89,421.68,424.52,430.78,433.92,436.47,436.54,442.40,446.35,446.54,449.80,451.74,453.27,455.65,460.37,462.57,465.77,468.26,468.64,
367.00,308.53,312.52,315.49,318.02,320.33,323.77,326.79,328.97,332.07,335.82,338.33,341.53,344.26,347.18,349.68,351.84,354.29,357.16,360.63,362.60,366.02,369.83,373.41,374.63,378.31,381.97,382.94,320.69,389.79,391.01,394.87,399.11,401.34,403.53,408.90,410.55,414.96,416.74,416.90,423.14,424.17,428.73,431.10,434.10,440.72,443.94,446.28,445.81,452.65,456.35,456.19,459.99,461.98,462.76,466.06,470.96,472.63,475.88,478.23,479.52,
368.00,312.14,315.92,319.37,321.55,324.19,327.98,329.99,332.45,335.57,339.75,342.20,345.16,348.26,350.40,353.47,355.85,358.33,361.46,364.31,366.69,369.48,374.13,377.65,379.63,382.65,386.32,387.17,325.40,393.68,395.33,398.87,403.80,404.96,407.15,412.55,414.80,418.57,420.57,421.70,427.77,428.60,433.10,435.61,438.75,445.19,448.36,451.23,450.93,457.25,460.86,461.59,464.87,466.69,467.39,471.56,475.87,477.94,481.81,484.05,485.47,
369.00,311.51,315.68,319.15,320.99,323.81,327.80,329.95,332.04,334.73,338.38,341.85,344.69,347.92,349.76,352.93,355.30,357.82,360.63,363.48,365.65,368.84,373.78,376.57,379.18,381.92,386.04,386.96,325.32,392.54,394.76,397.70,403.50,404.53,406.73,411.46,414.18,417.78,420.06,421.21,426.58,428.59,431.64,435.24,437.41,444.88,447.61,450.19,450.13,455.94,459.88,461.22,464.17,466.32,466.60,470.40,474.76,477.50,480.81,483.70,485.06,
370.00,307.55,311.78,314.79,316.54,319.95,323.27,326.00,327.70,330.53,333.92,337.59,340.61,343.14,345.09,348.65,350.64,353.11,355.73,358.53,360.49,364.28,369.24,371.36,374.48,376.78,380.76,382.40,322.03,387.25,389.35,393.04,398.29,399.13,401.66,405.91,408.73,412.38,414.84,416.13,421.16,423.21,425.18,428.96,432.06,439.67,441.21,444.18,443.73,450.36,454.28,455.34,458.12,459.88,460.41,463.98,468.42,471.29,474.44,477.07,479.18,
371.00,300.07,304.72,307.02,309.17,312.14,315.41,317.99,319.75,322.73,326.13,329.25,332.61,334.59,336.79,340.46,342.02,344.87,346.98,349.81,351.76,355.71,360.13,362.62,365.61,367.72,371.51,372.99,315.48,377.45,380.03,384.72,388.11,388.97,391.46,396.70,399.44,402.17,404.86,406.06,411.22,412.64,415.56,418.82,421.93,428.48,430.59,432.90,432.60,439.81,442.92,444.09,447.08,448.82,449.57,452.52,456.53,460.04,462.51,465.30,467.36,
372.00,292.46,296.94,299.47,301.16,304.48,307.88,309.82,312.01,314.55,317.67,321.03,324.22,325.98,328.26,331.96,333.50,336.25,338.40,341.16,343.03,346.52,350.80,353.38,356.24,358.15,362.22,363.41,308.18,367.28,370.49,374.81,378.36,378.92,380.89,386.31,388.71,391.17,394.37,396.79,400.66,402.45,405.35,408.19,411.32,417.08,419.53,421.72,421.91,428.40,431.41,432.75,435.66,437.60,438.39,441.91,445.16,448.36,451.18,453.05,454.83,
373.00,287.17,291.75,293.64,295.64,299.62,301.96,304.52,306.66,309.05,311.78,314.89,318.43,319.93,322.69,326.00,327.68,330.39,332.25,335.50,337.15,340.58,345.11,346.88,349.66,351.49,355.57,356.99,304.14,361.13,363.62,368.10,371.76,373.25,375.07,379.54,381.79,384.01,387.78,389.56,392.83,395.53,397.44,400.71,404.12,409.72,412.03,414.16,414.44,420.38,423.55,424.83,427.42,430.15,430.73,433.17,436.78,440.58,443.03,443.94,445.18,
374.00,287.73,292.13,293.95,296.27,299.91,301.98,304.70,306.99,309.82,312.56,315.32,318.86,320.48,323.12,326.42,328.18,330.79,332.77,335.92,337.69,341.37,345.84,347.62,349.86,351.83,355.59,357.26,306.01,361.87,363.50,369.37,371.89,373.76,375.44,380.31,382.34,385.05,386.85,389.70,393.26,396.25,397.98,401.51,404.76,410.16,412.41,414.86,414.93,421.21,424.18,425.25,427.55,431.12,430.81,433.62,437.34,440.48,443.27,444.77,445.07,
375.00,295.37,299.91,301.97,304.42,307.66,310.04,312.46,315.02,318.14,320.96,323.68,327.22,329.24,331.86,334.98,336.81,339.67,341.60,344.79,346.71,350.37,354.62,357.45,359.46,362.02,365.42,366.60,315.71,371.41,373.31,379.19,380.77,383.58,385.58,390.97,393.40,396.13,397.49,399.80,403.52,406.57,409.44,412.80,415.15,420.71,423.83,426.21,426.38,432.40,435.56,436.39,439.16,442.32,442.04,445.21,448.92,452.50,454.53,456.75,456.82,
376.00,306.11,310.35,312.85,315.30,318.93,321.13,323.42,326.33,329.56,332.55,335.42,338.54,341.15,343.75,347.07,348.96,352.24,354.29,357.06,359.37,362.65,367.60,370.70,372.82,375.54,378.72,380.23,328.94,385.31,386.69,392.34,395.28,397.20,399.84,404.23,407.14,410.43,412.42,414.05,418.63,421.44,424.18,428.18,429.77,435.58,439.31,441.85,442.43,448.12,451.52,452.71,455.17,458.44,458.03,461.18,465.39,468.70,471.13,473.08,473.41,
377.00,316.29,320.58,323.51,325.90,329.25,331.32,334.74,337.05,340.77,343.38,346.55,349.74,352.53,355.35,358.10,360.44,363.96,366.28,368.93,371.15,374.57,380.40,383.00,385.24,388.28,391.33,392.82,341.45,398.83,399.66,405.10,409.04,410.68,413.48,417.54,420.77,424.07,426.23,428.17,432.41,436.14,438.34,442.26,443.65,449.95,454.49,456.79,457.06,462.63,466.56,468.42,470.18,474.01,473.42,475.95,480.38,484.59,486.83,489.11,490.08,
378.00,323.93,327.66,331.25,333.48,336.44,339.11,342.44,344.88,348.75,351.39,354.71,357.83,360.93,363.60,366.30,368.49,371.94,374.56,377.10,379.20,383.14,389.19,391.48,394.12,397.68,400.92,401.92,350.23,408.22,409.44,413.93,418.06,420.36,423.29,427.53,430.95,433.80,435.76,438.03,443.29,446.23,448.62,452.26,454.12,460.10,465.40,467.59,468.24,473.82,477.38,478.76,481.74,485.12,484.54,487.42,491.97,495.69,498.78,500.83,502.16,
379.00,322.32,325.83,329.85,332.08,334.94,337.78,340.52,343.51,346.69,349.96,352.92,356.18,358.96,361.77,364.52,366.78,370.03,372.65,375.09,377.35,381.16,387.31,389.62,392.76,396.17,398.94,400.01,350.08,406.09,407.87,412.03,416.03,418.31,421.15,425.77,429.26,431.38,434.24,436.12,441.63,443.65,446.69,449.63,451.51,457.88,463.35,465.56,465.76,471.82,474.97,476.66,479.47,482.09,482.21,485.52,490.60,492.95,496.66,498.56,500.36,
380.00,309.64,312.95,316.82,319.05,321.89,324.66,327.00,330.15,332.98,336.06,339.10,341.97,344.83,347.19,349.92,352.28,355.42,358.06,360.20,362.48,365.89,371.46,374.48,377.23,379.89,382.64,383.99,337.03,389.63,392.04,395.65,400.09,401.15,403.68,408.08,412.10,414.04,416.54,419.05,424.50,425.60,429.08,431.28,433.31,439.37,444.94,447.01,447.17,452.90,455.95,457.43,460.40,463.26,463.33,466.79,471.06,473.20,476.46,478.60,480.36,
381.00,294.54,297.82,301.63,303.56,306.33,308.94,311.49,314.20,316.81,319.49,322.67,325.50,328.21,330.57,332.74,335.18,338.20,340.48,342.87,344.67,347.90,353.27,355.67,358.36,360.90,363.97,365.39,321.39,370.27,372.92,375.74,380.48,382.24,384.45,387.94,391.74,392.90,395.93,398.09,403.56,404.26,408.00,409.44,412.39,417.75,423.15,425.01,425.19,430.06,433.25,434.01,437.46,440.71,440.48,443.69,447.35,449.80,453.05,454.29,456.84,
382.00,282.47,285.68,289.08,291.29,294.15,296.54,298.48,301.35,303.64,306.64,309.53,312.20,314.94,316.87,319.47,321.47,324.22,326.25,328.73,330.51,333.84,338.23,340.65,343.83,346.07,348.99,351.04,309.19,354.70,357.00,360.04,364.66,366.18,369.10,372.11,375.82,376.75,379.14,381.19,386.11,387.23,390.15,392.48,395.55,400.67,405.51,406.92,407.80,412.44,415.14,415.24,418.79,421.78,421.69,425.14,428.35,430.50,433.76,435.76,436.75,
383.00,273.05,276.66,279.68,281.98,284.54,287.00,288.70,291.29,293.79,296.62,299.36,301.86,304.41,306.36,309.22,311.14,313.71,315.69,317.81,319.69,322.91,326.44,329.79,332.98,334.45,337.54,339.61,300.19,342.31,345.39,349.00,352.44,353.27,356.67,359.32,363.35,364.73,366.68,368.22,373.25,374.00,376.85,379.35,382.22,387.12,391.78,392.83,393.41,398.43,401.12,401.44,404.66,407.51,406.47,410.06,413.69,416.18,418.37,420.68,421.30,
384.00,269.65,273.30,275.99,278.13,280.75,283.29,285.37,287.60,290.23,292.43,295.43,297.78,300.50,302.64,305.37,306.88,309.74,311.63,314.09,315.51,318.30,322.73,325.24,328.63,329.90,333.16,335.37,297.78,338.06,340.58,343.57,347.84,347.77,351.57,354.02,358.17,359.89,362.18,362.63,368.21,368.69,371.41,374.51,377.13,382.24,385.71,387.15,388.30,392.97,395.67,395.90,399.02,401.68,400.90,404.03,407.07,410.11,411.70,414.17,415.46,
385.00,274.62,278.34,280.69,283.14,285.85,288.28,290.51,292.68,295.31,297.84,300.84,302.93,305.75,308.18,310.91,312.34,314.90,317.01,319.77,321.05,323.75,328.71,330.33,334.23,335.61,339.30,340.93,304.78,344.58,346.28,349.36,354.36,354.26,358.14,360.48,363.94,365.72,368.92,368.69,373.95,375.43,377.76,381.25,383.39,389.32,391.98,393.21,395.27,399.23,401.94,402.24,405.26,408.67,407.82,410.42,414.01,417.19,418.76,421.24,422.97,
386.00,283.86,287.62,290.04,292.76,295.02,297.73,300.31,302.30,305.39,307.82,310.94,313.11,316.05,318.11,321.30,322.67,324.94,327.32,330.29,331.63,334.74,339.63,341.75,345.25,346.94,350.42,351.93,315.98,355.85,357.75,360.92,365.89,365.87,370.43,372.39,376.07,377.98,380.70,381.26,386.29,388.17,389.82,394.13,396.68,402.52,405.10,406.76,408.37,412.41,415.13,415.40,418.63,421.83,421.15,423.82,427.46,431.29,432.94,435.41,436.47,
387.00,295.26,299.44,301.85,304.32,306.71,309.81,312.16,314.53,317.62,320.43,323.31,326.08,328.87,330.73,333.87,335.56,337.96,340.26,343.67,345.05,348.01,353.55,356.22,359.12,361.34,364.62,365.67,330.63,370.16,372.76,375.93,380.49,380.96,384.87,387.93,391.29,393.44,396.17,397.01,402.96,403.62,405.99,409.51,412.27,419.15,421.00,423.60,424.15,429.06,432.37,432.48,435.91,438.49,437.47,440.57,444.81,448.33,450.30,452.56,454.32,
388.00,308.65,313.06,315.50,317.88,320.95,323.94,326.30,329.00,331.94,334.91,337.68,340.54,343.93,345.40,348.99,350.59,353.41,355.77,359.35,360.87,363.55,370.03,372.45,375.30,377.95,381.36,381.98,347.71,387.31,389.42,393.07,398.66,398.23,401.90,405.73,408.80,411.11,414.46,415.33,421.86,422.01,425.18,428.47,431.00,438.84,440.00,443.64,443.16,448.75,451.74,452.19,455.78,458.33,457.45,461.05,465.14,468.25,470.71,473.88,475.41,
389.00,320.40,324.91,327.28,329.64,332.84,335.93,338.61,341.13,344.29,347.31,350.50,353.16,356.63,358.21,362.17,363.95,366.78,368.98,372.62,374.27,377.21,384.26,386.92,389.07,392.41,395.93,396.15,361.70,401.98,403.90,408.13,414.18,414.67,417.54,420.56,424.17,426.39,429.61,431.60,437.84,437.73,441.33,444.10,447.56,455.09,457.32,460.89,460.03,465.45,468.58,469.00,473.54,475.66,475.16,478.36,483.23,486.87,488.99,491.58,493.22,
390.00,322.68,327.50,329.96,332.10,335.32,338.50,341.24,343.63,347.12,350.05,352.97,356.06,359.15,360.87,364.91,366.49,369.51,371.86,375.22,376.89,380.48,387.26,390.04,391.91,395.37,399.35,399.99,365.70,404.96,407.03,411.72,417.05,418.30,420.99,423.79,427.93,429.60,433.06,434.49,441.32,441.25,444.74,447.46,451.24,458.22,460.84,464.57,463.62,469.44,472.43,473.24,477.77,478.73,478.88,482.07,486.65,490.04,493.15,495.14,497.04,
391.00,317.98,322.54,325.21,327.16,330.93,334.00,336.12,338.74,341.99,345.15,347.90,351.02,353.81,355.65,359.75,361.27,364.42,366.68,369.74,371.61,374.53,381.44,384.44,386.98,389.68,393.44,394.06,361.64,398.68,401.29,405.66,410.81,411.52,413.72,417.90,422.40,423.65,426.72,427.92,434.96,434.85,438.15,440.80,444.13,451.22,453.62,457.46,456.23,462.83,465.48,466.47,470.95,471.78,472.16,475.27,479.57,482.53,485.89,487.72,489.20,
392.00,313.83,317.99,320.84,322.74,326.64,329.47,332.05,334.22,337.38,340.26,343.45,346.05,348.86,350.88,354.92,356.66,359.99,361.78,364.96,366.69,369.23,376.33,379.49,381.95,384.00,388.08,388.81,357.53,393.43,395.30,399.96,405.45,406.13,407.74,411.58,416.38,418.17,421.05,422.35,428.58,428.49,432.40,434.52,437.83,444.51,447.55,450.72,450.17,456.41,458.66,459.80,464.70,465.63,465.65,469.10,472.78,476.05,479.43,480.93,482.26,
393.00,306.69,310.41,313.09,315.55,318.60,321.66,324.30,326.45,329.37,332.23,335.56,338.30,340.27,342.98,346.55,348.50,351.67,353.41,356.46,358.01,360.68,367.79,370.51,372.89,374.66,378.97,380.15,350.48,384.79,385.42,390.42,395.72,396.53,398.31,401.43,406.26,408.26,410.84,412.09,417.27,418.11,421.78,424.02,427.43,433.73,437.13,439.53,439.99,445.38,448.37,448.70,453.25,454.58,454.87,458.00,461.73,464.76,468.44,468.59,470.98,
394.00,297.10,300.73,303.75,306.21,309.01,311.90,314.08,316.43,319.34,322.50,325.24,328.43,329.85,332.31,335.90,337.72,341.01,342.51,345.55,347.03,349.82,355.88,359.23,361.21,362.95,366.79,368.52,341.05,372.72,373.94,377.97,383.23,383.40,386.20,389.03,393.85,395.55,397.41,399.22,403.46,405.79,408.78,410.76,413.72,420.20,422.79,425.29,426.33,431.21,434.49,434.46,438.72,440.14,440.53,443.84,446.95,449.78,454.08,453.83,456.81,
395.00,301.67,304.98,308.08,310.61,313.63,316.77,318.62,321.02,323.92,327.08,330.02,332.99,335.20,336.81,340.72,342.66,346.25,347.56,350.67,352.26,354.62,360.74,364.84,366.52,368.78,372.28,373.53,347.27,377.70,379.32,382.41,388.08,388.71,391.83,394.95,399.41,401.26,402.67,405.19,409.27,411.85,413.92,415.98,419.55,425.80,428.54,431.19,432.38,436.50,440.24,439.97,444.49,446.31,446.00,449.45,452.75,455.52,459.94,459.89,462.10,
396.00,323.69,327.54,331.09,333.16,336.54,339.76,341.89,344.45,347.54,350.46,354.05,357.20,359.53,361.69,365.74,367.67,371.65,373.05,376.47,378.17,380.76,387.79,391.36,393.26,396.50,400.16,401.08,374.93,406.15,406.89,411.46,417.03,417.44,420.85,424.17,428.40,431.06,432.98,434.88,438.94,442.19,444.60,447.01,450.42,456.98,460.55,463.12,464.28,468.27,472.67,472.75,477.16,479.31,478.15,482.23,485.88,488.62,493.35,493.86,496.52,
397.00,350.76,354.91,358.41,361.19,364.48,367.75,370.14,372.86,376.59,379.59,383.30,386.61,389.16,391.82,395.90,398.02,401.94,404.11,407.24,409.07,412.39,420.30,423.39,425.87,429.35,433.35,434.67,408.36,440.07,440.68,445.91,452.00,452.07,456.40,459.29,463.99,467.38,469.20,471.23,475.06,479.06,482.01,484.25,488.40,495.44,499.14,502.24,503.36,507.03,512.48,511.88,516.59,518.54,518.26,522.45,526.38,529.23,533.76,536.00,538.56,
398.00,382.61,387.30,391.09,393.76,397.65,401.08,403.66,406.22,410.51,414.27,417.89,421.12,424.64,427.28,431.50,433.80,437.92,440.25,443.50,445.92,449.79,458.65,461.90,465.08,468.61,472.80,474.08,447.72,480.08,481.73,486.26,493.03,493.82,498.38,501.79,506.48,509.99,511.81,513.93,518.83,522.68,525.94,528.83,532.62,540.21,544.94,548.57,549.47,552.93,558.82,558.79,564.20,565.28,566.13,569.84,573.74,576.46,581.82,584.93,587.68,
399.00,421.52,426.42,430.58,433.49,438.20,441.68,444.48,447.44,451.81,456.27,459.96,463.65,467.60,470.48,474.83,477.32,482.09,484.84,488.16,490.91,495.11,506.02,508.90,513.37,516.38,520.90,522.70,495.99,528.47,531.35,537.07,543.26,544.81,548.81,554.10,558.83,562.40,565.02,565.67,572.38,576.16,579.56,583.73,586.35,595.00,600.89,605.23,604.89,609.75,615.94,616.16,622.05,623.12,623.90,628.20,632.15,635.16,640.71,644.67,646.95,
400.00,456.77,462.22,466.79,469.86,474.87,478.06,481.75,484.72,489.58,493.98,498.37,502.14,506.39,510.13,514.09,517.11,522.03,525.19,528.97,531.60,536.30,548.84,551.57,556.95,559.71,564.71,566.80,540.12,572.96,576.53,583.04,589.61,590.39,595.16,600.77,606.11,610.73,613.41,613.87,621.51,623.93,628.86,633.68,635.95,645.60,652.02,656.44,655.33,661.70,668.99,668.49,674.63,675.90,676.26,681.97,685.93,689.93,695.02,699.62,701.82,
401.00,480.15,485.58,490.02,493.66,498.62,501.71,506.01,508.94,514.32,519.18,522.98,527.47,531.64,535.87,539.55,543.08,547.46,550.93,555.38,557.99,563.14,577.28,579.35,585.04,587.86,593.34,595.25,569.56,602.42,606.46,611.69,619.54,620.98,624.95,630.93,636.55,641.37,643.72,645.25,653.66,654.70,660.88,665.61,667.93,678.41,684.51,689.03,688.59,694.52,703.01,701.98,708.29,709.19,710.26,716.27,721.22,724.56,729.73,735.51,737.67,
402.00,492.85,498.56,503.26,506.71,511.98,515.17,519.26,522.74,527.66,533.33,536.64,541.84,545.75,550.09,554.18,557.66,561.90,565.41,569.83,572.98,578.37,593.19,595.33,599.93,603.96,609.52,611.49,587.25,618.22,623.15,628.17,635.89,638.31,641.81,648.63,653.49,657.96,660.12,662.01,671.51,672.75,678.06,683.53,685.77,696.63,702.29,706.69,707.05,712.96,721.92,721.48,727.75,728.57,729.55,735.48,740.85,745.15,748.58,753.97,756.83,
403.00,496.54,501.97,506.89,510.39,515.70,519.24,522.66,526.77,531.89,537.12,540.52,545.94,549.72,553.90,558.53,561.94,566.14,569.45,574.34,577.00,582.32,597.23,600.26,604.18,608.39,613.70,616.35,593.68,622.02,627.66,632.70,640.39,642.37,646.61,653.59,658.18,662.86,665.22,666.97,675.52,678.42,682.78,688.20,690.55,701.13,706.85,711.17,711.91,718.28,727.33,726.34,732.49,734.62,733.49,740.86,746.86,751.15,754.62,759.02,761.94,
404.00,494.53,500.79,505.41,508.73,513.81,517.37,521.16,524.57,530.35,534.83,538.65,543.93,547.86,552.47,556.77,560.34,564.31,567.19,572.59,575.24,580.10,594.87,598.07,601.84,606.00,612.15,613.45,593.32,620.31,624.02,630.02,637.85,639.49,643.45,650.74,655.34,660.08,662.24,664.47,673.39,674.95,680.25,684.25,688.82,698.83,704.61,708.01,708.77,715.67,723.93,723.44,728.90,731.24,730.03,737.54,744.02,748.24,751.74,756.29,758.57,
405.00,492.41,499.01,503.68,506.66,512.02,515.74,519.08,522.77,528.14,533.22,536.46,541.99,545.22,550.10,554.81,558.19,561.94,565.19,569.80,573.15,577.96,592.25,595.16,598.43,602.72,609.53,610.28,593.70,618.07,620.63,626.62,635.29,636.92,639.90,647.50,651.21,656.44,658.33,661.15,669.73,672.68,676.88,680.59,685.93,695.85,700.85,704.83,705.96,711.88,720.05,719.98,725.31,728.01,726.39,733.24,740.46,744.45,747.91,752.32,754.45,
406.00,492.08,498.52,503.30,506.39,512.05,516.09,518.83,522.87,527.55,533.16,536.73,541.82,545.09,549.50,554.69,557.74,562.13,565.08,569.32,572.73,578.17,591.05,595.01,597.83,602.08,609.24,609.68,595.25,616.81,620.43,625.51,634.50,636.74,639.97,647.14,650.34,655.78,658.49,659.81,668.91,672.68,676.33,679.23,685.46,695.01,700.30,704.93,705.30,712.04,718.87,719.13,724.72,727.62,725.76,732.60,739.48,743.47,747.08,751.48,753.42,
407.00,492.47,498.92,504.19,506.86,512.56,516.98,519.82,523.60,528.64,533.60,537.82,542.31,545.73,550.28,555.07,558.35,563.12,565.60,570.37,573.08,578.52,590.60,595.85,598.67,602.47,609.59,609.56,598.82,617.58,620.95,626.66,634.75,637.03,639.84,647.91,650.79,656.65,659.20,660.11,669.16,673.20,676.25,680.36,685.96,694.55,700.78,705.12,705.07,713.06,718.60,719.56,724.63,728.14,726.48,733.27,740.08,743.30,748.43,751.46,753.88,
408.00,495.47,502.26,507.52,509.79,515.88,519.98,523.49,526.77,531.59,536.61,541.21,545.74,549.07,553.86,558.45,561.29,566.60,569.12,574.05,576.55,581.88,593.63,599.19,602.67,605.76,613.12,612.92,604.64,621.14,624.08,630.89,638.00,640.31,642.47,651.53,654.69,660.74,663.26,663.74,673.75,675.05,679.95,683.85,690.30,698.36,704.83,709.76,708.61,717.44,722.06,723.13,728.89,731.70,731.27,737.05,743.84,747.40,752.41,755.36,757.67,
409.00,502.60,509.05,514.62,516.94,523.04,527.56,530.65,534.50,538.71,544.34,548.88,553.69,556.74,561.23,566.01,569.02,573.47,577.30,581.65,584.11,590.46,601.33,606.80,610.20,613.37,620.61,621.16,614.74,629.59,633.49,638.75,646.71,648.95,651.15,660.68,663.14,669.53,672.45,673.57,682.82,683.65,688.55,693.36,698.94,707.52,713.13,718.48,717.51,726.92,732.41,733.09,738.97,740.83,741.19,745.93,753.55,757.28,762.44,765.95,767.23,
410.00,510.31,516.27,522.11,524.81,530.33,535.52,538.19,542.36,546.74,551.75,556.98,561.99,565.43,568.83,574.04,577.40,581.70,585.51,590.14,592.48,599.03,609.65,616.40,619.52,622.12,629.53,629.78,625.23,637.45,642.65,647.95,656.18,658.65,660.97,670.11,673.34,679.51,682.06,683.05,691.65,692.65,698.30,703.55,708.82,717.64,723.38,727.85,727.64,737.51,742.16,742.63,748.78,750.40,751.91,756.87,764.54,768.02,773.10,777.00,778.57,
411.00,516.75,523.18,529.18,531.82,536.98,542.50,545.22,549.50,554.36,558.84,563.96,569.00,573.02,576.12,581.38,585.09,589.46,593.33,597.78,600.38,606.59,617.70,624.46,627.92,629.72,637.80,637.72,635.93,645.93,650.49,657.53,664.11,665.61,669.05,678.51,682.30,687.91,689.85,692.79,699.66,702.04,706.26,712.80,717.53,726.94,732.24,736.67,736.58,746.47,751.62,751.28,757.79,759.74,761.67,766.21,773.99,777.92,783.03,785.65,788.95,
412.00,523.80,530.70,536.05,539.40,543.94,549.23,552.65,556.63,561.50,566.47,571.11,576.55,580.85,584.04,589.50,592.79,597.08,601.67,605.96,608.70,614.77,626.71,632.03,636.55,637.20,646.29,646.63,645.67,654.44,658.54,666.05,672.43,673.61,677.66,687.14,691.33,696.78,699.19,702.41,709.08,710.15,715.75,721.56,726.48,737.12,741.84,746.26,746.18,755.64,761.27,760.99,767.38,769.02,771.50,775.40,783.46,788.34,792.54,796.12,799.25,
413.00,531.37,538.67,543.91,547.73,551.72,556.94,560.28,564.10,569.53,574.96,579.16,584.99,589.35,592.58,597.97,601.68,605.54,610.26,614.16,617.55,623.81,635.88,640.31,645.14,646.03,655.42,655.57,655.94,664.68,667.60,675.12,682.57,683.13,687.36,696.30,700.70,705.29,708.95,712.21,718.79,720.54,726.47,732.20,735.93,747.44,751.92,756.03,756.58,765.93,772.16,772.35,778.02,779.82,782.09,785.86,794.27,799.41,803.42,807.86,810.46,
414.00,536.45,543.58,549.26,552.56,556.90,562.13,565.80,569.87,574.98,580.36,584.53,590.16,595.12,598.14,603.85,607.49,611.83,616.28,620.50,623.40,629.19,641.42,646.36,650.71,652.10,661.39,661.39,664.09,670.93,673.52,680.64,688.79,689.90,694.55,701.79,706.77,710.89,714.95,718.23,724.79,727.59,733.90,738.77,742.73,754.27,759.22,763.03,764.42,772.72,779.15,778.46,785.99,787.52,788.94,793.93,801.26,807.15,810.28,814.14,818.10,
415.00,538.57,545.40,550.90,554.76,559.00,563.54,568.08,571.64,577.05,582.82,587.03,591.96,597.24,600.67,606.34,609.40,614.65,618.46,623.33,625.30,631.16,643.09,647.80,652.62,654.96,663.41,664.63,669.36,673.36,675.99,683.34,689.78,692.60,696.11,704.16,709.11,712.30,716.59,720.57,727.09,729.76,736.41,740.85,744.02,755.88,761.53,766.25,766.46,774.76,781.55,780.54,788.15,790.76,791.45,795.80,803.67,809.30,812.48,815.80,820.21,
416.00,538.71,545.72,550.77,554.71,559.11,562.94,568.07,571.40,576.70,582.64,586.69,591.46,597.06,600.99,606.72,609.32,614.27,617.62,623.50,625.27,630.74,642.38,647.04,651.79,654.75,662.43,664.94,670.40,673.14,674.61,682.87,689.21,691.91,694.69,703.98,708.68,712.11,716.02,718.88,726.86,728.45,737.16,739.70,743.68,754.92,761.13,765.88,764.69,774.87,780.61,780.60,788.00,790.84,790.92,795.10,803.08,808.11,811.86,816.07,818.12,
417.00,538.67,545.51,550.80,554.63,559.32,563.82,567.85,571.68,576.39,582.59,586.86,591.83,596.92,600.49,606.41,609.42,613.96,617.75,622.75,625.11,630.67,641.70,646.87,651.01,655.03,661.89,664.57,671.13,672.25,674.14,681.45,688.96,691.68,694.98,702.26,707.18,711.73,715.19,718.07,726.72,728.13,736.60,739.25,743.46,753.71,760.83,765.03,762.89,774.88,780.48,780.14,787.70,789.96,789.77,795.12,802.02,807.01,811.72,815.84,816.93,
418.00,539.16,545.55,550.65,554.70,560.15,564.47,568.47,572.53,576.87,582.61,587.68,591.92,597.59,600.62,606.95,609.85,614.44,618.49,623.08,625.78,631.40,641.06,647.62,651.23,655.79,661.87,665.01,673.49,672.62,674.35,681.43,688.75,691.97,695.61,702.85,707.04,711.10,715.38,717.90,726.58,728.24,736.56,739.09,743.81,754.36,760.52,765.50,762.72,774.79,780.44,779.80,787.36,790.42,789.19,795.57,801.38,806.42,810.91,815.49,815.68,
419.00,539.60,546.95,551.27,555.73,560.96,564.98,569.53,573.24,577.55,583.03,588.69,592.78,598.18,601.63,607.79,610.51,615.40,619.45,623.87,626.82,632.55,641.93,648.48,653.10,657.04,661.85,666.02,676.55,672.57,675.79,682.76,688.76,692.45,695.56,703.05,707.84,711.84,716.86,718.12,726.83,729.33,736.70,739.31,745.61,754.94,760.71,766.23,763.04,775.07,780.47,779.85,786.61,790.98,789.58,795.08,801.82,807.13,811.64,815.97,817.14,
420.00,539.94,548.32,552.12,555.93,561.95,565.80,570.04,574.28,578.39,583.93,589.02,594.15,598.65,602.88,608.58,611.06,616.31,620.44,624.34,628.03,633.48,643.28,648.72,654.31,657.27,661.93,666.04,677.94,672.68,676.07,682.24,688.54,691.82,696.08,703.67,708.26,713.05,718.63,718.66,728.37,729.56,737.40,739.43,747.88,755.31,760.64,766.25,763.97,776.25,781.02,780.75,787.38,791.14,790.79,795.11,802.07,807.53,812.04,816.82,817.77,
421.00,541.24,549.41,553.25,557.19,563.06,567.28,570.95,575.33,579.83,585.36,590.74,595.78,599.73,604.22,609.65,612.55,617.49,622.37,625.55,629.66,635.47,644.62,649.00,655.04,658.73,662.84,667.23,679.85,675.45,677.78,683.40,691.21,693.41,698.47,704.24,709.03,714.09,720.40,719.99,729.71,730.54,739.18,742.19,748.77,756.44,762.06,767.27,765.62,777.82,782.34,783.03,788.65,791.80,793.03,797.14,802.90,809.34,813.59,817.97,819.89,
422.00,542.79,550.67,555.26,558.40,564.73,568.05,572.58,576.87,581.30,586.54,592.34,597.17,601.80,606.22,610.80,614.01,619.69,623.91,627.65,631.24,637.15,645.57,649.97,656.18,660.14,664.10,667.82,683.89,677.29,678.90,684.83,693.12,695.89,699.52,706.71,711.21,714.86,722.08,721.37,730.84,732.27,741.38,743.56,750.17,758.72,764.48,769.80,768.23,778.68,783.99,784.42,790.88,794.02,794.58,797.14,804.80,811.99,814.68,818.01,822.67,
423.00,542.56,551.27,555.81,558.73,564.94,568.67,572.67,576.84,581.57,587.45,592.47,597.34,601.80,606.53,610.99,613.93,620.16,623.91,628.20,631.05,637.20,646.43,649.55,656.28,659.50,664.22,667.53,686.32,675.90,678.78,684.97,691.95,696.27,699.69,706.65,712.18,716.08,722.38,721.18,730.97,732.99,740.98,743.10,749.64,758.38,765.01,768.81,768.62,778.91,783.19,783.86,790.06,793.62,794.38,796.93,805.29,812.61,813.61,819.29,822.36,
424.00,540.68,548.76,553.30,556.79,562.91,566.31,570.50,574.53,580.08,585.55,590.13,594.92,599.93,604.03,608.72,611.76,617.24,621.26,625.80,628.96,634.55,644.71,646.64,652.93,657.27,661.85,664.44,684.61,673.89,674.78,682.67,689.41,693.05,695.63,704.63,709.52,713.29,718.82,717.93,727.54,729.62,737.52,740.26,745.30,755.40,761.98,766.26,764.71,775.33,779.20,780.67,787.40,790.50,791.53,794.27,802.25,808.76,810.45,815.55,818.89,
425.00,538.78,546.41,551.61,554.96,560.39,564.73,568.70,572.56,577.60,583.56,588.04,592.42,598.06,601.23,606.80,610.11,615.01,619.39,623.23,626.45,632.33,642.43,643.46,648.88,654.35,659.01,661.97,683.12,671.52,671.17,681.36,688.66,690.45,692.36,702.31,705.52,711.03,715.32,715.85,724.34,727.18,734.56,737.00,740.39,752.74,759.49,763.74,761.33,772.78,775.66,777.46,783.87,787.72,787.53,791.57,799.53,805.45,808.35,811.51,815.19,
426.00,535.20,542.80,547.65,551.04,556.92,561.46,565.71,568.94,573.62,580.12,584.09,588.63,594.97,596.96,603.01,605.98,611.22,615.18,619.10,621.91,627.86,636.93,639.87,644.65,649.20,655.12,657.39,680.45,665.20,666.75,675.49,683.21,686.59,687.86,696.60,700.35,705.07,710.21,710.18,718.80,721.90,728.25,730.14,734.70,747.54,753.58,758.70,755.63,766.66,769.92,772.37,778.13,781.23,780.64,785.20,794.44,798.47,802.25,805.57,808.70,
427.00,524.90,532.26,536.51,540.80,546.27,550.58,554.96,557.70,562.88,569.11,573.10,577.05,583.08,586.03,591.75,594.53,599.07,603.00,607.55,609.83,615.55,624.54,628.20,632.62,636.32,642.16,644.55,668.91,651.83,654.54,662.93,669.75,672.79,673.87,682.77,686.58,691.65,695.48,695.64,703.88,707.84,713.71,715.77,719.70,733.51,738.30,742.88,740.82,750.02,754.62,757.17,762.21,765.88,765.11,770.93,778.87,782.38,785.85,791.53,791.60,
428.00,511.46,518.18,522.25,526.67,531.56,535.66,540.53,543.23,548.15,553.71,557.77,562.43,567.52,570.71,575.87,578.90,582.64,587.09,591.03,594.09,598.93,608.24,610.61,616.26,618.56,623.83,626.34,651.13,633.96,636.84,645.26,652.33,654.29,654.02,664.71,668.61,673.20,675.59,678.57,684.75,688.18,693.45,695.91,700.87,713.07,717.70,723.68,720.22,728.91,733.82,736.84,743.00,744.94,744.15,750.30,757.87,760.67,764.80,768.43,770.32,
429.00,503.47,509.57,514.40,517.81,522.67,527.51,532.07,534.97,538.73,544.84,548.32,553.76,558.13,561.73,566.86,569.42,573.62,577.34,581.27,584.49,589.47,596.98,600.41,604.81,607.46,613.83,615.92,641.00,622.92,625.83,633.28,641.76,643.61,643.76,652.41,657.66,661.54,663.72,667.80,673.48,675.32,680.94,683.60,688.18,700.09,705.97,710.75,708.39,717.46,721.91,724.29,729.13,731.56,731.73,737.28,745.86,747.82,751.38,754.10,757.36,
430.00,502.91,509.40,514.08,517.94,522.47,526.97,531.99,534.37,538.32,544.11,548.01,553.81,557.84,561.64,565.88,568.53,573.43,576.59,580.99,584.08,589.08,594.88,600.17,603.92,607.36,614.24,614.72,642.56,622.01,625.11,631.63,640.10,643.68,643.78,650.75,657.97,659.77,662.99,667.08,671.85,674.20,679.61,683.39,688.13,698.88,704.60,709.44,707.56,715.62,722.23,724.08,728.60,730.22,730.53,735.56,744.69,746.81,750.18,754.44,756.27,
431.00,507.83,514.89,519.53,523.43,527.71,531.55,536.76,539.55,543.92,548.97,553.41,559.27,562.62,566.91,571.86,574.27,579.59,582.19,586.88,590.00,594.53,601.11,604.97,611.13,613.90,620.69,620.32,650.12,626.86,631.28,639.26,645.23,648.92,649.75,656.06,665.17,667.19,669.08,673.64,678.19,681.20,685.70,689.97,695.40,705.78,711.60,715.55,714.71,722.32,730.24,730.49,736.10,736.86,736.75,743.05,751.83,754.36,757.52,762.00,762.67,
432.00,521.13,528.68,533.19,536.86,541.71,545.99,550.57,554.13,558.10,563.95,567.52,574.59,577.03,581.36,586.70,589.46,594.75,597.77,601.76,605.57,610.24,618.29,620.08,626.96,630.49,637.72,636.89,667.94,643.38,646.48,656.18,662.11,664.77,666.11,673.65,682.40,684.45,687.23,690.63,696.69,699.38,702.13,708.57,712.67,723.30,729.92,733.92,732.66,744.02,748.86,749.38,755.53,756.65,756.65,761.80,771.64,773.51,777.56,781.44,781.96,
433.00,543.16,550.53,555.28,559.27,564.31,568.74,573.29,577.25,580.68,586.98,591.40,598.20,601.62,604.57,611.00,614.32,619.77,622.19,626.86,629.99,635.53,643.41,646.04,652.22,656.39,664.92,663.18,697.54,670.47,672.77,682.99,690.36,691.87,694.74,700.72,709.35,713.24,716.96,718.18,726.23,727.92,732.40,738.31,742.34,752.97,760.85,764.93,763.37,775.53,780.67,781.19,786.35,789.63,787.96,792.86,802.78,804.54,810.34,813.38,815.76,
434.00,564.04,572.46,576.11,581.00,585.87,590.23,594.38,598.94,602.95,609.46,614.76,620.00,624.48,627.46,634.00,638.04,643.58,646.62,650.63,653.44,660.10,667.16,671.60,677.55,681.30,688.52,689.19,725.86,695.22,700.33,708.95,716.52,717.91,723.29,727.09,736.15,739.44,745.50,745.47,753.38,755.73,762.02,767.35,771.47,782.28,789.78,793.56,791.93,805.23,811.51,812.20,816.63,819.88,818.64,823.74,832.61,835.19,841.25,844.87,846.79,
435.00,574.98,583.90,586.91,591.96,597.15,601.88,605.37,610.02,615.57,621.38,626.86,631.89,636.07,639.47,646.94,650.96,655.81,659.46,663.94,666.74,672.90,680.54,684.69,690.77,694.34,702.25,701.93,742.48,708.33,714.97,723.41,728.67,730.88,737.15,742.96,749.71,754.95,759.70,758.95,767.27,770.85,776.57,782.55,785.63,798.64,805.02,808.75,807.50,819.97,826.53,827.12,831.81,834.68,833.14,839.96,848.22,852.44,856.62,861.17,862.64,
436.00,580.92,589.10,592.49,597.67,603.24,608.72,611.63,616.04,621.25,627.53,632.96,638.51,642.61,646.07,652.52,657.62,661.28,666.07,670.33,672.96,679.83,688.84,691.59,697.12,699.95,707.40,708.92,750.75,716.44,721.24,729.54,736.10,736.71,742.93,751.35,757.18,761.52,766.85,767.15,774.80,778.41,784.38,790.44,794.44,806.15,813.40,818.59,815.91,828.03,833.47,833.70,840.17,844.97,841.52,847.57,855.67,861.22,863.37,869.70,870.76,
437.00,585.85,593.07,597.65,602.14,607.65,613.26,616.33,620.89,625.80,632.13,637.88,642.88,647.84,650.75,657.31,662.48,666.59,670.69,675.20,678.68,685.27,693.32,697.11,701.63,704.82,712.09,714.33,757.88,721.30,727.24,734.00,740.82,742.34,748.78,757.31,762.23,767.44,772.81,774.84,781.38,782.81,790.95,794.91,800.59,811.21,819.49,824.44,821.87,832.66,839.56,839.78,846.20,851.37,847.11,853.97,862.71,866.37,869.68,875.21,877.73,
438.00,588.82,596.57,601.44,605.65,611.25,617.33,620.64,624.24,630.28,635.52,642.16,646.28,651.31,655.09,661.51,666.59,671.40,675.08,679.64,682.73,689.67,697.62,703.76,706.19,710.04,717.11,719.09,763.49,725.39,731.55,738.34,744.94,747.34,754.15,762.01,767.09,771.42,777.19,779.94,785.96,787.72,796.35,801.05,805.59,816.34,823.91,828.23,826.58,837.82,844.11,844.08,850.76,854.69,851.81,859.02,868.16,872.00,875.37,880.50,882.77,
439.00,592.73,599.91,606.09,610.02,615.27,621.81,625.41,628.62,635.09,639.96,646.64,651.31,655.91,659.29,665.90,671.47,676.12,679.52,684.63,687.47,694.56,703.31,708.59,711.63,716.37,723.24,723.99,770.20,731.83,735.65,743.86,750.43,752.29,757.34,766.97,771.61,778.49,780.79,785.18,791.55,796.02,800.82,806.19,811.31,821.75,829.07,834.73,832.59,844.28,849.19,848.59,857.84,859.58,856.87,863.03,872.62,877.02,881.67,887.36,887.22,
440.00,601.93,607.74,615.49,618.77,624.51,631.21,634.41,639.03,643.43,649.53,655.94,661.00,665.18,668.98,675.83,680.67,686.34,688.94,694.23,697.29,705.26,714.23,717.59,723.17,726.53,733.60,735.65,782.03,741.80,745.89,754.09,761.92,762.66,769.17,776.99,783.51,789.29,791.53,797.48,804.56,806.42,811.82,817.79,822.99,833.24,841.24,845.90,844.79,857.27,861.36,860.81,869.74,872.35,869.75,876.44,885.01,888.56,894.15,899.36,899.17,
441.00,614.77,620.83,629.46,632.56,638.51,644.59,647.98,652.83,657.70,663.69,670.59,674.44,680.06,683.02,690.96,694.77,701.34,703.81,709.15,712.66,720.00,727.72,734.18,738.72,744.25,750.47,752.03,800.45,758.97,762.91,771.88,780.60,780.16,786.94,792.79,799.26,806.89,809.07,813.30,821.61,823.73,829.21,836.74,838.92,850.77,859.06,862.49,863.28,876.00,881.16,880.18,886.78,890.59,890.25,893.88,904.22,907.57,915.44,917.63,919.57,
442.00,626.92,633.17,641.85,645.74,651.89,656.88,660.82,664.92,670.75,676.45,683.94,688.60,692.91,697.19,705.00,708.57,714.31,718.02,723.44,726.29,734.64,741.31,749.74,753.84,758.51,765.20,767.08,817.24,774.96,777.73,787.63,797.02,797.84,803.63,807.48,814.61,821.04,824.12,828.91,837.06,840.77,846.19,853.87,856.20,868.12,875.87,880.67,879.78,892.96,898.50,898.56,903.04,907.16,908.08,910.73,921.20,926.24,934.18,935.44,938.47,
443.00,635.85,642.24,650.46,654.29,660.55,664.99,669.39,674.50,680.24,686.21,692.58,698.88,702.48,707.17,714.95,717.40,723.83,727.80,733.77,736.33,744.17,751.00,759.52,765.43,768.41,774.72,777.68,829.32,785.42,789.62,798.99,807.04,809.80,813.86,818.52,826.14,831.93,835.72,840.24,846.75,850.86,856.98,863.85,867.87,880.10,888.03,892.84,891.68,904.12,910.34,910.99,915.66,917.60,920.46,922.74,932.70,939.18,946.68,948.10,949.83,
444.00,641.99,648.91,656.13,660.33,668.02,671.59,676.01,680.87,687.25,692.64,699.61,706.69,710.02,715.10,722.45,724.37,730.28,734.38,740.84,744.53,751.12,759.81,765.48,772.26,775.57,781.47,785.88,838.64,792.70,798.07,808.38,814.10,818.34,821.73,827.81,836.49,838.87,844.29,848.43,853.87,858.16,864.33,872.95,876.68,888.38,897.35,901.43,900.21,911.33,918.59,919.35,924.26,926.89,929.12,932.99,942.83,948.86,956.05,957.42,960.18,
445.00,647.88,655.13,662.01,666.36,673.46,677.10,682.83,686.32,693.23,698.40,706.01,712.51,717.01,721.30,728.51,730.77,736.52,740.65,747.00,751.62,757.07,765.85,772.20,777.79,782.68,787.90,792.29,846.62,800.70,804.07,814.38,821.45,825.83,827.50,835.00,842.68,846.42,851.48,856.53,862.02,866.02,871.51,878.76,884.00,894.51,904.35,909.84,907.95,918.70,925.22,927.03,931.62,935.21,937.93,940.66,949.80,957.70,963.83,965.80,970.06,
446.00,653.50,661.27,667.92,672.34,679.41,682.10,688.98,692.75,699.79,704.37,712.03,719.13,723.05,727.98,735.44,737.15,742.99,747.35,752.60,757.88,763.80,772.80,778.44,784.46,787.70,794.25,798.28,856.43,806.75,809.80,819.99,827.62,833.62,833.68,842.64,849.84,852.30,858.72,864.56,869.55,872.93,879.18,885.42,891.81,901.67,910.97,916.77,913.95,925.96,931.42,935.79,940.40,941.65,946.21,950.22,958.26,965.67,971.29,972.97,978.33,
447.00,662.93,670.84,677.01,681.96,688.82,692.01,698.77,703.62,710.71,715.56,722.39,728.94,734.52,738.41,745.87,747.86,754.80,758.77,764.52,768.98,773.79,785.62,790.44,796.32,798.34,806.79,809.81,872.44,816.80,821.28,831.72,840.04,844.86,844.81,856.14,862.88,865.97,871.16,877.97,881.08,886.09,892.30,897.74,904.24,914.62,923.84,928.38,928.83,938.76,945.14,948.69,956.00,955.55,959.84,964.70,971.51,979.42,985.16,988.22,991.45,
448.00,675.71,683.78,690.13,695.06,702.55,706.28,712.02,717.11,723.04,729.29,736.33,742.58,748.84,752.14,759.44,762.57,769.15,772.88,777.99,783.30,788.42,801.20,803.90,809.98,813.32,822.65,825.09,890.64,833.21,836.44,846.99,855.90,859.29,859.24,872.37,880.16,881.38,886.30,893.80,897.79,903.70,907.81,915.82,920.77,930.66,941.27,945.39,948.26,955.75,963.72,965.90,973.60,973.51,978.97,982.19,989.85,997.59,1003.17,1008.01,1009.68,
449.00,686.99,696.05,702.06,707.21,713.62,717.61,723.93,729.27,734.79,741.70,748.43,753.90,760.83,764.08,772.21,774.81,782.57,786.43,790.21,796.13,801.73,813.52,817.33,822.66,825.81,837.02,838.64,906.38,848.12,849.91,859.18,869.57,872.12,873.36,886.73,893.09,896.42,899.90,906.63,914.33,918.20,923.77,931.21,934.48,946.80,956.66,960.05,963.63,971.23,978.78,981.57,988.65,990.56,995.87,997.78,1005.39,1013.35,1017.93,1024.44,1024.84,
450.00,692.80,701.64,707.52,713.16,719.99,723.67,729.99,735.71,741.80,747.66,754.48,760.78,766.41,770.43,778.70,781.35,789.07,793.10,796.85,802.67,808.20,820.06,825.50,829.67,831.96,845.06,844.54,916.16,854.56,856.40,866.72,877.50,878.92,880.03,893.16,900.03,902.14,907.15,912.81,921.68,925.39,932.03,938.64,942.69,954.21,963.87,967.15,971.73,978.27,987.77,989.00,997.34,999.00,1003.51,1005.49,1014.89,1020.23,1025.89,1032.65,1031.91,
451.00,694.58,703.70,709.60,714.51,721.78,726.17,731.58,736.70,743.72,750.17,756.24,762.77,767.43,772.82,779.42,783.60,791.22,795.01,799.44,804.61,810.78,821.66,827.84,831.37,834.13,846.38,847.97,918.92,856.81,859.06,868.39,878.11,880.84,882.40,894.93,902.59,903.58,909.37,913.73,923.60,927.57,934.29,940.76,944.83,955.66,966.57,969.91,974.30,979.20,990.19,991.84,998.29,1000.43,1004.47,1006.68,1017.81,1022.34,1029.28,1033.71,1033.49,
452.00,694.06,703.50,709.55,713.26,721.34,726.97,731.54,735.92,742.30,749.31,755.48,762.09,766.83,772.07,778.59,782.72,791.00,794.17,797.93,804.29,810.45,820.38,825.37,829.89,834.45,844.24,846.31,916.92,856.44,857.93,868.38,874.70,878.92,880.34,895.14,901.63,903.09,907.73,911.00,922.10,926.39,932.47,940.06,944.49,954.46,965.42,967.42,972.47,977.99,988.16,989.66,995.53,998.21,1001.78,1004.82,1016.85,1020.74,1027.91,1031.74,1031.99,
453.00,692.09,701.78,708.55,711.64,719.19,725.06,730.38,733.74,741.38,746.69,754.28,760.24,764.81,769.31,776.73,781.03,788.71,792.76,796.71,802.76,808.23,817.74,822.43,828.53,832.45,840.45,842.99,914.73,854.18,854.20,866.61,873.73,874.64,879.64,892.86,898.42,902.32,906.27,908.73,919.73,922.50,929.80,936.43,942.84,950.65,962.12,965.76,967.58,975.12,984.56,985.94,992.26,996.61,997.79,1003.13,1012.66,1016.78,1025.04,1029.20,1028.09,
454.00,693.22,701.44,708.74,712.77,719.43,725.74,731.07,733.56,742.39,747.60,754.84,760.59,765.07,769.10,776.90,781.89,788.46,793.73,798.11,803.17,808.69,816.79,823.97,829.52,833.63,838.30,843.20,916.65,852.43,855.29,866.29,874.83,876.38,880.86,892.10,898.64,901.25,908.66,909.56,920.56,922.95,929.85,936.16,943.76,950.76,961.08,965.93,967.55,975.17,984.27,987.91,991.54,995.47,996.87,1003.81,1011.94,1016.92,1024.54,1029.11,1029.53,
455.00,696.48,705.77,712.90,716.59,722.50,729.71,734.28,737.34,745.57,752.84,758.04,764.67,769.43,773.64,780.80,785.89,793.04,798.29,803.24,806.60,812.45,822.16,828.60,834.08,836.97,842.46,848.57,923.56,856.20,860.78,870.62,878.36,881.55,884.97,898.12,904.21,906.63,912.98,915.20,923.99,928.01,934.47,942.46,948.87,957.27,966.67,971.05,972.50,981.38,989.82,993.86,995.57,999.02,1002.03,1007.94,1017.86,1022.28,1030.81,1032.30,1035.50,
456.00,700.82,711.06,717.34,721.83,728.06,735.18,740.13,742.93,750.33,757.96,763.74,770.42,775.95,778.85,787.47,791.01,797.64,804.37,809.30,812.41,818.17,830.38,831.67,840.18,842.59,848.64,854.09,931.21,862.09,867.16,877.33,886.42,886.41,889.43,904.57,911.46,915.37,918.12,922.14,930.10,936.51,940.86,948.62,956.61,965.95,974.16,977.79,979.87,990.76,997.40,1000.57,1002.95,1006.37,1008.67,1014.71,1023.54,1028.39,1037.35,1040.76,1042.64,
457.00,705.13,715.25,720.81,726.86,732.79,738.68,744.28,747.32,755.35,761.27,768.32,774.67,780.90,783.77,792.33,796.10,801.99,810.21,814.31,817.15,824.00,833.99,837.81,843.89,847.42,853.35,859.69,938.47,868.26,873.36,881.75,893.03,891.38,895.01,909.32,917.15,920.18,923.89,927.85,936.15,940.93,944.71,953.36,960.10,971.37,979.62,984.23,985.03,996.33,1001.92,1006.54,1009.42,1013.29,1013.85,1020.45,1028.01,1034.93,1041.51,1046.77,1047.52,
458.00,708.46,719.18,724.73,730.75,736.27,742.57,747.68,752.31,760.42,765.62,772.23,778.75,785.11,788.61,797.40,800.51,807.36,814.10,819.18,820.92,828.86,836.79,844.11,847.56,851.89,858.95,865.81,946.86,871.53,878.47,885.75,898.24,897.06,899.67,912.08,921.16,922.38,928.48,932.22,941.39,946.44,951.53,958.38,963.18,977.36,985.22,990.90,989.09,1002.59,1006.29,1012.01,1016.64,1018.99,1018.41,1024.84,1034.73,1040.95,1046.92,1051.21,1054.12,
459.00,711.57,722.94,728.93,733.59,740.00,746.92,751.47,757.05,763.57,769.87,775.56,783.73,790.03,794.26,801.61,804.10,811.53,817.54,823.01,824.26,833.14,842.80,847.21,852.37,855.48,865.54,869.18,955.22,874.86,883.13,891.90,902.25,900.19,903.80,915.70,924.22,928.61,930.94,937.15,944.13,951.10,955.75,961.44,967.39,982.11,989.87,992.73,993.24,1006.16,1013.89,1016.23,1021.67,1022.96,1024.75,1031.72,1041.29,1045.70,1053.44,1054.49,1059.65,
460.00,714.41,725.75,732.37,737.15,744.05,750.36,755.11,759.60,766.91,772.42,779.50,786.53,793.30,797.89,804.45,808.27,814.56,820.58,825.82,828.40,837.65,845.38,850.15,855.79,861.27,869.70,871.29,958.22,878.06,886.49,894.71,905.14,904.70,907.53,920.40,926.89,932.99,937.31,939.99,947.63,955.27,959.17,966.05,970.13,985.04,993.28,995.86,996.91,1008.84,1018.29,1019.80,1026.92,1027.56,1027.93,1037.36,1044.16,1050.36,1058.09,1058.96,1062.40,
461.00,718.59,728.87,735.48,741.38,747.51,753.59,758.46,762.96,771.16,775.20,783.44,789.55,797.13,802.67,807.77,813.11,819.51,824.01,829.24,832.44,841.46,847.14,856.44,859.57,864.63,874.20,874.32,963.06,882.47,888.74,898.58,907.79,909.26,911.89,924.89,928.02,935.90,942.75,943.69,950.40,958.28,962.98,969.83,973.78,988.64,996.22,1000.29,999.46,1011.79,1022.73,1021.69,1032.26,1032.72,1031.64,1042.94,1048.25,1053.85,1063.60,1065.69,1065.42,
462.00,721.83,732.27,738.58,744.66,749.73,756.36,761.95,766.08,774.88,778.75,786.73,793.17,799.55,806.41,811.40,816.34,822.70,826.89,833.74,835.34,843.78,850.74,860.25,863.41,868.47,878.86,877.96,967.96,885.53,891.89,902.30,911.88,914.43,917.01,925.85,930.21,940.15,948.12,948.35,955.70,961.34,967.85,974.41,977.78,991.61,1000.54,1005.73,1003.89,1016.73,1027.65,1025.51,1035.21,1035.62,1036.24,1047.62,1052.00,1057.22,1067.30,1069.22,1070.50,
463.00,721.76,731.93,737.98,744.43,749.24,756.31,762.56,765.99,773.43,779.89,785.70,793.62,798.55,806.04,810.64,815.81,821.87,827.06,833.54,835.67,843.16,851.75,859.81,864.93,867.76,876.82,876.72,969.06,883.59,893.62,902.57,910.28,915.69,917.05,928.39,930.44,938.90,948.39,948.17,953.99,960.14,965.91,974.65,978.62,992.41,1000.58,1002.74,1002.70,1015.88,1026.77,1025.16,1032.36,1035.26,1036.58,1046.97,1052.49,1057.43,1066.13,1067.21,1069.68,
464.00,719.01,729.57,734.98,741.88,747.77,753.47,759.46,763.40,770.83,776.93,782.77,789.47,795.58,801.88,808.10,812.95,819.00,824.28,830.43,834.07,839.74,848.40,855.37,861.06,864.13,872.05,873.75,965.63,881.83,889.55,899.82,905.71,912.25,911.40,926.35,928.18,933.81,944.01,944.37,950.36,958.63,962.79,971.23,976.27,987.72,998.21,1001.42,998.57,1013.33,1022.75,1020.17,1026.77,1031.29,1031.29,1039.47,1047.84,1054.32,1061.22,1061.97,1065.27,
465.00,715.23,725.43,730.43,737.97,743.50,749.51,755.91,759.56,766.92,773.05,779.48,786.22,791.27,797.50,804.49,808.44,814.18,820.82,826.11,829.09,834.53,842.99,849.05,856.06,856.42,866.25,869.01,962.96,878.06,882.68,894.85,903.25,904.26,906.30,920.57,922.10,928.44,936.40,939.71,946.22,953.27,957.87,963.47,970.03,981.55,994.45,998.12,995.42,1007.85,1013.75,1014.52,1019.40,1024.53,1023.70,1030.40,1042.65,1049.32,1054.24,1057.51,1059.67,
466.00,712.46,722.31,728.04,734.54,741.51,746.00,751.85,756.78,763.20,771.00,775.05,783.30,786.77,792.99,801.33,803.78,810.77,817.60,822.79,824.82,830.83,839.13,844.40,852.69,853.26,862.67,866.86,961.37,872.60,880.00,890.28,900.11,900.99,906.09,914.53,919.20,923.37,930.90,936.17,942.14,947.78,953.84,960.50,964.06,975.17,990.72,994.80,992.08,1003.13,1008.11,1009.30,1013.86,1021.14,1018.11,1024.54,1038.16,1045.22,1047.85,1051.70,1056.09,
467.00,709.56,719.97,726.02,730.76,738.67,744.34,748.64,754.31,759.79,768.66,771.41,780.58,785.16,789.84,798.39,800.70,806.94,813.45,818.73,822.42,827.38,837.65,840.30,851.51,850.38,857.59,862.88,961.15,869.61,876.97,885.70,896.44,894.83,901.48,912.29,915.42,917.50,924.47,931.19,937.04,945.13,950.89,955.54,961.15,971.24,987.18,989.66,986.61,998.15,1005.76,1004.07,1011.04,1016.73,1014.48,1019.37,1034.75,1041.63,1041.39,1047.56,1052.45,
468.00,708.60,718.75,724.75,729.85,738.50,742.38,747.13,752.50,758.47,766.33,771.36,778.77,785.26,787.40,796.95,800.07,805.43,811.37,816.74,820.65,827.44,836.82,835.37,848.03,850.55,856.75,860.77,959.47,869.16,874.17,882.07,893.04,892.04,899.24,909.73,912.63,916.85,922.27,928.79,934.14,944.57,950.24,954.26,956.96,969.91,985.07,987.77,985.80,997.61,1004.01,1003.55,1008.23,1013.18,1013.36,1018.32,1032.84,1038.70,1040.62,1045.11,1049.66,
469.00,709.68,718.63,724.65,730.53,738.15,741.47,747.73,751.44,758.69,765.92,772.14,779.79,784.15,787.56,796.93,799.80,806.04,811.41,816.62,820.03,828.16,834.60,836.62,846.24,850.85,857.96,860.66,958.56,871.95,875.65,879.38,894.18,891.04,898.75,910.75,912.21,918.45,922.57,928.75,933.17,943.32,949.43,953.36,954.38,971.41,984.09,985.93,986.95,997.53,1002.39,1002.39,1010.10,1013.69,1013.45,1018.06,1032.58,1036.24,1039.76,1048.23,1048.89,
470.00,710.84,719.01,726.57,731.18,738.33,742.91,748.52,753.62,760.25,766.99,772.40,781.01,785.05,788.97,797.40,801.03,807.21,811.38,818.84,822.20,829.71,834.80,839.89,847.93,853.68,858.87,862.67,962.79,873.15,876.96,881.15,896.04,894.25,901.34,910.52,914.32,920.52,924.06,930.77,935.96,942.49,949.54,955.08,954.58,973.67,985.06,989.06,988.21,999.45,1004.45,1004.14,1011.99,1015.64,1016.84,1022.94,1032.16,1036.31,1041.66,1050.50,1050.61,
471.00,712.41,720.49,728.60,732.95,739.16,745.24,750.93,755.33,761.34,768.34,775.69,782.47,788.02,791.09,798.80,803.83,808.41,813.57,821.10,823.47,831.54,839.10,841.07,852.30,856.48,859.40,863.98,967.71,875.89,880.33,883.43,895.92,896.78,903.33,913.40,915.78,923.10,927.32,931.28,940.44,942.51,952.57,957.87,956.70,976.38,987.74,989.67,988.33,1002.34,1007.15,1007.91,1015.86,1017.39,1021.16,1025.57,1034.19,1038.05,1044.07,1052.47,1053.73,
472.00,714.89,722.56,730.07,735.34,741.33,746.47,753.65,757.01,764.09,770.10,777.88,783.61,789.01,793.59,801.06,806.78,811.05,816.05,823.82,825.73,835.52,841.29,843.94,853.09,860.40,864.46,867.76,969.80,878.48,879.90,888.01,898.25,901.13,905.18,916.88,919.20,929.44,929.77,932.70,943.04,947.01,954.75,963.14,959.19,979.73,989.22,994.02,993.28,1007.18,1010.86,1012.74,1017.08,1022.24,1024.08,1028.48,1037.67,1041.33,1048.68,1054.24,1057.17,
473.00,716.49,725.03,733.47,737.99,742.91,749.10,754.95,758.95,767.01,773.28,779.58,786.00,790.46,797.60,802.99,808.79,813.37,820.07,827.06,827.96,836.42,840.78,848.99,855.75,860.90,867.50,869.58,975.79,884.23,882.14,893.05,904.43,903.08,907.17,918.70,925.60,935.70,931.91,936.07,948.81,948.05,958.28,965.34,963.25,982.66,992.08,998.30,997.51,1008.45,1013.93,1016.01,1019.24,1024.40,1028.18,1030.78,1039.76,1045.99,1054.69,1061.75,1062.07,
474.00,718.05,725.65,734.58,738.09,743.96,750.75,755.71,760.87,767.71,774.81,780.66,787.42,792.78,800.57,804.98,810.15,814.50,822.74,828.75,828.95,838.48,841.76,850.94,859.99,861.72,868.56,870.91,980.19,883.03,883.67,894.46,905.49,906.64,910.97,917.02,926.22,935.64,934.91,938.50,953.50,948.05,959.23,968.64,967.66,983.53,994.08,1001.90,997.80,1008.10,1015.17,1016.89,1023.24,1026.58,1028.57,1034.88,1041.84,1051.64,1059.08,1063.91,1063.91,
475.00,717.91,728.18,736.23,738.89,747.10,751.38,757.07,762.69,768.30,776.43,781.45,788.99,794.61,801.55,806.80,811.23,816.40,824.46,830.07,829.92,840.71,844.93,852.50,862.84,863.77,872.63,872.63,984.02,882.61,886.67,895.91,905.70,909.39,912.90,917.52,928.61,937.29,937.29,940.24,953.91,951.70,963.52,970.54,970.91,985.13,995.84,1003.60,1000.28,1011.73,1018.38,1018.38,1027.62,1029.65,1031.50,1037.59,1045.53,1054.96,1060.50,1065.67,1064.19,
476.00,719.35,731.07,737.54,740.26,749.84,752.80,759.36,764.11,770.72,777.78,783.80,791.19,797.12,802.91,809.37,813.84,819.19,827.06,832.16,833.47,843.00,847.62,855.63,862.94,866.69,876.65,874.35,986.74,883.59,887.96,900.84,908.25,911.52,913.12,919.79,934.84,941.18,939.73,942.99,956.01,957.34,965.47,972.15,975.92,988.43,997.31,1006.18,1003.86,1013.96,1022.10,1022.45,1028.56,1030.85,1035.23,1040.46,1049.19,1059.14,1062.92,1066.82,1065.71,
477.00,722.90,732.85,740.38,744.59,752.21,755.50,762.06,767.60,773.93,780.55,786.66,794.96,800.55,806.70,813.05,816.70,823.19,831.28,835.89,836.78,845.99,849.90,860.07,864.03,870.29,879.06,877.62,991.49,888.64,894.20,902.03,911.39,914.27,917.90,926.17,939.27,943.88,945.03,947.61,959.56,961.29,969.14,974.84,981.41,992.64,1002.91,1008.74,1009.33,1018.69,1025.75,1026.51,1034.17,1035.61,1038.78,1043.23,1052.88,1063.98,1067.64,1070.23,1070.59,
478.00,727.24,736.48,743.61,747.61,755.44,759.84,766.66,772.36,777.51,785.04,790.76,799.43,804.70,809.44,817.39,819.97,828.63,834.49,840.03,841.04,849.17,853.14,864.89,868.79,875.55,883.79,883.40,997.67,891.96,898.00,905.13,913.70,918.68,921.86,931.84,941.82,947.17,950.34,952.11,964.93,965.66,972.43,979.19,986.63,996.64,1005.93,1013.04,1014.76,1022.63,1029.78,1030.10,1039.03,1042.20,1042.94,1048.26,1057.20,1067.49,1069.67,1076.41,1074.65,
479.00,729.95,740.97,747.08,752.48,760.20,764.65,770.99,776.54,782.23,789.52,796.10,803.39,809.86,812.12,820.70,825.02,832.32,836.50,844.69,846.88,853.06,858.78,867.76,873.30,882.24,889.13,887.85,1006.48,896.00,904.45,912.14,917.71,921.79,928.70,938.56,946.66,952.58,956.52,959.12,968.96,970.64,978.78,983.07,990.60,1000.91,1011.16,1016.91,1018.82,1030.46,1034.44,1035.91,1045.77,1049.59,1050.63,1054.67,1062.98,1071.47,1072.75,1082.75,1079.23,
480.00,735.33,743.68,750.01,756.79,764.04,768.45,775.62,777.82,785.58,792.55,800.24,806.06,812.68,816.50,824.18,829.83,836.48,842.17,848.19,851.30,857.08,862.14,870.88,874.97,887.59,892.24,892.79,1010.10,900.57,907.43,915.47,920.16,925.66,931.98,945.91,952.07,957.48,960.81,961.32,972.12,974.09,982.48,987.62,995.91,1007.57,1013.23,1019.14,1021.71,1033.53,1039.29,1041.46,1049.99,1055.90,1054.68,1057.97,1066.91,1074.78,1077.36,1086.95,1085.44,
481.00,736.60,743.92,750.63,757.72,763.07,769.13,774.59,779.05,786.45,793.75,799.61,805.96,811.84,817.53,825.50,829.32,837.40,842.18,848.40,851.15,857.91,860.49,870.70,874.79,887.80,891.53,893.38,1011.26,904.69,906.23,915.03,922.30,922.81,932.24,946.07,949.37,958.06,960.42,961.75,971.81,972.79,982.77,987.92,995.90,1010.05,1013.89,1020.10,1023.49,1034.05,1038.97,1041.99,1047.65,1055.71,1053.62,1055.86,1067.10,1073.86,1077.95,1086.16,1088.09,
482.00,731.44,740.09,745.50,753.04,758.17,765.99,769.48,775.03,781.29,789.68,795.92,801.90,807.57,812.38,820.88,823.83,832.22,836.87,842.79,846.13,852.54,856.35,865.49,871.45,879.80,884.05,888.66,1007.33,896.73,899.36,908.63,919.20,916.58,928.91,938.04,939.88,951.64,955.47,957.81,966.24,965.39,975.45,981.12,987.35,1005.06,1007.12,1012.15,1016.32,1025.54,1029.71,1035.46,1040.13,1049.42,1045.51,1052.25,1059.62,1066.70,1074.29,1080.16,1080.09,
483.00,720.84,729.43,734.55,743.10,748.46,754.82,758.76,763.73,769.35,777.45,784.56,790.13,796.75,800.48,808.44,812.82,819.85,826.11,830.68,833.14,841.92,845.35,852.19,859.56,866.40,871.02,874.31,993.52,882.75,888.61,896.36,904.87,904.15,917.14,922.19,926.38,935.17,943.53,943.87,951.33,952.14,961.82,966.88,971.84,990.43,994.16,1000.58,1000.01,1011.41,1016.38,1019.30,1027.30,1035.11,1028.98,1037.15,1043.74,1049.85,1059.36,1065.50,1064.71,
484.00,706.08,714.31,720.49,727.39,732.48,738.84,742.70,747.68,753.24,760.42,767.70,772.24,778.76,784.28,792.24,795.22,802.52,809.89,811.70,814.67,824.58,829.69,833.02,840.56,847.75,851.01,856.51,972.36,865.78,867.67,878.25,887.49,884.75,896.19,902.51,908.45,915.64,920.84,922.17,930.01,932.83,940.08,946.47,951.72,968.89,973.61,980.50,977.74,988.88,997.70,999.06,1003.93,1010.38,1006.96,1013.50,1020.92,1025.97,1034.25,1040.61,1043.46,
485.00,691.75,700.19,707.63,712.36,717.36,724.79,726.75,734.07,739.31,746.05,752.03,758.75,764.17,769.15,777.14,779.42,785.97,791.62,795.87,797.87,808.66,812.14,817.77,822.85,828.90,834.78,837.83,955.48,849.12,850.02,860.55,871.76,867.52,878.52,885.30,890.28,897.62,901.65,904.56,911.63,915.58,920.91,926.96,931.57,950.28,954.82,960.97,958.03,967.65,976.22,979.41,983.09,986.44,985.59,992.27,1002.65,1004.85,1013.09,1017.19,1023.34,
486.00,683.54,691.50,698.97,704.24,709.34,716.62,719.10,725.38,728.89,737.18,743.26,750.38,755.28,759.58,767.18,769.78,776.15,782.90,786.72,787.81,799.78,804.62,808.94,813.55,819.83,825.76,828.19,943.20,835.96,840.24,849.30,862.31,858.18,868.66,873.26,879.43,885.38,891.07,893.93,902.51,905.07,908.82,915.44,921.17,937.73,943.20,949.59,945.29,954.80,964.83,965.91,974.15,972.47,973.90,980.41,988.93,992.74,1001.00,1004.50,1010.70,
487.00,681.29,690.55,697.31,700.48,709.05,714.40,716.84,722.13,726.07,735.76,740.61,747.23,753.49,755.45,764.76,767.94,773.38,779.77,784.02,785.63,796.84,803.19,804.36,811.11,819.60,823.53,824.27,941.54,834.47,839.28,847.89,858.26,854.69,865.53,869.82,878.23,880.38,887.13,891.32,901.24,902.18,907.83,911.64,917.91,931.26,939.25,947.29,941.98,950.39,963.18,961.59,970.21,967.43,969.41,975.12,986.82,990.91,995.50,1000.97,1005.80,
488.00,685.86,695.44,702.85,705.55,713.43,719.22,721.86,727.39,732.77,741.18,746.50,752.73,758.49,761.30,770.40,773.32,778.51,783.96,789.82,791.92,802.94,810.72,810.14,815.04,824.96,830.62,830.23,947.68,839.75,844.14,854.11,863.58,859.98,870.28,877.85,884.26,887.30,892.27,895.74,905.91,907.62,915.21,919.01,924.61,938.84,944.86,951.79,947.77,957.49,967.70,967.41,977.49,972.81,978.44,981.05,994.47,999.21,1002.75,1006.61,1011.81,
489.00,696.00,704.66,712.44,716.58,723.10,729.07,731.47,737.33,742.65,751.33,755.91,764.21,768.65,772.74,781.78,783.73,789.55,793.36,801.60,803.03,813.34,818.34,822.75,824.09,833.69,841.20,840.90,960.19,851.52,856.32,865.74,874.36,872.09,878.90,889.31,896.27,898.75,903.74,906.01,918.18,920.34,929.26,932.66,937.09,953.23,956.69,961.70,962.25,969.28,980.87,981.59,989.02,987.17,991.80,996.07,1008.66,1014.22,1017.93,1019.08,1025.04,
490.00,703.47,712.98,719.09,724.59,730.60,736.36,740.10,746.18,750.52,759.88,763.57,771.65,776.75,780.12,790.04,790.66,798.55,802.71,810.10,811.32,820.22,827.28,832.69,833.47,842.19,850.67,849.95,973.72,859.19,863.84,873.81,884.45,881.04,887.55,895.85,903.35,908.88,913.32,917.46,930.12,927.67,938.89,943.69,946.54,962.44,966.52,969.15,973.96,979.65,990.45,987.95,997.78,998.71,1001.13,1005.52,1017.86,1025.78,1029.65,1030.17,1035.38,
491.00,707.99,719.14,724.09,729.31,735.97,741.60,745.69,750.58,757.71,765.37,770.61,777.27,784.81,785.40,795.36,798.00,805.24,808.72,816.24,817.70,826.54,834.08,837.35,842.76,845.68,856.90,856.17,983.00,865.93,873.57,880.82,886.98,890.59,896.02,904.74,910.90,912.72,920.31,924.28,937.30,934.80,947.50,951.48,953.29,968.16,974.63,976.16,980.80,986.67,995.68,994.24,1004.38,1010.93,1008.01,1013.80,1023.94,1032.60,1039.16,1040.58,1042.76,
492.00,712.62,721.21,727.89,734.06,739.78,743.65,749.78,753.85,762.42,768.24,774.04,780.81,788.31,792.10,799.44,801.10,809.88,812.29,820.20,821.45,830.57,836.31,841.39,846.44,849.61,861.40,858.99,987.45,870.01,876.85,885.93,890.65,895.90,898.91,910.26,915.90,918.31,923.74,927.10,939.48,940.47,951.96,956.32,959.29,972.23,979.33,983.06,984.28,994.05,1001.25,999.14,1009.84,1017.10,1014.06,1020.17,1027.50,1036.35,1045.04,1044.27,1047.67,
493.00,715.66,724.16,731.59,736.63,743.24,746.98,752.85,757.61,764.88,772.41,776.49,784.75,790.18,796.69,802.85,803.34,813.00,816.15,824.74,824.36,832.17,836.32,845.54,849.19,852.22,863.15,862.78,993.73,874.19,880.25,888.99,896.03,899.07,899.44,914.48,922.00,924.07,926.38,933.17,942.52,945.19,953.68,960.48,962.79,975.04,983.18,985.12,987.90,998.22,1005.51,1006.84,1013.03,1022.50,1017.28,1024.80,1032.57,1039.48,1046.16,1046.77,1051.26,
494.00,717.63,727.05,735.00,737.92,746.31,750.04,756.45,760.61,766.88,775.50,780.46,787.97,793.88,798.91,805.12,807.22,815.84,820.43,827.15,827.59,834.59,841.23,847.61,855.09,856.73,867.48,866.95,998.64,876.45,884.28,888.84,898.88,902.34,904.34,917.66,923.32,926.78,930.79,937.72,947.21,949.03,954.87,963.26,967.63,977.85,986.61,990.79,990.62,1003.92,1009.59,1009.96,1017.97,1024.91,1020.17,1025.46,1036.77,1042.25,1051.36,1049.54,1055.19,
495.00,721.34,730.04,738.24,741.66,749.85,753.26,760.59,763.08,770.25,779.43,784.55,791.48,798.36,802.85,808.85,813.38,819.98,823.99,830.72,831.83,838.57,846.48,850.51,860.87,862.55,873.18,871.37,1002.90,881.60,889.67,893.58,902.59,906.39,909.58,920.42,927.62,930.19,934.12,942.38,951.88,954.06,958.50,966.30,972.29,981.78,991.54,997.38,995.08,1008.51,1013.75,1014.96,1022.04,1029.97,1023.89,1031.07,1040.69,1046.69,1057.20,1054.03,1061.71,
496.00,722.32,729.54,739.53,741.96,749.73,753.47,760.36,764.04,771.26,779.59,784.20,791.54,797.86,803.35,809.16,813.47,820.51,823.95,829.35,832.17,837.33,845.87,849.97,858.03,865.25,872.66,871.71,1004.12,882.15,887.75,894.68,903.48,905.48,908.78,919.33,927.84,931.30,936.23,940.69,951.26,953.16,956.47,968.02,971.30,981.95,990.00,998.23,994.56,1009.54,1014.01,1017.11,1023.35,1029.56,1024.06,1031.49,1042.80,1046.01,1056.65,1053.65,1060.25,
497.00,719.22,727.14,736.44,739.80,745.88,752.58,758.33,761.75,768.65,776.44,781.30,788.67,794.56,800.46,806.64,810.73,816.64,822.20,826.49,828.56,834.43,844.33,849.48,852.49,863.12,868.71,870.47,1002.57,879.72,884.48,890.72,899.18,901.82,905.07,916.49,923.86,927.14,935.22,937.09,945.18,952.13,951.09,965.04,969.09,980.47,984.94,991.94,991.53,1005.53,1009.20,1012.86,1019.90,1025.39,1022.44,1026.50,1039.76,1042.69,1051.87,1050.78,1054.83,
498.00,713.65,722.04,729.63,735.18,740.86,745.81,753.65,755.98,762.94,770.56,775.95,783.29,790.30,792.17,799.75,804.81,810.51,816.27,819.48,822.80,829.54,838.94,845.02,848.20,857.43,864.17,864.35,994.87,872.61,878.88,882.58,892.45,894.76,900.71,909.98,915.47,921.19,929.40,928.81,939.51,944.58,944.58,956.94,963.08,974.66,977.24,984.16,986.61,999.02,1003.08,1004.83,1009.96,1016.18,1017.66,1018.95,1033.57,1036.39,1045.76,1041.47,1047.42,
499.00,706.80,716.03,721.89,728.77,733.44,737.82,746.71,748.79,757.29,763.45,768.68,774.31,783.51,784.63,792.13,797.27,802.62,807.81,810.66,815.85,823.00,833.82,836.73,840.23,848.85,856.36,854.72,987.14,863.98,871.60,876.31,885.14,888.21,894.40,899.85,905.93,911.54,922.28,921.59,929.95,933.34,936.51,949.42,951.33,964.39,969.10,973.07,976.14,988.25,990.84,994.02,1000.05,1007.61,1007.77,1010.79,1021.90,1025.50,1035.50,1034.01,1037.82,
500.00,700.29,708.51,714.25,721.42,725.83,730.46,738.15,741.42,750.90,755.42,761.00,767.02,775.67,777.99,785.43,788.04,795.20,800.46,802.44,808.15,815.59,824.84,828.43,829.83,841.75,846.74,845.96,975.83,856.48,862.04,868.39,876.52,881.76,882.91,894.05,898.67,901.76,913.56,910.83,917.47,925.43,929.68,940.32,943.04,954.22,960.37,965.52,966.26,979.05,983.50,984.49,992.45,997.57,1000.08,1003.09,1011.05,1014.97,1024.66,1026.02,1026.02,
501.00,694.94,704.45,708.35,716.72,720.95,725.54,733.32,737.16,744.25,750.48,755.25,762.10,768.44,771.96,781.11,781.70,789.39,795.74,798.24,802.77,810.78,816.65,825.44,825.75,833.56,841.60,842.13,970.02,852.78,855.09,862.91,871.55,873.70,874.83,888.75,893.90,898.52,905.29,905.14,909.69,919.89,924.43,932.03,936.65,948.05,954.15,958.33,959.66,972.10,977.99,978.96,985.14,988.79,994.23,997.73,1004.65,1008.75,1015.30,1020.44,1020.30,
502.00,691.76,703.06,706.66,713.37,719.25,721.97,730.07,734.90,740.95,748.31,752.62,759.30,767.13,767.09,777.76,779.34,785.56,792.00,795.18,799.66,807.80,812.96,822.11,825.40,827.06,837.06,838.84,966.57,848.37,850.92,859.39,870.90,870.53,872.59,885.37,889.77,896.85,901.24,902.01,909.00,913.93,921.71,928.45,932.72,945.15,951.89,955.45,957.80,969.56,975.15,976.07,981.61,985.15,989.71,994.58,1002.43,1003.35,1012.05,1017.00,1018.25,
503.00,691.91,702.59,708.65,714.20,719.49,723.39,729.93,734.13,741.52,748.02,753.65,759.50,767.78,768.86,777.77,781.49,787.18,792.30,795.81,800.59,808.85,813.92,821.54,825.51,827.07,837.53,839.75,971.25,847.30,851.11,862.17,872.44,873.85,872.76,883.77,890.40,896.11,903.14,904.17,911.38,913.29,923.29,929.00,934.53,943.96,954.33,957.76,960.07,969.84,976.87,976.09,984.05,984.80,987.49,994.51,1001.41,1004.32,1013.60,1018.50,1021.78,
504.00,697.10,706.03,711.90,717.00,723.41,727.75,732.97,737.66,745.25,751.48,756.33,763.78,769.56,772.67,782.84,784.21,791.97,796.52,800.33,803.05,811.41,814.31,823.74,828.83,832.99,839.85,844.19,976.05,849.37,853.97,867.97,875.17,877.81,873.35,889.38,897.36,901.59,905.26,907.17,917.38,919.96,928.55,931.93,939.89,950.04,960.89,965.41,965.78,976.40,982.42,980.82,989.53,993.26,991.33,1000.82,1008.28,1011.69,1016.99,1023.70,1027.46,
505.00,699.38,710.07,715.16,719.99,726.37,731.95,736.90,742.19,748.53,754.56,759.35,768.26,772.22,776.13,785.32,788.46,793.98,798.84,803.97,806.69,814.86,817.94,828.40,832.09,834.84,844.10,847.01,982.32,853.25,856.14,869.94,877.29,882.38,879.27,893.81,902.21,906.47,910.15,911.46,922.88,924.08,931.25,936.64,944.28,956.16,964.58,968.17,970.06,981.96,986.94,984.96,993.93,998.55,994.40,1004.70,1013.95,1016.20,1020.55,1027.72,1032.23,
506.00,702.28,712.06,717.97,722.02,729.72,735.08,740.29,744.01,751.70,757.06,762.88,770.99,776.11,779.54,787.11,791.50,796.50,801.37,806.83,809.76,817.00,821.81,831.51,835.22,839.08,846.88,850.07,986.27,853.54,860.96,871.94,880.27,887.38,883.60,897.61,904.88,908.82,912.52,915.39,926.91,930.62,935.47,941.07,949.70,960.00,970.37,971.28,975.44,984.07,991.04,990.20,996.27,1001.72,998.84,1008.45,1015.50,1021.33,1022.01,1027.99,1035.72,
507.00,706.17,713.29,720.37,726.19,732.03,738.12,742.46,745.33,754.98,759.29,765.64,772.91,777.79,782.34,789.87,794.84,800.22,804.59,809.03,812.64,819.73,826.99,833.32,836.91,844.50,849.61,850.03,990.17,856.95,865.10,875.94,882.52,891.89,887.92,899.11,906.28,909.49,915.14,923.03,931.35,934.47,938.86,944.38,950.97,961.01,974.85,973.16,978.02,986.37,993.17,994.77,1000.64,1006.37,1002.03,1011.10,1018.36,1027.51,1025.95,1030.09,1038.82,
508.00,708.52,715.84,722.24,726.64,732.43,739.73,743.41,747.79,757.76,762.01,767.26,775.34,778.74,784.92,793.50,796.36,800.76,806.09,810.99,814.39,820.81,828.10,831.91,839.10,848.41,851.95,850.75,990.57,860.06,864.90,876.78,882.22,894.96,891.31,902.20,907.86,909.34,916.90,925.40,930.84,937.70,941.62,947.99,951.80,964.60,974.95,977.61,978.43,988.01,993.51,995.69,1004.18,1008.05,1005.49,1012.51,1019.48,1029.17,1028.14,1033.31,1039.79,
509.00,708.46,716.24,722.51,727.15,732.71,740.95,744.92,748.71,757.16,762.39,767.68,776.21,779.80,785.36,792.95,797.40,801.12,806.93,811.98,814.88,822.12,826.85,833.68,837.60,846.82,853.12,851.35,990.22,864.34,863.59,877.34,884.79,893.49,892.77,901.75,906.77,911.59,919.24,925.54,929.27,939.78,942.50,947.33,951.87,963.95,972.41,976.38,978.09,986.22,995.91,997.72,1005.13,1006.28,1006.99,1012.59,1020.85,1030.07,1028.97,1033.56,1038.96,
510.00,709.49,716.40,722.54,728.37,733.43,740.34,745.52,748.28,756.73,763.62,768.55,775.27,780.66,786.03,793.96,797.55,801.83,808.24,813.03,814.37,821.94,828.58,833.87,838.59,845.84,853.11,852.73,993.14,864.65,865.07,879.17,886.54,890.67,892.32,899.89,903.33,912.91,919.53,927.51,930.94,940.49,941.32,947.84,952.80,965.06,971.22,975.45,979.29,985.40,993.43,1000.33,1006.48,1006.51,1008.03,1011.42,1022.25,1028.76,1028.01,1034.08,1039.07,
511.00,708.31,715.49,722.22,727.92,732.20,739.77,743.29,746.52,755.75,761.57,768.06,773.64,779.65,784.65,791.86,796.42,800.84,807.22,811.65,812.06,821.84,826.94,828.95,838.33,842.86,851.56,849.71,994.10,863.34,866.95,878.20,886.73,886.52,894.05,895.90,901.66,908.22,920.22,925.08,929.60,936.00,939.29,945.69,950.00,962.24,969.93,974.16,976.55,983.78,989.63,997.34,1004.12,1004.42,1005.26,1006.50,1022.65,1027.89,1030.03,1032.12,1036.19,
512.00,705.20,713.62,719.56,724.35,729.92,737.41,740.78,744.33,752.64,760.02,765.31,771.97,776.23,783.64,789.40,792.74,798.46,805.46,808.66,809.63,819.70,823.29,826.19,834.21,841.97,849.67,847.51,990.70,862.18,862.54,874.39,882.88,880.39,889.15,892.78,900.66,906.04,915.46,918.76,925.57,932.11,937.01,941.64,944.83,959.44,965.09,971.88,974.33,978.69,986.78,992.74,997.12,998.92,998.90,1002.41,1018.45,1023.31,1026.19,1028.39,1033.25,
513.00,699.15,708.13,713.32,718.58,725.02,731.89,735.39,738.87,745.21,754.12,758.77,765.57,770.00,777.19,782.69,785.71,792.45,799.49,802.66,803.13,811.80,817.32,823.72,825.84,833.15,842.67,841.50,984.36,855.05,855.24,867.04,877.11,869.56,880.43,886.62,894.54,900.16,909.83,911.58,916.82,922.81,929.00,934.04,935.78,952.06,958.62,962.10,965.02,971.01,977.60,984.95,988.81,993.65,991.16,997.16,1009.73,1011.06,1017.08,1021.53,1022.88,
514.00,688.92,698.82,703.68,708.44,715.74,720.20,724.03,727.96,735.01,743.24,748.47,753.02,760.32,765.71,771.45,774.87,780.57,787.66,790.72,792.48,799.21,808.09,812.88,817.41,820.77,831.13,830.87,971.70,840.70,845.88,852.87,863.10,857.66,867.76,875.78,880.96,885.36,893.77,897.52,904.39,907.88,914.09,921.87,922.90,941.41,946.72,947.49,950.99,957.85,963.28,972.35,972.08,978.30,978.95,983.86,993.18,995.00,1001.85,1007.29,1008.97,
515.00,675.95,685.50,690.66,694.65,703.45,706.61,710.92,713.46,721.92,729.55,734.80,739.07,746.63,750.83,755.87,760.82,766.11,773.30,775.58,778.98,785.31,794.37,798.65,803.64,805.91,817.97,816.48,954.66,825.37,830.69,838.22,847.62,844.96,852.88,858.59,864.49,868.58,873.97,881.16,891.34,888.49,897.70,904.52,903.94,923.59,928.84,929.56,934.10,939.87,946.67,954.08,953.03,958.81,960.56,964.91,974.44,976.32,982.93,987.74,988.26,
516.00,666.31,677.08,681.45,685.21,693.18,696.61,701.28,705.18,711.60,720.64,723.16,728.94,735.80,741.26,745.79,750.01,755.79,761.89,764.85,769.37,773.59,781.17,788.56,790.93,794.43,807.32,805.36,940.43,814.34,814.77,827.23,831.94,834.62,841.27,846.36,851.45,856.90,861.60,868.23,879.16,875.24,885.39,892.05,891.25,909.98,915.85,916.23,922.08,926.40,935.34,938.51,940.43,945.13,945.92,953.31,959.58,961.92,968.95,974.80,974.02,
517.00,658.28,670.49,675.21,678.62,686.48,689.80,695.45,698.45,703.80,712.16,715.63,721.85,728.51,732.89,737.94,742.96,747.32,753.13,758.27,762.16,764.85,772.20,782.04,784.05,784.33,797.98,798.65,930.52,807.25,807.20,817.70,824.41,828.11,831.17,840.91,843.98,851.02,854.76,859.63,868.07,867.97,875.01,880.20,883.68,901.78,906.08,906.92,910.39,919.23,924.88,928.73,931.13,936.66,936.11,946.21,948.13,951.82,960.02,966.68,963.66,
518.00,656.49,667.68,673.15,676.71,684.10,686.22,694.34,695.22,702.46,708.31,713.47,719.94,726.53,730.66,734.54,742.32,745.13,750.09,755.24,759.88,763.47,768.72,779.34,782.93,781.30,795.32,796.74,930.15,806.30,807.03,814.75,822.86,827.69,828.26,837.31,841.83,849.25,851.88,857.79,865.84,866.96,871.75,875.19,882.49,897.54,901.70,904.33,907.31,917.66,923.81,927.94,927.97,934.46,934.01,941.31,947.16,951.59,955.66,962.45,961.45,
519.00,660.67,670.29,677.26,680.50,686.44,690.33,697.98,700.02,707.08,712.42,717.45,724.65,730.19,735.06,738.50,745.68,749.45,754.18,759.46,764.07,769.25,774.62,781.74,786.65,786.99,799.23,799.83,936.05,810.21,811.83,817.94,826.80,833.62,835.00,841.32,846.93,854.69,857.99,862.87,871.02,870.55,878.18,879.85,887.82,901.08,905.22,909.66,914.98,922.61,927.82,932.30,933.64,940.58,937.23,945.48,953.14,958.80,960.61,968.08,966.56,
520.00,668.99,679.64,686.29,689.76,694.63,699.86,706.24,711.00,715.37,721.37,726.22,734.72,739.05,744.97,749.29,755.03,759.52,763.51,769.76,773.46,779.87,784.14,792.03,792.96,799.87,808.34,809.83,947.46,821.51,820.56,827.72,837.23,842.95,844.97,852.91,860.40,864.10,871.15,875.83,878.74,882.78,890.67,890.67,899.78,910.14,917.48,921.53,928.19,933.11,940.56,942.48,944.10,953.03,949.03,957.17,964.16,973.44,973.98,978.55,979.50,
521.00,677.43,687.05,694.22,698.44,704.16,708.40,715.67,719.32,724.11,730.08,735.68,744.84,749.20,753.32,758.97,764.54,769.34,773.26,779.92,782.86,789.74,793.21,802.30,802.30,811.16,817.62,820.47,961.04,832.35,829.81,840.06,849.77,850.92,851.71,865.03,874.43,877.74,882.25,886.60,888.20,894.67,901.55,900.36,910.47,920.68,930.14,934.96,938.38,945.94,951.73,952.68,954.95,964.99,960.56,967.92,976.14,985.54,983.98,992.85,993.98,
522.00,688.24,695.91,702.57,706.85,711.93,715.71,723.08,728.38,734.22,739.95,745.66,752.65,757.74,763.10,768.02,773.27,778.78,781.35,789.40,792.75,799.53,804.53,810.55,813.16,819.58,826.36,832.55,975.21,839.43,840.90,849.77,861.12,860.77,863.48,876.95,883.01,886.16,891.42,895.32,898.78,904.83,913.80,913.04,922.59,932.08,940.82,947.51,949.87,956.73,961.88,963.40,968.04,976.44,972.79,979.96,986.44,998.23,994.35,1004.23,1005.72,
523.00,690.62,699.32,705.82,709.97,715.39,720.81,725.93,732.92,738.66,743.39,750.26,756.19,760.46,767.02,771.62,775.54,782.86,786.16,793.54,795.70,803.76,808.18,811.71,815.72,824.72,831.43,836.46,982.19,839.77,845.74,854.74,864.18,863.12,869.43,880.47,886.43,890.00,894.51,897.68,905.27,908.00,919.75,920.94,928.44,937.04,945.96,948.79,956.20,959.91,965.91,968.12,972.70,980.03,978.27,984.84,991.42,1002.05,998.96,1007.62,1009.16,
524.00,689.54,698.84,703.99,709.50,715.36,720.17,726.00,732.11,736.54,742.21,748.75,755.48,759.33,766.78,772.15,773.67,782.74,786.23,793.41,794.28,803.06,806.12,811.93,813.57,825.11,830.57,835.46,981.72,842.15,842.91,857.19,863.53,862.26,866.53,878.58,885.71,887.12,892.18,896.93,905.35,907.20,918.12,920.73,926.59,936.03,944.35,946.30,952.56,959.73,962.33,965.05,972.20,977.42,977.02,980.50,990.98,1001.40,999.08,1006.00,1008.68,
525.00,688.35,697.15,702.80,707.93,715.29,719.39,724.97,729.92,735.39,741.18,747.13,753.39,758.16,765.06,769.92,772.54,780.06,784.57,791.86,792.09,800.43,801.70,812.75,811.16,821.47,827.79,833.55,981.11,840.72,840.95,854.28,859.36,860.83,862.03,879.64,884.71,886.88,890.75,892.17,903.45,907.62,914.57,919.41,925.05,935.31,942.94,945.50,948.18,958.09,961.28,961.91,973.02,973.82,973.93,978.55,990.12,999.63,999.91,1004.70,1007.49,
526.00,688.26,697.22,703.72,707.52,714.75,718.62,724.38,730.24,736.42,741.11,747.99,753.30,758.20,765.05,770.29,774.35,779.54,785.14,791.96,791.99,800.79,802.70,813.57,813.96,821.41,827.02,834.53,982.26,839.79,843.08,852.93,860.04,860.91,862.51,881.40,883.56,887.07,890.76,893.78,904.83,910.76,915.47,920.27,926.92,935.79,941.24,945.46,948.26,958.75,961.62,964.50,975.39,974.73,972.51,980.42,991.69,1000.09,1000.89,1006.02,1006.51,
527.00,687.74,696.63,703.01,708.46,715.15,719.16,724.73,729.98,735.43,741.04,747.29,753.75,758.56,765.09,771.87,773.79,778.72,786.53,791.78,791.14,801.84,803.20,813.83,816.53,823.55,827.66,831.26,982.26,843.79,844.19,854.61,859.62,863.03,865.44,879.46,880.36,886.37,891.79,895.09,907.41,909.62,917.14,923.25,925.85,937.08,942.19,943.29,949.30,957.82,963.93,966.74,975.45,974.55,973.95,980.66,993.99,998.19,1003.41,1007.52,1008.22,
528.00,691.90,699.70,705.49,711.37,718.64,721.33,728.16,733.62,738.00,745.38,749.25,756.90,761.92,768.15,777.00,777.77,781.76,788.83,795.20,795.62,804.92,805.87,817.38,821.76,827.06,829.57,833.62,985.38,846.78,847.07,856.19,860.80,867.30,867.74,882.86,884.87,887.72,896.42,900.10,909.08,914.23,919.12,924.75,929.50,940.09,947.07,950.29,953.87,962.85,969.34,971.61,976.61,977.01,978.11,984.94,997.80,1002.18,1007.77,1011.16,1013.73,
529.00,696.54,704.32,711.67,715.72,723.25,725.58,733.12,738.71,743.21,750.42,755.37,763.07,768.30,772.38,781.56,784.63,787.11,794.74,801.24,802.67,810.93,810.46,823.90,828.33,831.03,834.25,842.39,991.02,853.54,852.88,859.92,867.03,869.55,873.32,889.31,893.02,896.33,905.56,906.83,915.47,920.42,925.22,929.65,934.11,946.62,955.33,958.67,959.41,969.41,978.42,976.41,982.85,983.77,983.22,992.57,1004.09,1007.28,1016.17,1017.50,1019.54,
530.00,700.83,708.32,714.57,720.08,725.46,727.51,736.53,741.82,747.13,753.23,759.43,766.41,772.71,775.83,785.55,788.25,791.48,798.08,804.63,806.88,815.55,817.22,829.24,836.66,833.06,838.58,847.09,998.89,856.84,859.92,863.76,875.14,872.82,880.27,891.69,895.84,901.27,909.55,912.37,917.49,924.25,929.70,932.83,940.28,952.56,959.01,964.06,963.54,974.11,984.19,982.08,989.05,991.56,987.60,999.10,1007.59,1012.21,1019.28,1022.19,1026.32,
531.00,701.37,710.15,715.42,721.65,725.08,729.66,738.06,743.55,748.23,753.63,760.47,766.41,772.87,777.36,787.05,788.27,793.24,799.51,804.74,808.20,817.30,820.24,827.91,838.98,833.49,841.39,846.16,1000.68,856.09,863.27,866.26,877.65,876.68,884.51,891.70,896.05,901.87,910.26,912.12,920.59,924.71,929.31,933.11,940.78,954.50,960.88,963.06,966.37,976.14,985.67,984.94,988.74,993.41,993.49,999.96,1008.27,1015.70,1018.45,1021.52,1027.08,
532.00,701.00,710.45,716.25,721.57,725.70,730.96,739.57,744.10,748.59,753.30,760.48,766.57,772.77,777.94,787.09,788.96,794.35,799.70,805.18,809.54,817.22,819.72,829.60,836.43,834.37,841.10,846.67,1001.72,856.42,862.26,866.43,876.72,876.44,882.73,889.65,898.64,902.86,909.51,913.32,921.05,924.06,929.09,932.82,941.26,953.65,962.01,961.56,967.09,976.34,983.11,985.18,988.51,993.54,996.01,999.83,1010.84,1016.27,1017.61,1020.17,1026.46,
533.00,700.53,708.92,715.29,722.04,725.15,731.08,738.33,743.29,747.19,753.18,759.40,765.15,772.54,776.37,785.32,788.80,794.22,798.91,804.15,808.72,815.04,819.35,831.48,833.73,831.47,841.49,847.85,1000.66,857.31,861.36,866.51,877.14,877.67,883.79,892.13,899.35,904.20,908.81,911.53,920.08,922.64,928.41,932.28,940.84,953.50,961.88,961.07,967.66,975.57,980.61,982.63,989.91,993.85,994.14,998.93,1010.55,1016.10,1018.24,1020.03,1025.63,
534.00,700.81,708.41,715.79,722.26,725.46,732.05,737.22,743.66,748.04,753.10,760.38,763.90,772.88,776.77,784.51,789.29,793.59,798.17,802.48,807.87,813.96,821.06,831.65,834.17,832.91,842.90,847.74,1001.52,853.82,862.64,866.14,879.28,880.45,884.17,893.30,899.07,902.81,906.15,911.13,918.07,925.68,928.25,931.04,942.80,952.17,960.77,960.99,967.97,975.32,982.47,983.99,990.53,995.44,995.34,999.54,1010.58,1017.02,1017.42,1021.74,1025.07,
535.00,700.28,708.85,715.52,722.83,726.75,735.01,738.11,744.75,748.28,754.81,762.28,764.81,772.85,779.01,785.51,790.33,795.47,799.18,803.57,808.63,815.73,822.24,829.21,835.23,838.22,846.67,848.28,1002.94,856.84,861.63,869.02,879.90,882.32,885.66,892.98,897.89,903.45,906.44,912.90,922.56,927.00,930.32,932.06,942.54,954.23,960.32,962.00,968.90,977.04,983.94,984.33,990.90,998.95,997.70,1000.95,1013.16,1015.46,1018.46,1025.35,1026.11,
536.00,701.11,707.87,714.83,723.71,728.59,735.12,738.11,744.29,748.23,756.10,761.40,767.19,773.34,779.15,784.55,789.30,796.78,798.95,804.74,808.94,814.79,819.76,829.36,832.84,841.71,847.16,846.26,1002.03,856.59,857.41,869.35,876.59,882.76,885.37,892.94,898.39,900.09,906.91,912.93,921.13,925.04,930.25,933.58,943.90,951.37,959.26,964.06,967.15,976.25,985.12,983.65,991.29,997.22,996.66,999.67,1011.54,1011.13,1020.08,1026.16,1025.45,
537.00,699.94,705.70,712.50,721.10,726.52,731.24,734.55,740.31,745.13,753.67,759.58,765.33,772.67,774.88,780.81,788.34,794.82,796.81,802.11,805.04,812.47,815.28,826.83,826.64,837.74,843.83,844.05,996.92,853.11,854.19,865.74,875.66,877.25,880.87,893.18,896.63,897.14,905.95,908.91,916.76,921.79,927.65,929.53,939.31,946.83,955.04,961.90,963.44,972.45,984.92,979.26,988.11,993.26,991.59,995.32,1007.28,1007.47,1018.87,1021.32,1022.99,
538.00,695.81,701.45,709.35,715.65,722.09,727.17,729.18,734.15,741.10,747.81,756.20,760.92,768.60,771.30,775.63,784.13,789.77,792.52,797.02,799.86,809.43,812.10,821.84,823.45,833.07,838.35,837.49,995.67,846.51,850.42,861.66,871.42,869.58,871.59,886.88,891.92,893.43,900.37,903.42,909.92,917.10,921.37,924.25,933.85,941.60,947.07,957.30,955.83,966.68,978.68,971.74,984.42,986.60,984.80,986.43,998.60,1002.63,1013.17,1015.40,1018.74,
539.00,692.22,697.04,704.67,712.10,717.44,722.62,725.23,730.15,736.74,743.81,751.14,756.45,762.36,766.89,771.94,778.18,785.84,788.69,793.22,796.01,805.07,808.49,813.73,819.23,826.18,832.94,828.88,989.86,841.01,847.74,857.23,865.90,867.63,869.93,880.93,884.20,887.34,894.98,895.45,906.04,909.94,916.91,920.84,929.45,937.72,941.80,951.99,950.13,961.13,972.85,966.10,977.73,979.77,979.68,979.49,992.18,999.54,1007.21,1010.03,1012.45,
540.00,690.17,694.05,702.93,708.29,714.21,719.05,721.37,726.91,733.53,741.34,747.23,753.03,759.13,762.64,768.35,774.80,781.98,785.56,790.14,793.23,800.72,803.45,811.05,813.10,822.69,828.01,824.21,983.71,837.19,844.03,852.86,858.77,864.61,865.60,876.30,882.09,883.20,890.57,891.15,903.49,905.88,911.56,917.29,924.31,932.61,937.23,945.12,948.51,954.53,966.52,962.60,971.54,972.89,975.76,974.76,987.16,995.28,1002.77,1005.98,1006.63,
541.00,688.31,692.26,703.09,704.90,711.28,715.57,719.49,723.27,731.16,738.85,745.59,750.35,757.73,759.87,766.45,773.97,779.38,783.32,787.44,791.70,798.92,800.92,811.55,810.36,817.67,824.31,823.90,982.24,836.57,842.72,851.33,857.49,860.38,862.84,873.54,882.15,882.56,889.94,889.53,902.17,902.26,909.22,915.37,919.91,933.02,937.92,943.70,946.11,950.25,962.55,959.28,969.11,969.54,973.65,969.93,984.68,995.39,999.48,1002.73,1005.63,
542.00,687.77,692.44,703.38,705.07,710.36,716.34,718.33,723.96,732.18,738.68,744.68,749.01,756.52,761.25,766.86,772.73,778.14,781.26,787.02,792.31,798.45,802.76,809.04,814.76,814.68,825.52,825.63,983.46,835.91,844.72,849.69,855.59,860.38,865.05,873.98,882.42,884.14,889.34,888.18,897.63,905.66,908.58,914.89,922.03,932.49,935.93,944.00,943.85,950.80,961.60,957.30,967.99,971.35,973.52,968.88,983.12,996.20,998.55,999.90,1004.12,
543.00,689.58,695.02,704.58,705.78,711.22,716.54,720.67,728.08,733.63,741.04,745.81,751.64,757.51,763.17,769.54,773.32,779.80,783.38,789.30,794.85,800.67,803.50,808.87,816.41,816.42,830.01,827.81,985.66,838.80,847.54,851.83,858.69,862.39,870.23,872.82,884.36,886.83,890.51,891.79,901.97,908.23,910.59,915.52,924.58,935.85,938.72,944.19,943.81,952.73,962.88,960.82,972.08,976.33,976.34,973.46,986.78,996.77,1002.03,1002.40,1005.30,
544.00,690.14,697.33,706.24,706.24,711.85,717.05,723.00,728.52,734.47,742.15,747.02,754.37,760.06,765.18,771.29,774.50,781.11,785.33,791.35,795.48,802.49,803.02,812.74,817.89,820.37,830.48,829.66,988.36,843.29,844.70,856.69,858.95,860.60,871.35,874.22,885.79,888.47,891.97,896.94,905.19,909.12,913.65,916.95,928.31,937.60,940.27,945.24,945.02,956.17,963.18,964.22,973.91,977.00,978.67,976.82,989.20,998.69,1005.28,1003.42,1008.19,
545.00,691.64,698.32,706.20,707.47,712.27,717.57,724.41,729.26,735.55,742.50,748.18,755.80,761.81,766.22,772.40,775.10,781.67,785.75,793.04,795.35,802.30,804.84,812.69,819.32,819.73,830.62,833.12,989.64,844.69,845.11,857.24,860.42,859.72,870.20,877.10,886.75,889.65,894.21,898.89,904.40,911.03,915.86,916.54,931.99,939.02,944.68,948.27,945.78,958.33,963.16,966.74,974.06,977.08,979.43,978.87,992.25,1000.80,1006.46,1002.88,1009.90,
546.00,692.70,699.23,705.53,707.71,713.35,718.69,724.44,731.43,736.11,743.43,749.49,756.84,762.76,767.32,772.82,775.78,782.36,786.48,794.52,796.18,803.73,807.54,814.11,821.30,820.81,832.77,835.60,991.74,845.49,846.66,857.31,863.73,861.04,868.30,877.63,888.27,892.69,897.05,900.57,903.82,912.81,918.20,917.71,933.96,940.24,944.60,949.16,946.81,962.02,963.47,964.92,977.29,978.60,980.47,980.61,993.39,1002.10,1006.94,1002.17,1011.71,
547.00,692.61,699.60,705.25,707.42,715.40,718.89,725.71,732.36,735.53,743.51,750.99,758.14,762.80,767.96,774.61,775.61,783.10,787.59,794.90,796.40,804.89,809.62,814.62,822.52,825.01,832.91,834.17,996.33,846.63,847.88,860.77,864.52,864.10,868.26,878.65,886.56,890.30,896.12,902.36,907.34,912.76,919.41,918.99,933.55,942.28,946.43,950.18,948.10,965.98,964.31,967.22,979.70,980.54,980.12,985.52,994.67,1004.65,1006.74,1007.55,1013.38,
548.00,691.76,698.62,704.65,708.49,715.84,719.21,725.77,731.63,736.30,744.38,750.13,756.91,762.80,768.28,773.22,775.50,781.86,786.03,794.33,796.09,802.75,809.94,815.77,820.77,827.31,831.06,833.76,994.83,844.94,844.59,859.46,863.83,867.23,867.80,880.30,885.85,888.13,895.23,901.82,908.70,912.94,919.40,920.52,933.09,942.67,947.59,951.14,950.88,965.66,966.15,968.91,975.66,977.32,979.13,984.97,993.08,1005.52,1003.87,1007.95,1012.40,
549.00,691.57,698.59,704.94,708.62,717.36,720.43,725.78,732.03,737.15,745.34,752.03,756.33,763.24,767.92,773.55,777.33,782.29,785.87,794.83,797.01,802.85,810.04,816.73,820.48,825.79,832.07,838.03,994.08,846.01,846.82,860.06,864.91,866.49,866.33,880.27,888.21,889.74,896.28,901.32,909.95,912.18,917.61,921.79,930.45,941.43,948.40,951.88,951.60,963.73,965.53,969.04,975.01,978.51,979.90,986.30,994.11,1003.85,1001.77,1008.31,1013.61,
550.00,691.56,698.02,704.99,709.43,718.23,721.77,726.10,731.48,737.17,746.99,752.52,755.79,762.60,767.78,774.23,777.85,783.12,785.88,795.62,798.63,804.84,813.64,816.59,823.47,825.38,832.51,838.60,997.23,844.03,849.24,858.30,867.93,866.01,868.95,882.79,888.87,890.57,896.87,900.84,907.96,912.97,916.96,922.43,928.49,940.04,947.78,954.06,953.01,964.55,968.09,967.91,975.24,977.95,979.64,986.12,993.04,1004.57,1001.44,1007.73,1014.01,
551.00,691.56,697.49,704.05,709.72,718.28,721.32,727.64,731.73,737.39,747.81,751.51,756.21,761.05,767.59,774.77,777.27,783.06,787.53,795.87,798.35,804.40,813.41,813.39,823.24,825.29,831.74,836.65,998.28,842.53,852.05,858.63,867.05,867.47,872.08,882.18,887.64,889.05,894.07,900.52,907.79,914.52,916.78,921.24,928.55,938.61,947.44,953.48,951.09,963.00,968.59,969.00,975.59,979.23,978.26,987.08,993.79,1002.37,1002.61,1009.59,1013.26,
552.00,692.42,699.00,705.21,709.61,718.27,721.23,728.48,731.02,738.56,747.92,752.10,756.93,761.92,767.92,774.27,779.51,783.74,789.55,796.92,798.68,805.09,811.42,814.41,821.46,825.60,832.69,836.75,995.48,843.80,852.00,858.14,866.07,865.61,874.08,879.71,887.07,890.02,895.04,900.56,909.03,912.59,917.07,922.74,928.80,939.34,949.38,951.22,952.25,961.34,969.34,970.11,976.51,978.70,980.46,986.21,991.57,1001.04,1004.14,1009.62,1013.42,
553.00,691.93,699.52,704.28,709.67,717.81,721.69,729.15,729.81,738.27,746.23,753.32,756.88,762.13,766.86,773.97,780.39,783.95,789.37,797.99,798.17,804.60,811.18,815.45,820.50,819.74,833.17,837.81,996.00,845.45,853.49,856.90,864.10,865.33,872.54,880.11,888.12,890.28,896.20,900.82,906.82,911.03,916.92,921.16,931.69,937.66,949.07,949.93,953.26,959.66,967.68,970.22,974.46,979.08,982.89,988.36,993.03,1000.66,1004.48,1009.11,1014.62,
554.00,690.79,697.65,702.86,708.58,716.29,720.29,726.98,728.94,735.78,744.72,750.85,755.85,760.60,765.83,772.40,779.38,782.41,787.55,796.20,795.94,804.05,809.84,811.65,821.05,819.59,831.17,833.40,995.38,841.83,853.40,851.34,862.37,864.68,869.94,878.74,885.34,888.92,895.39,899.70,904.30,911.63,917.63,917.15,927.75,938.59,944.90,947.94,951.87,957.08,964.65,965.68,972.60,975.68,981.07,984.47,990.70,997.91,1005.25,1007.73,1012.57,
555.00,686.84,696.45,701.38,705.16,714.79,717.51,725.22,726.76,733.69,740.06,746.44,754.04,757.91,764.13,770.27,775.94,780.13,785.82,792.18,792.58,800.97,804.66,807.00,818.94,819.77,829.02,828.63,993.97,840.51,848.89,849.13,859.08,863.49,867.66,874.69,881.07,887.32,891.81,895.70,901.79,908.04,915.38,914.37,924.50,936.36,941.52,944.93,946.47,955.54,962.08,960.65,971.97,973.09,976.65,981.04,986.60,994.26,1002.08,1002.80,1007.29,
556.00,682.04,692.64,698.94,701.43,709.90,713.54,721.16,721.67,729.44,734.48,742.27,749.30,754.29,760.29,766.17,771.66,776.25,780.30,787.40,787.89,795.59,796.94,804.20,813.37,815.55,825.12,823.80,988.25,833.89,840.52,843.51,854.77,859.31,865.47,868.25,875.72,881.29,886.84,889.61,897.07,900.12,910.73,910.08,919.74,932.98,935.10,939.32,941.93,950.87,956.69,958.36,965.05,968.63,972.43,976.07,981.64,989.57,995.55,996.36,1000.88,
557.00,676.63,686.25,693.55,697.02,704.40,710.15,715.14,717.57,724.49,728.96,737.32,743.16,749.22,753.80,760.18,765.40,770.23,774.23,780.37,781.15,789.26,791.73,798.89,807.45,808.58,818.40,818.71,980.24,826.02,832.63,837.59,849.30,852.15,857.20,861.85,870.50,875.09,881.52,884.27,890.42,893.73,901.28,901.80,909.97,926.09,928.54,934.11,933.37,943.38,947.81,951.94,955.52,961.52,965.22,969.11,977.88,981.65,987.34,988.11,993.49,
558.00,672.37,681.86,690.46,692.45,701.43,706.08,709.38,713.29,719.93,725.37,732.06,738.77,744.24,750.16,755.70,760.09,766.63,770.93,774.95,776.71,785.72,788.42,793.92,805.61,807.69,813.43,812.82,977.72,819.01,826.67,832.26,845.85,846.96,850.57,858.40,865.25,872.57,876.88,878.59,883.91,886.76,894.84,898.54,903.01,919.77,922.43,930.87,926.12,938.44,942.64,944.70,950.64,953.38,960.44,962.06,972.89,974.61,980.89,980.98,986.83,
559.00,669.86,679.51,687.29,689.68,698.88,703.18,707.32,710.25,717.67,722.83,728.04,735.81,739.79,745.85,752.58,755.46,763.60,768.42,772.21,774.46,781.41,786.75,791.52,801.94,804.51,810.56,808.81,973.68,816.18,823.50,830.80,842.94,845.47,849.00,853.32,858.50,867.96,871.84,873.13,879.19,884.79,888.29,896.87,900.73,915.44,920.14,927.95,918.92,936.99,940.04,942.58,949.06,949.93,953.45,959.86,968.11,971.10,976.75,976.32,981.89,
560.00,669.08,677.62,685.32,688.51,695.34,701.18,704.97,708.45,715.16,722.01,727.63,733.25,738.89,741.92,749.51,754.58,760.60,766.39,769.86,771.48,778.98,783.74,793.89,796.43,802.55,806.75,804.58,967.97,814.11,820.37,829.95,837.94,843.08,844.77,849.75,854.44,864.36,866.27,872.45,880.24,881.74,885.20,895.03,898.69,914.71,917.60,921.20,915.87,934.75,937.03,941.18,946.63,947.50,949.23,956.03,965.61,966.67,974.11,976.50,980.67,
561.00,670.69,678.05,684.19,688.69,695.73,702.03,703.61,708.43,715.20,722.15,728.01,732.57,738.29,741.04,748.46,755.13,759.61,766.04,768.38,771.56,778.26,786.31,794.05,795.92,799.04,807.22,804.78,969.29,816.96,820.87,830.47,836.13,839.70,839.08,851.23,857.79,863.61,868.05,872.61,881.04,882.74,884.21,895.65,897.52,913.47,919.43,919.64,920.22,935.99,937.91,941.34,945.25,945.78,950.60,957.82,966.82,966.38,973.30,978.82,979.16,
562.00,670.28,677.72,684.43,689.48,695.51,701.03,704.26,708.33,714.73,723.06,726.74,732.29,737.35,740.84,750.17,754.13,759.30,765.57,769.30,773.68,778.65,788.28,792.90,798.76,798.12,807.98,806.62,971.25,818.20,823.85,827.61,835.41,839.81,836.98,855.47,859.89,864.93,868.48,871.68,880.44,885.63,887.17,895.11,898.35,914.04,917.56,918.62,923.45,935.90,938.55,938.99,944.23,946.15,950.96,957.71,966.50,965.60,974.33,980.42,978.65,
563.00,669.52,676.91,682.81,688.15,693.30,699.72,703.23,707.10,713.22,722.39,725.37,730.61,736.06,740.09,749.05,751.97,757.80,764.24,768.80,772.26,778.31,785.65,789.76,797.93,797.89,806.69,805.54,966.28,818.49,822.91,828.89,835.06,837.53,838.21,851.96,858.46,864.43,863.87,872.04,879.25,884.59,887.18,892.36,896.59,913.32,916.71,917.35,923.88,934.84,936.04,935.12,943.49,946.12,947.31,953.85,963.21,963.93,972.69,978.43,978.07,
564.00,668.24,674.68,682.22,686.38,691.24,697.75,702.12,705.89,712.47,721.35,724.45,730.40,735.47,738.96,747.16,751.00,757.20,762.97,767.45,770.65,777.10,780.93,790.80,796.61,798.19,804.44,802.86,962.21,817.56,820.02,829.01,833.41,835.35,837.64,848.64,856.65,860.35,863.43,869.51,879.46,882.10,888.17,889.40,895.30,913.00,915.73,914.14,924.53,933.34,936.60,936.16,940.99,945.40,947.60,951.56,961.42,962.83,972.69,977.98,977.44,
565.00,665.97,672.19,680.30,684.19,689.83,696.06,700.29,704.51,711.76,719.73,723.42,728.04,733.55,738.62,746.79,749.95,755.13,759.55,765.87,769.10,774.55,780.25,787.39,793.99,793.55,802.04,804.10,959.76,813.49,816.57,826.71,832.47,834.21,835.59,847.53,856.31,856.78,864.25,867.37,879.34,879.28,886.83,885.56,892.20,908.53,915.12,914.20,924.41,929.82,936.83,936.75,938.99,943.88,947.83,950.92,961.08,961.13,971.70,976.59,976.13,
566.00,662.38,667.77,675.17,680.22,686.68,691.55,697.53,701.75,707.63,715.69,718.68,725.08,729.34,735.77,742.64,745.25,751.99,755.28,762.49,765.98,772.31,774.88,783.63,790.84,791.58,797.94,801.10,956.32,809.14,812.18,821.67,828.82,827.52,831.93,841.76,851.28,854.24,862.10,862.54,875.28,872.47,882.55,882.61,887.60,902.11,910.98,912.17,918.78,924.22,930.75,929.28,934.09,940.18,943.46,947.15,953.04,958.09,967.73,970.53,971.83,
567.00,658.31,665.44,671.69,675.85,683.08,686.54,693.70,696.86,705.25,710.85,715.28,722.70,726.12,732.47,739.09,741.44,748.97,750.71,756.97,760.97,767.33,768.06,776.06,783.94,788.92,792.21,794.13,952.67,804.44,809.43,819.66,825.17,824.02,833.27,835.85,842.12,847.82,856.09,856.23,869.30,868.28,875.71,878.34,884.12,897.37,907.38,909.25,913.03,920.37,927.49,925.53,931.58,935.85,937.72,941.72,947.64,954.40,962.32,963.83,966.99,
568.00,654.06,661.39,667.49,671.30,679.87,682.74,689.64,692.99,702.21,707.83,711.47,718.66,723.98,727.25,734.80,738.19,744.30,745.71,751.98,755.61,762.43,762.78,772.58,775.55,785.13,787.84,791.12,948.80,798.68,804.78,814.10,819.01,822.17,828.45,831.34,835.98,840.92,855.42,853.37,867.27,863.69,872.36,875.46,880.43,892.30,906.27,903.64,904.96,915.91,922.40,923.08,928.65,934.22,934.19,938.45,942.76,950.32,958.36,959.22,964.34,
569.00,650.21,658.65,662.59,668.71,676.84,680.26,684.56,689.46,697.39,703.91,709.44,714.12,720.86,723.51,731.09,735.76,739.98,741.48,748.03,751.50,758.58,762.62,767.91,771.74,779.27,783.75,790.59,945.92,796.09,800.77,810.58,816.24,816.45,822.51,829.07,833.59,837.29,852.11,849.43,861.97,858.51,867.18,872.88,878.38,887.62,903.74,899.43,901.95,912.74,918.56,918.97,923.94,929.19,931.80,938.11,939.00,947.68,952.89,955.86,959.65,
570.00,647.72,657.11,660.92,667.93,675.70,677.56,682.96,686.91,694.10,701.33,706.69,712.55,717.80,720.78,728.66,731.85,737.86,740.09,746.49,749.47,757.02,761.33,764.39,772.04,775.54,782.11,786.41,947.95,794.24,801.26,807.27,814.56,814.01,820.40,830.65,832.89,838.74,849.24,846.82,854.00,858.42,865.07,871.18,877.48,886.19,900.39,897.52,900.66,909.29,914.06,917.38,920.44,926.37,930.05,936.26,936.80,944.89,949.20,955.49,955.22,
571.00,646.44,656.73,661.38,667.74,674.61,676.05,681.11,686.50,694.10,701.51,705.66,710.39,717.21,720.30,728.76,731.32,735.86,740.70,746.66,747.59,756.76,759.52,762.63,770.41,775.28,783.40,785.24,947.80,792.43,803.73,806.90,817.26,817.67,822.23,830.86,832.16,841.15,847.54,848.41,853.85,861.92,864.71,870.54,876.85,885.48,899.47,897.19,899.47,908.92,914.32,916.17,922.00,926.06,930.63,934.27,939.61,944.59,948.66,956.32,955.01,
572.00,645.40,654.41,660.03,666.00,673.74,676.41,679.10,685.76,692.59,700.80,704.91,708.30,716.64,719.35,725.62,731.31,734.08,741.95,748.16,747.12,757.53,760.26,766.47,771.65,773.79,782.52,784.15,943.13,793.13,801.23,807.56,816.37,818.04,821.87,830.02,831.11,841.48,846.20,848.47,853.70,859.20,865.99,870.33,875.89,885.47,896.93,895.70,896.46,909.74,914.07,916.52,922.61,925.08,929.54,932.39,938.79,944.94,947.66,956.13,956.00,
573.00,645.18,654.97,660.37,666.62,673.40,676.53,678.97,685.05,691.01,700.47,704.63,707.77,715.14,720.30,726.37,730.83,733.75,741.57,748.55,749.15,757.15,762.31,769.02,772.13,769.72,782.76,783.07,943.60,792.48,799.26,806.43,815.66,818.52,820.16,829.88,832.89,840.30,844.39,846.38,854.35,860.57,866.24,869.74,875.23,887.60,893.58,895.22,898.54,909.59,915.92,918.92,922.42,924.41,928.78,934.13,940.14,941.82,946.54,957.13,956.89,
574.00,645.40,655.18,661.17,665.88,673.15,675.06,679.79,685.83,691.74,700.07,702.98,708.61,713.65,720.74,727.35,729.71,733.62,742.67,748.50,750.05,757.47,760.94,769.12,771.40,770.04,785.28,781.92,946.98,789.91,800.79,805.16,814.28,818.37,820.00,829.34,835.03,842.09,846.17,847.80,855.34,861.72,866.29,872.43,872.05,887.51,891.61,895.46,898.50,908.47,915.09,919.46,922.82,924.00,928.78,932.88,939.05,943.11,944.77,957.32,956.12,
575.00,643.76,653.58,660.16,661.40,670.32,673.70,677.51,683.15,690.53,697.74,700.74,706.94,712.92,719.27,724.92,728.76,731.84,741.06,745.87,748.37,755.50,756.87,766.94,768.67,772.23,784.65,777.66,943.89,787.98,799.88,804.42,813.02,817.10,819.78,826.45,832.20,836.71,843.21,845.37,853.99,858.47,861.84,870.79,869.29,884.97,889.25,895.20,895.79,906.01,912.13,916.08,920.07,921.28,924.97,930.92,938.82,941.86,944.31,953.46,957.22,
576.00,641.73,651.67,658.64,658.79,667.59,673.63,675.74,680.99,689.88,695.34,699.64,705.83,711.78,716.29,722.72,727.61,730.46,738.08,743.92,746.20,751.81,755.11,765.92,765.46,770.14,781.98,775.29,938.65,785.27,793.82,803.53,808.21,814.34,818.67,823.09,829.77,831.12,841.06,842.07,852.81,854.25,860.24,868.76,867.84,884.27,887.39,890.32,892.24,903.62,907.37,913.42,918.12,921.79,918.64,926.47,935.36,938.11,943.27,950.86,956.83,
577.00,642.47,651.87,657.22,659.76,668.06,673.57,676.16,682.59,689.60,695.48,700.28,706.16,711.68,716.12,723.65,728.62,731.39,736.57,742.26,745.57,750.54,754.78,764.90,764.89,770.88,781.89,777.27,938.83,784.68,791.60,803.57,807.71,812.78,814.65,822.41,832.96,830.71,842.21,844.47,855.56,851.47,862.44,868.43,868.41,884.55,890.53,887.32,893.29,902.99,907.11,913.55,915.89,922.29,917.68,928.68,935.15,939.78,943.46,949.92,956.37,
578.00,644.27,652.89,658.16,659.53,669.60,675.83,677.07,684.31,690.85,696.57,699.95,707.57,712.86,717.95,724.91,729.50,733.50,739.35,743.41,746.47,753.17,756.23,763.75,768.24,774.36,781.34,780.88,942.09,782.93,794.54,804.41,808.63,810.54,817.28,824.78,835.32,831.90,844.08,843.81,853.10,850.75,860.62,867.87,869.20,881.73,892.20,889.11,896.15,901.75,907.82,915.06,913.10,922.18,918.75,927.52,935.17,941.03,945.59,952.89,955.54,
579.00,646.55,654.50,660.18,661.57,671.27,679.22,680.09,684.77,692.97,698.64,702.23,710.13,716.15,719.69,725.96,731.99,735.91,740.16,745.96,747.68,755.13,755.76,762.24,772.73,777.33,781.52,783.66,944.16,784.88,798.32,807.69,810.19,814.04,821.88,826.09,835.15,835.30,844.57,843.45,852.75,854.13,862.44,866.92,871.84,884.66,895.47,892.48,895.09,902.55,908.86,915.21,916.07,923.81,920.42,927.65,939.36,942.01,951.10,953.26,958.52,
580.00,649.87,657.40,663.43,667.41,675.29,683.08,682.99,689.29,697.66,703.22,706.75,713.16,720.48,723.36,729.67,737.65,738.94,743.13,750.46,751.75,759.17,761.31,766.88,773.60,779.88,783.57,790.04,947.80,793.30,800.53,811.88,811.89,817.47,826.50,826.49,839.70,841.58,847.58,848.05,857.58,856.19,868.47,871.04,878.21,890.05,897.26,897.01,899.10,908.14,914.60,916.74,922.51,928.78,926.01,929.96,941.79,944.80,954.53,957.09,960.60,
581.00,654.97,660.98,667.42,671.95,680.37,685.97,687.08,694.51,699.97,707.96,710.14,717.50,724.51,728.46,734.24,741.25,743.29,746.57,754.75,756.78,764.85,766.02,771.30,779.19,781.86,786.95,797.32,956.60,799.35,803.39,815.01,814.21,823.21,829.57,832.34,845.34,844.43,850.79,850.63,861.18,862.56,873.73,874.18,883.94,893.10,900.38,902.68,903.16,911.84,923.29,923.14,928.11,934.75,930.26,934.75,945.46,950.42,958.47,961.57,965.27,
582.00,656.57,663.95,672.08,673.63,682.34,687.95,691.17,696.67,702.44,709.99,711.17,719.99,726.93,731.46,737.05,742.52,746.05,750.51,757.81,760.82,767.38,771.10,770.82,784.24,783.76,790.21,799.91,963.48,802.24,810.38,814.73,816.13,825.22,833.43,836.69,847.95,848.25,853.15,853.62,863.07,868.19,875.04,879.18,885.28,896.05,900.79,906.07,908.38,914.75,924.77,925.93,930.06,938.58,933.92,939.05,945.89,952.85,959.17,965.97,967.31,
583.00,657.81,665.46,673.86,676.47,683.56,689.16,692.89,698.67,704.65,711.74,714.91,721.63,730.02,732.08,737.87,744.21,746.64,752.23,759.14,761.19,767.73,770.72,771.64,785.63,786.10,794.03,800.57,965.72,808.95,812.24,817.36,821.55,828.09,834.62,838.82,848.63,853.75,854.69,854.23,863.09,871.48,876.14,884.54,885.95,899.00,901.81,909.27,911.13,916.73,926.53,927.46,931.67,938.67,939.12,941.46,948.46,956.39,961.05,967.59,968.98,
584.00,658.15,664.88,674.18,676.02,683.34,688.10,691.30,699.12,704.63,710.23,714.78,720.60,729.75,731.18,736.53,744.94,746.31,752.41,757.98,760.97,766.60,770.90,773.24,782.34,783.28,793.78,797.75,963.82,808.49,808.96,816.58,820.47,829.97,835.73,838.99,848.25,851.37,852.61,854.95,864.05,871.68,874.01,883.59,886.31,898.22,898.68,907.95,911.91,916.43,925.76,924.91,931.29,938.14,938.06,937.60,947.25,953.32,959.07,967.09,969.03,
585.00,655.01,662.30,670.78,671.84,679.32,683.99,689.17,695.34,699.89,705.13,711.17,717.22,724.01,727.62,733.55,737.53,742.08,748.20,753.24,757.05,762.16,767.27,769.14,780.20,778.33,788.93,794.38,957.21,804.20,805.60,809.96,816.51,825.39,828.19,835.67,843.78,846.89,847.83,852.35,861.54,868.70,869.95,879.93,879.61,891.92,895.20,899.87,906.42,912.49,922.47,922.00,926.82,934.62,933.84,932.75,940.23,947.09,951.76,959.70,963.92,
586.00,647.05,654.35,661.94,663.06,670.83,675.71,680.86,686.09,691.53,695.56,702.11,708.29,714.57,718.30,724.11,728.14,732.92,740.13,743.69,747.71,752.68,757.07,760.36,771.12,770.44,781.19,782.59,948.58,791.95,797.34,799.92,809.99,812.56,815.13,826.85,834.79,840.19,840.19,842.52,850.70,857.52,855.15,870.38,868.74,879.76,886.31,888.63,897.07,904.10,912.05,911.82,912.98,921.88,926.11,923.29,929.37,936.16,943.42,947.64,950.68,
587.00,637.19,644.26,651.37,653.17,660.88,665.86,669.67,674.72,681.35,685.11,692.93,698.74,704.42,705.78,712.29,717.47,722.61,729.09,732.66,735.65,741.33,741.39,749.70,758.59,760.15,768.74,766.23,934.32,779.19,784.98,790.15,799.20,802.83,805.63,815.76,821.38,828.26,827.48,828.90,838.09,847.49,841.39,856.99,854.49,867.63,875.28,876.24,882.45,890.43,897.78,899.97,901.86,906.99,914.18,909.33,917.33,921.53,932.93,931.98,938.10,
588.00,627.80,635.14,641.46,643.70,652.40,656.11,661.00,664.34,670.29,675.16,683.95,688.22,693.72,695.99,702.37,707.11,712.51,716.79,721.96,725.34,730.06,729.60,742.84,744.35,749.23,758.68,754.53,920.38,766.18,772.89,779.32,786.49,792.52,797.14,802.44,808.94,815.03,813.84,822.72,829.22,834.95,833.91,843.32,844.37,857.50,864.54,866.63,868.32,879.29,884.67,886.47,893.69,893.51,901.81,896.79,906.97,911.66,920.24,919.30,926.67,
589.00,619.75,626.70,632.70,635.51,644.91,647.34,653.15,657.10,660.47,666.50,675.31,679.81,684.14,687.33,694.47,696.73,704.23,706.88,713.42,716.80,721.52,720.96,736.00,737.37,741.15,749.57,747.70,911.02,757.07,763.64,770.67,776.78,781.51,784.76,792.80,799.81,802.58,805.46,812.93,819.51,823.23,829.37,831.25,835.49,850.00,857.05,855.66,856.59,869.73,876.78,880.05,883.36,883.83,888.05,886.66,895.07,902.62,911.53,908.70,915.73,
590.00,613.27,621.33,627.01,630.00,638.59,641.45,645.51,650.77,653.80,660.63,668.48,673.54,678.41,679.96,687.95,691.43,699.02,700.82,706.22,709.88,716.11,714.40,727.85,731.67,735.13,744.25,738.15,904.42,749.34,758.32,763.10,769.00,775.12,777.94,789.20,795.00,795.21,800.54,805.62,811.89,816.03,823.15,822.97,828.31,842.86,847.93,848.40,849.98,861.06,867.83,872.05,875.32,877.48,881.33,882.15,886.95,897.48,906.21,902.32,908.47,
591.00,609.54,619.32,624.78,629.09,635.53,640.15,641.89,648.33,652.56,659.55,666.36,671.29,677.49,677.32,686.05,690.05,696.07,698.22,703.11,706.23,713.27,712.10,725.56,728.03,735.19,741.50,736.81,897.96,748.10,755.22,763.65,769.28,773.50,776.48,785.98,791.56,791.61,797.53,805.75,808.74,813.46,824.32,820.53,825.52,842.73,845.50,849.63,848.82,857.05,864.72,866.76,874.86,872.39,879.38,882.23,885.68,895.09,900.77,903.57,905.83,
592.00,610.44,619.95,624.72,629.89,634.93,640.30,642.36,649.57,653.23,659.97,667.44,672.17,678.94,678.18,686.68,691.43,696.51,698.54,704.30,707.20,714.62,713.88,729.12,727.21,735.18,743.14,740.55,897.70,750.19,755.53,767.03,769.12,775.24,778.45,784.82,790.63,790.16,799.34,806.78,806.59,812.65,826.98,822.04,828.70,844.09,846.65,851.52,852.02,858.83,867.66,866.73,874.28,873.85,879.22,882.68,889.02,896.24,899.58,906.38,908.23,
593.00,611.69,621.40,626.84,629.05,634.31,641.06,643.95,650.16,654.50,661.20,666.06,674.15,678.09,679.95,688.19,691.62,697.99,699.34,705.70,708.58,717.08,718.95,729.99,731.91,733.26,743.03,743.47,901.13,753.24,754.92,767.08,771.02,775.97,778.12,787.28,792.35,790.53,801.76,805.97,809.24,814.25,828.84,821.82,829.91,847.08,846.61,850.49,851.29,859.57,869.59,866.59,876.42,877.21,880.49,884.09,890.31,894.00,899.61,906.58,908.89,
594.00,611.97,622.64,627.57,629.84,634.09,642.26,645.60,649.48,656.95,664.01,666.55,674.84,678.77,681.24,690.40,693.37,698.36,702.29,707.05,709.76,718.85,721.52,731.39,734.48,735.48,743.59,744.58,905.39,755.56,756.96,769.52,774.84,776.12,778.92,788.73,794.80,796.27,806.36,807.82,811.62,816.87,828.60,826.15,832.52,845.12,847.17,852.43,853.25,860.25,870.70,870.01,879.40,878.58,884.37,889.51,893.83,895.17,900.13,906.44,910.12,
595.00,613.86,623.34,627.81,631.33,635.47,644.74,647.63,651.46,659.34,666.47,669.07,676.90,681.36,683.43,691.45,696.50,700.43,705.07,709.39,712.37,720.94,721.91,731.90,735.00,739.20,745.83,744.85,910.95,758.75,759.71,772.87,779.29,778.96,784.56,790.11,793.80,799.47,806.82,808.85,810.20,821.84,826.98,826.56,835.40,847.46,852.20,856.38,856.80,862.39,873.08,873.20,881.11,880.66,887.55,890.81,899.77,895.11,899.77,908.13,911.07,
596.00,617.94,625.79,630.34,633.26,638.97,647.11,651.25,653.11,660.90,669.24,671.60,678.76,682.43,687.06,694.43,699.32,703.75,706.91,713.31,716.66,723.31,723.13,735.76,735.76,737.94,749.53,747.87,915.29,758.69,760.34,773.02,778.72,781.82,788.50,792.84,796.41,802.57,807.85,811.79,813.03,824.26,828.66,830.99,839.94,850.08,854.17,860.02,858.62,863.85,872.96,874.77,883.31,882.48,890.14,892.57,902.92,897.69,901.78,909.49,915.29,
597.00,620.75,627.93,633.06,636.37,641.65,649.28,654.78,656.67,663.26,672.29,673.71,680.48,684.19,691.15,698.99,701.82,707.47,711.89,715.58,720.00,726.66,727.18,738.71,739.73,741.59,753.12,753.11,919.99,763.45,761.21,775.15,781.56,783.43,789.56,796.72,801.09,805.82,810.58,816.24,817.92,825.54,830.93,832.05,843.39,852.68,857.15,862.08,860.50,867.56,874.25,877.59,884.76,887.08,891.18,894.80,905.59,901.39,905.77,913.03,917.48,
598.00,623.20,629.51,635.21,640.14,644.30,652.12,655.44,658.51,665.88,674.39,676.88,681.89,688.31,693.08,701.19,704.98,710.02,715.45,717.65,722.29,729.24,728.87,740.08,741.98,746.90,755.51,753.53,924.90,763.66,764.84,776.12,783.87,784.27,790.57,800.76,805.01,809.72,811.71,819.07,821.51,827.74,831.52,835.10,845.31,852.07,859.95,863.20,863.93,871.68,876.13,882.09,886.60,892.03,892.96,895.88,906.08,905.28,907.07,912.90,920.53,
599.00,625.62,631.23,636.73,642.06,646.46,654.31,656.50,660.38,667.19,674.32,678.57,683.33,691.66,693.94,701.90,707.16,711.34,715.51,719.07,723.36,729.94,728.54,738.59,742.32,747.28,754.91,753.05,923.94,762.53,766.70,776.66,786.49,784.76,791.00,802.01,804.54,811.37,811.14,820.96,822.13,827.91,831.73,836.01,844.24,854.97,862.96,864.11,866.78,873.72,876.38,882.75,885.41,891.91,894.19,896.29,905.89,908.79,908.65,913.76,918.40,
600.00,628.77,632.85,639.98,644.21,649.41,654.71,659.25,664.12,668.64,676.64,680.15,683.88,692.68,695.65,703.91,708.61,713.30,715.98,720.92,723.76,731.11,732.03,742.23,743.19,748.31,755.70,759.16,924.55,765.44,767.78,779.09,787.26,787.14,793.18,803.76,802.84,810.38,813.38,821.43,823.23,828.05,832.09,839.24,845.82,855.10,864.29,867.02,868.37,874.33,878.03,883.76,886.88,890.69,893.50,897.08,905.85,913.00,912.54,915.97,918.24,
601.00,630.48,635.40,643.73,646.65,652.85,656.43,662.20,667.81,671.16,678.69,682.44,687.39,696.25,699.55,706.73,709.81,715.45,719.75,723.84,726.40,734.54,740.78,747.23,746.43,750.79,755.86,761.85,930.26,769.23,768.93,780.79,789.96,792.27,793.65,807.06,806.13,810.82,817.19,822.81,826.32,830.72,837.51,841.54,847.11,859.59,865.08,866.97,868.05,877.85,880.53,887.32,892.52,894.66,895.54,898.30,909.49,918.24,914.89,918.46,920.46,
602.00,633.47,638.16,646.67,649.48,655.78,659.37,663.35,668.97,673.53,680.55,684.96,690.97,699.17,701.96,708.72,711.29,717.96,720.75,725.21,728.16,736.81,745.47,748.93,749.51,753.09,758.02,761.09,933.95,768.95,773.55,782.62,791.81,792.13,794.45,807.32,808.58,814.55,820.09,825.22,831.56,830.76,840.53,843.84,847.30,860.61,866.03,868.20,872.36,880.15,885.21,890.17,896.92,895.63,896.46,900.62,911.99,920.26,915.42,918.64,921.06,
603.00,634.86,640.91,648.74,652.39,659.33,661.87,666.15,672.12,676.27,683.74,688.75,693.39,702.34,704.65,710.80,713.43,719.71,722.78,727.28,729.87,738.92,744.96,751.92,750.66,757.22,763.18,763.44,936.48,773.78,778.63,788.68,794.42,794.76,799.23,811.64,810.78,816.94,825.13,826.51,831.29,834.85,843.87,847.08,849.37,862.47,868.95,871.38,878.66,882.70,886.43,892.27,898.43,896.20,899.29,904.79,916.37,919.90,919.92,922.21,923.91,
604.00,637.64,643.05,650.81,654.87,661.71,664.60,669.21,675.02,678.87,686.78,692.03,696.69,703.29,708.46,713.48,716.25,722.80,725.14,729.68,732.20,741.61,746.85,756.60,753.18,759.35,767.60,766.23,941.47,775.91,779.39,791.81,793.57,799.69,803.91,813.33,812.04,819.00,827.58,829.26,834.34,839.02,849.18,851.21,852.66,863.71,869.83,875.98,880.73,884.39,887.13,892.41,901.48,897.55,903.03,908.44,919.14,921.43,923.18,925.44,925.82,
605.00,636.96,644.60,652.27,655.49,662.40,667.42,670.35,675.07,679.58,688.20,693.03,698.93,703.50,709.32,715.31,715.92,723.23,726.35,730.48,734.11,743.31,748.43,757.54,756.73,758.75,768.48,768.22,943.95,776.78,779.51,791.30,794.91,795.89,802.50,813.14,815.68,820.70,826.72,830.66,835.57,837.75,854.23,853.25,853.35,866.47,869.30,876.33,881.25,886.16,889.52,891.63,901.20,899.18,902.41,907.97,919.43,920.38,923.28,927.70,928.45,
606.00,637.27,645.28,650.60,655.85,662.40,669.28,670.74,673.85,680.40,689.10,693.63,698.58,705.08,707.53,715.29,717.08,722.93,726.92,731.27,733.87,742.77,746.00,755.06,756.86,759.97,769.99,768.68,947.26,775.94,782.26,792.72,795.50,792.84,802.30,813.58,816.87,822.70,826.38,831.39,835.50,837.78,851.50,854.09,853.69,863.74,869.14,873.27,880.94,887.27,889.62,891.00,899.62,903.55,898.76,906.40,917.87,913.34,924.58,928.22,930.49,
607.00,637.34,644.32,648.82,654.69,662.10,669.56,671.22,673.03,679.80,689.24,692.12,698.38,702.77,705.69,713.06,717.53,721.53,726.54,732.86,732.93,740.97,740.34,753.50,757.91,759.29,767.89,767.10,945.29,775.60,783.43,793.47,795.95,794.19,802.87,815.72,814.79,821.59,824.46,830.15,833.72,840.25,848.89,855.69,853.16,862.87,868.76,871.22,880.76,887.11,886.84,891.77,896.89,902.72,899.48,908.43,914.39,910.76,925.01,925.07,928.45,
608.00,636.81,643.38,648.78,652.12,661.04,668.77,670.26,672.85,677.01,687.28,689.64,698.79,699.98,704.92,711.36,715.75,719.94,724.24,731.81,732.00,739.33,741.94,752.23,755.05,754.18,763.65,766.78,942.00,774.95,779.82,790.98,793.35,793.21,800.90,810.23,812.14,820.66,818.96,828.34,831.06,839.23,844.69,853.50,851.69,861.84,867.83,872.18,877.64,883.10,886.45,892.56,893.44,899.94,897.25,904.80,912.57,910.76,923.28,924.05,927.66,
609.00,633.87,641.64,648.49,651.84,658.96,667.44,668.62,672.58,675.57,686.68,687.03,697.23,699.29,703.91,710.95,713.11,718.79,723.83,731.25,730.98,739.09,742.45,750.60,754.67,752.83,760.09,766.17,943.27,774.08,777.01,786.95,791.89,792.81,799.79,810.14,813.73,816.73,816.93,825.75,829.09,837.23,839.05,851.92,850.11,860.92,864.77,870.64,874.70,879.89,884.86,889.58,893.84,898.38,893.66,900.64,911.03,910.33,920.95,922.75,927.93,
610.00,633.02,639.03,645.81,650.38,657.34,665.93,667.07,670.55,675.17,683.95,685.21,695.71,699.85,702.44,708.68,711.75,717.99,723.21,730.00,729.16,737.21,741.28,746.25,753.15,754.34,757.95,759.91,941.70,771.02,775.36,783.47,790.08,791.58,796.69,809.14,814.70,815.60,816.35,823.41,831.35,834.82,834.96,849.83,846.23,858.68,863.34,865.89,871.89,877.00,882.85,888.85,894.56,897.56,891.86,899.96,909.57,908.67,919.18,919.33,926.24,
611.00,632.66,636.97,645.15,648.56,656.38,663.41,665.37,668.72,672.52,681.17,684.23,691.62,697.02,701.33,706.70,709.00,715.20,721.07,726.97,726.52,734.12,738.08,743.40,750.66,753.80,756.88,755.90,937.09,770.21,772.44,780.90,789.67,790.12,794.61,807.93,811.22,814.22,816.25,820.29,828.74,832.79,832.11,844.39,846.05,854.72,862.30,863.86,870.91,874.20,881.38,888.34,889.91,893.66,889.85,898.83,906.61,909.09,915.52,916.87,923.68,
612.00,629.71,635.10,644.59,647.64,654.09,660.38,663.95,669.32,670.58,679.38,683.12,689.39,695.87,700.52,705.37,707.32,713.79,718.99,724.90,724.36,733.15,737.20,741.22,747.03,752.41,753.78,755.12,935.68,769.88,767.19,778.81,785.59,789.17,795.43,802.61,808.44,809.75,813.36,815.17,824.55,830.35,830.39,838.92,842.49,853.22,861.30,864.45,866.70,869.84,877.89,884.14,886.84,890.41,889.11,894.49,903.44,911.05,912.40,916.00,920.46,
613.00,627.15,632.58,641.68,645.58,650.30,658.43,661.19,665.77,669.63,677.05,680.18,686.09,694.39,698.40,704.16,704.05,712.14,717.39,722.16,722.36,729.72,735.77,736.66,746.07,750.44,750.97,754.47,932.76,766.54,764.39,773.17,783.54,786.43,790.46,797.15,805.11,804.92,810.91,815.11,823.26,822.47,828.35,835.98,841.07,848.76,858.06,860.66,863.07,868.52,874.70,878.19,883.20,885.80,885.35,892.06,899.30,907.88,908.69,915.14,916.21,
614.00,625.93,630.80,638.52,642.56,649.56,655.45,658.05,661.89,667.67,673.64,678.59,682.78,691.19,695.05,700.47,701.58,709.20,714.68,718.21,719.59,725.04,732.02,733.36,741.28,749.19,749.19,751.05,928.72,764.20,762.58,770.78,782.34,779.05,783.35,793.05,800.42,802.86,809.61,811.79,820.83,818.16,826.02,831.14,838.29,843.88,855.69,853.98,858.93,866.57,873.10,873.94,879.34,882.51,880.64,886.11,895.69,903.56,903.68,911.48,912.11,
615.00,624.63,629.99,637.40,641.40,648.42,652.59,656.35,661.35,665.51,671.68,678.89,680.52,688.57,693.62,698.51,701.54,707.45,712.93,716.86,718.35,723.27,727.27,732.33,737.67,747.84,747.88,750.39,925.67,762.77,762.53,772.37,780.62,779.57,781.92,791.68,794.79,800.83,808.39,808.88,816.09,817.58,824.43,828.07,836.29,840.42,853.45,850.70,857.46,865.19,871.22,870.90,877.17,880.77,877.45,884.46,893.44,901.26,899.23,910.41,908.58,
616.00,624.26,630.41,638.56,640.71,646.86,651.68,655.49,661.25,665.98,671.49,677.59,683.19,688.13,693.13,699.43,700.81,707.42,711.99,716.87,719.39,723.07,727.35,733.32,737.25,744.87,747.02,751.86,924.90,762.77,762.90,771.22,779.14,780.55,781.88,788.15,790.62,800.42,805.80,809.24,813.68,817.56,824.74,830.52,833.80,840.49,853.11,852.42,857.50,864.02,869.11,870.27,876.22,878.12,878.64,884.54,891.08,899.77,897.47,907.69,906.43,
617.00,625.19,631.66,638.21,641.03,648.45,652.67,655.35,659.96,667.04,672.17,677.30,683.40,688.67,693.27,699.48,700.62,706.68,713.18,716.26,720.75,723.47,727.88,735.73,740.48,743.40,750.86,755.65,927.62,762.97,764.07,772.10,780.13,780.93,781.86,788.96,791.31,799.34,805.55,810.78,814.24,817.26,825.29,831.10,835.54,841.75,852.61,851.64,858.69,862.77,869.56,870.22,878.52,878.56,878.65,885.00,892.85,898.35,898.26,907.04,906.11,
618.00,627.63,633.20,638.11,642.73,650.77,653.39,657.34,661.06,668.96,673.29,680.30,684.21,690.94,693.48,700.71,703.88,707.97,715.03,717.53,722.22,727.55,727.13,736.22,743.03,744.91,753.66,753.15,932.11,763.19,766.60,772.73,780.70,781.11,783.39,795.79,793.57,801.95,808.18,813.73,819.22,820.58,826.71,832.53,833.86,844.90,851.98,851.06,859.47,864.27,870.20,870.54,883.41,882.70,881.61,884.85,896.18,901.50,899.35,907.32,907.70,
619.00,630.31,635.04,640.30,643.16,652.85,654.84,659.52,663.63,670.09,675.87,681.70,686.75,692.80,695.42,702.61,705.48,709.33,715.43,719.27,723.39,728.34,728.72,737.45,743.85,746.72,756.01,754.58,934.01,762.65,770.58,777.22,783.41,782.31,785.73,798.10,796.10,806.39,810.69,813.13,821.30,821.97,828.82,834.79,835.89,847.72,854.25,853.35,862.53,864.62,873.46,875.02,884.17,886.61,881.64,889.27,897.10,902.07,900.97,908.26,911.04,
620.00,629.69,635.50,641.75,643.14,652.64,655.31,659.85,664.14,670.94,677.72,681.05,688.59,692.53,696.48,703.61,704.95,709.71,716.12,719.02,724.11,728.75,729.92,740.40,745.42,745.42,756.45,759.23,934.52,764.97,769.50,778.84,781.91,783.00,788.79,796.79,796.04,805.87,808.21,812.24,820.12,823.51,828.06,836.75,834.79,850.00,856.99,855.41,864.30,863.91,871.85,876.84,882.44,888.25,883.02,889.19,895.37,901.11,903.89,905.39,912.58,
621.00,628.41,634.21,640.00,642.76,651.81,655.34,658.76,663.24,670.69,677.54,680.58,686.75,692.03,696.17,701.97,703.85,709.68,716.37,718.48,722.89,729.29,731.41,740.13,745.44,742.16,753.69,757.21,933.21,760.74,766.93,775.99,778.29,782.35,785.58,795.82,798.32,803.40,807.00,810.72,821.77,820.39,826.76,837.36,835.67,850.82,854.86,855.13,862.59,861.57,870.38,873.53,879.63,885.33,883.33,886.65,893.90,898.14,905.28,904.77,911.35,
622.00,627.58,633.04,637.91,641.46,649.35,653.78,656.96,660.24,669.07,675.34,678.90,684.01,689.57,694.29,699.39,702.53,708.41,713.59,716.69,719.97,727.04,728.90,736.82,739.92,741.48,749.49,753.80,932.08,758.11,768.24,773.01,777.74,777.76,780.31,791.57,798.78,803.18,806.44,808.48,819.39,818.77,824.67,835.96,833.39,848.89,850.65,852.33,856.20,860.49,869.39,871.24,875.92,881.11,880.49,881.55,891.24,896.15,902.87,903.10,911.30,
623.00,624.02,630.69,636.47,640.15,645.64,650.04,654.77,659.14,666.19,672.18,677.10,682.20,685.20,692.59,696.66,700.13,705.95,711.05,714.39,716.69,723.02,724.18,735.97,736.05,741.25,743.99,751.37,926.44,756.68,766.31,771.17,776.03,776.90,778.62,787.93,796.70,800.65,804.20,802.45,812.14,819.04,821.31,830.59,830.55,845.07,847.69,847.31,852.08,859.09,866.16,868.35,872.31,875.89,876.72,877.60,886.87,890.83,898.31,899.17,907.92,
624.00,619.59,626.98,634.09,638.79,641.57,647.01,651.69,656.21,663.02,668.59,672.40,678.49,681.68,688.83,693.86,697.19,702.77,708.49,712.64,713.94,721.74,721.77,733.44,733.57,734.82,741.22,749.39,922.08,754.84,763.01,764.77,772.24,775.45,777.07,783.40,791.71,795.90,798.65,802.12,807.33,818.38,818.95,828.86,826.22,842.48,842.22,846.63,848.57,855.49,860.50,866.96,866.32,869.73,873.75,875.50,882.29,888.56,897.67,895.96,903.50,
625.00,617.71,624.74,629.55,634.88,637.87,643.19,647.94,650.99,660.24,664.05,667.86,674.48,678.46,684.32,690.18,692.69,699.20,704.99,708.75,709.74,717.30,718.47,728.28,729.31,730.33,737.51,745.41,917.63,749.22,757.87,758.60,770.16,769.87,771.62,778.08,789.94,789.21,795.06,800.32,801.94,812.48,816.15,824.20,823.18,835.20,835.63,843.68,843.10,852.17,856.14,860.81,860.52,864.62,870.62,871.51,878.53,883.80,894.22,893.32,897.29,
626.00,613.88,621.09,624.34,630.14,633.91,638.57,644.54,647.27,655.24,659.20,664.30,669.39,673.77,678.69,685.45,688.44,693.35,699.94,703.27,704.33,711.98,712.36,721.80,723.78,729.49,735.42,739.35,914.34,744.87,753.43,753.65,766.82,765.26,768.37,776.05,785.03,785.05,790.31,798.43,798.20,809.63,811.15,815.96,815.97,828.05,830.48,836.39,835.76,849.57,851.11,853.74,857.69,861.22,865.82,867.36,873.51,882.73,886.22,890.63,890.85,
627.00,608.60,617.44,621.15,626.34,630.54,635.00,640.78,645.60,651.20,655.76,661.78,666.82,669.10,675.78,682.48,684.91,689.46,694.77,699.99,701.49,707.47,707.75,716.83,720.01,724.37,730.85,732.90,908.26,739.18,747.38,750.32,762.11,761.73,765.24,774.15,778.81,783.36,786.57,796.39,795.95,804.26,807.23,809.69,811.64,822.39,826.81,831.77,834.60,844.80,845.84,849.82,853.57,860.49,859.58,862.95,871.29,876.53,881.25,885.88,886.95,
628.00,606.34,614.60,618.23,622.56,628.24,632.96,636.76,641.47,646.74,653.29,657.43,663.51,666.05,671.46,680.08,680.04,685.44,690.71,696.37,699.46,704.82,706.20,714.72,715.04,718.73,729.63,730.85,905.88,738.20,742.44,747.27,757.31,758.57,764.05,770.31,773.77,779.71,782.55,792.88,791.62,799.26,803.42,808.08,809.13,817.79,824.88,831.29,833.28,838.72,842.99,847.71,848.15,859.45,856.87,859.24,866.27,870.93,877.57,883.28,882.84,
629.00,604.15,613.25,614.81,619.60,625.95,631.22,634.01,638.21,644.36,650.98,656.15,660.31,664.89,669.61,677.87,677.78,682.84,689.31,692.99,696.69,702.85,703.99,712.32,712.42,719.78,726.39,728.06,904.73,736.05,737.81,744.84,751.86,758.01,761.46,768.93,771.67,777.32,780.04,790.10,789.77,795.30,800.64,803.73,806.85,813.42,822.14,828.33,829.60,835.73,838.85,842.34,845.04,855.05,856.44,856.83,865.11,869.20,874.75,879.69,878.35,
630.00,602.75,611.71,613.71,619.62,626.07,631.39,634.21,638.03,643.31,648.45,656.62,659.26,663.53,668.30,675.97,677.81,682.99,687.19,692.48,695.48,701.46,701.50,709.71,713.23,719.34,724.52,724.31,904.29,735.06,738.44,745.71,751.12,756.73,757.85,768.90,771.13,777.79,781.31,788.41,792.19,793.00,799.26,802.54,808.35,815.82,819.57,828.60,828.46,834.31,839.01,840.67,845.16,852.53,855.51,853.88,863.55,870.65,873.22,878.83,878.22,
631.00,603.80,611.98,616.59,621.13,627.22,633.16,636.02,639.57,644.00,649.96,657.25,660.68,664.38,669.97,676.38,679.13,684.47,687.99,694.50,696.54,701.96,701.59,712.33,714.34,720.24,724.72,726.50,904.55,738.54,741.10,749.38,753.85,757.11,759.23,771.78,772.07,778.90,784.80,785.68,792.90,794.09,798.90,803.35,812.43,817.82,821.59,828.71,829.95,834.97,841.21,843.95,849.23,854.12,856.16,851.84,864.08,872.88,873.76,877.71,880.54,
632.00,605.76,613.83,618.38,623.31,628.84,634.45,638.18,640.44,645.71,652.31,657.49,661.89,667.70,671.34,678.42,680.22,686.95,691.52,696.60,697.42,704.14,704.19,716.72,717.78,720.34,726.41,729.84,907.53,740.16,741.75,751.96,754.50,760.51,763.67,773.28,775.12,778.04,784.21,785.70,791.80,799.35,801.65,806.50,814.60,819.35,824.64,830.09,831.78,837.93,845.08,848.24,850.64,852.84,856.72,855.99,865.34,874.59,875.47,880.31,882.60,
633.00,607.92,615.20,619.98,625.72,631.60,636.68,641.16,642.47,649.41,654.11,659.45,664.03,671.48,673.52,680.47,683.10,690.72,694.46,698.66,698.85,705.28,707.71,717.26,722.02,721.33,726.87,732.94,909.26,741.37,742.40,754.79,758.31,760.53,762.83,775.02,777.91,779.19,786.39,788.25,793.10,801.04,802.90,806.73,816.61,822.64,826.61,832.00,834.79,842.14,848.16,851.20,853.75,854.39,860.02,860.60,868.16,877.32,880.00,881.48,887.26,
634.00,610.31,618.57,623.52,627.95,634.82,640.11,645.55,645.42,651.07,656.88,663.04,666.96,672.66,675.59,683.01,686.71,692.73,696.61,700.31,700.85,705.85,709.68,719.37,726.37,724.65,730.35,735.32,916.20,742.34,745.81,756.91,763.57,762.20,763.58,777.57,781.99,781.58,787.38,788.32,796.17,802.41,806.32,808.57,818.77,826.16,829.69,833.26,837.23,844.28,850.96,852.32,858.80,854.51,861.59,861.93,870.34,880.85,881.35,887.07,889.34,
635.00,613.55,622.31,628.43,632.11,637.72,643.38,648.20,650.58,654.57,661.21,666.21,671.76,676.13,680.60,686.74,690.48,696.34,699.92,703.94,704.90,710.30,712.92,724.99,729.10,728.78,732.70,737.68,920.01,744.25,751.44,761.49,767.61,766.59,769.43,782.52,784.27,787.49,790.79,791.78,799.88,805.87,807.69,813.19,823.28,828.66,835.03,834.79,840.66,848.80,855.43,855.99,862.88,861.93,863.70,866.85,874.87,882.58,885.16,890.72,892.75,
636.00,616.22,625.78,630.74,635.47,639.65,645.50,649.81,652.83,658.77,664.04,669.40,675.18,679.85,683.69,691.72,691.89,699.56,703.46,706.71,707.71,714.20,718.85,726.84,728.75,731.69,734.75,741.57,923.66,748.35,753.98,763.29,769.47,771.26,774.36,781.28,785.99,792.67,789.38,795.75,799.72,809.17,812.41,816.96,826.45,830.12,837.78,838.65,843.70,852.11,857.86,860.94,865.25,865.67,866.10,871.27,878.24,883.54,888.41,893.89,894.74,
637.00,619.32,627.74,633.67,636.69,642.54,648.12,651.14,655.04,660.70,665.05,672.32,675.95,681.00,685.35,692.71,694.93,701.22,705.30,707.86,708.58,716.11,721.51,727.72,729.71,736.37,737.91,745.00,927.15,750.32,757.64,763.17,770.26,773.81,774.47,782.67,787.33,792.65,793.32,797.75,804.40,808.60,815.25,819.46,827.00,832.09,840.29,842.51,844.73,854.69,858.68,861.33,865.55,867.32,871.09,872.86,877.74,887.04,889.93,894.36,895.02,
638.00,620.40,628.88,636.35,638.58,643.62,648.77,652.67,658.72,661.55,666.64,674.51,677.60,682.45,686.59,693.22,697.76,702.51,706.70,709.81,710.54,718.65,718.74,726.29,731.20,740.85,741.88,742.46,930.83,749.82,762.02,763.91,770.84,773.23,775.59,783.02,790.12,795.45,796.03,800.75,810.98,806.77,817.78,821.92,830.04,834.62,841.00,845.44,847.36,855.79,860.39,860.95,864.50,866.75,870.83,872.05,879.62,886.39,890.72,897.23,894.99,
639.00,621.53,629.87,637.61,639.50,643.66,649.02,652.98,659.81,664.16,667.19,675.13,679.80,683.49,688.34,694.86,698.15,704.09,707.11,710.96,712.29,720.08,719.72,728.56,728.52,741.30,744.13,744.52,929.41,750.30,764.32,766.04,772.21,775.59,777.10,785.11,789.91,797.68,800.95,803.06,813.25,807.02,819.42,823.25,832.26,835.43,842.94,845.84,847.11,856.46,860.79,862.06,865.24,871.95,872.62,872.02,879.97,885.81,891.09,896.82,896.82,
640.00,623.87,631.01,637.05,639.29,643.89,649.32,652.43,658.46,664.72,668.82,675.11,679.49,684.64,688.00,695.17,698.05,704.80,708.22,711.41,713.03,721.08,722.79,729.48,728.66,741.51,746.06,747.82,929.15,753.10,762.01,767.78,768.77,777.56,781.62,785.65,787.84,796.26,800.48,804.44,811.55,810.61,818.59,821.71,827.90,834.63,841.78,844.08,848.47,855.15,860.45,861.44,865.31,871.67,873.82,868.57,880.55,883.65,888.58,896.25,896.76,
641.00,623.62,630.71,636.21,638.43,644.49,648.56,653.14,658.37,664.06,669.12,675.77,678.45,684.48,686.43,693.71,699.51,704.74,708.40,711.28,714.01,721.25,721.29,726.65,731.11,739.72,746.86,746.51,929.77,750.08,762.11,765.57,770.03,775.28,779.98,783.53,786.65,794.13,801.37,805.94,812.53,809.45,817.23,822.03,825.02,834.76,839.77,844.32,848.46,853.92,858.49,860.51,861.06,872.43,872.45,869.67,880.46,881.14,889.17,897.20,898.88,
642.00,623.51,631.41,635.67,639.15,644.88,648.34,654.17,658.41,663.03,670.19,675.48,679.30,684.68,687.35,694.07,698.91,703.61,707.26,710.17,714.28,720.93,719.51,725.39,730.05,739.77,746.22,743.53,933.14,751.51,761.93,766.40,773.23,772.73,779.49,785.35,788.69,794.76,800.31,806.90,812.38,809.51,817.49,820.88,826.05,834.03,837.93,844.90,845.61,854.22,857.02,858.64,861.68,873.89,871.96,871.06,881.37,881.16,889.16,898.15,897.91,
643.00,623.52,631.77,634.13,638.33,643.87,647.17,653.58,656.16,662.44,669.78,674.01,678.27,682.60,687.05,692.56,696.24,701.77,706.14,709.47,713.53,719.25,721.60,726.35,730.29,737.81,744.17,743.53,931.34,752.60,760.46,765.75,771.57,772.92,778.83,785.99,785.44,795.40,798.71,803.09,811.25,811.17,815.90,818.87,823.79,832.02,836.50,840.80,840.98,852.81,855.85,855.76,862.84,872.77,870.44,870.18,877.71,880.75,886.75,897.58,897.95,
644.00,620.31,627.81,630.07,636.22,641.14,644.17,650.28,652.93,659.49,667.27,670.07,675.48,681.11,683.29,688.68,691.29,698.46,703.52,706.63,710.76,716.10,720.39,720.86,727.47,731.60,739.07,739.59,928.06,751.22,754.66,760.56,766.29,769.07,775.25,780.37,779.28,791.83,793.55,799.90,806.55,810.63,810.39,815.94,820.77,826.71,832.70,836.90,838.95,851.15,853.67,853.03,861.10,870.96,865.32,865.51,877.40,878.41,881.90,892.75,894.09,
645.00,615.01,622.53,627.15,632.02,637.93,639.19,647.09,649.25,653.94,661.64,665.07,670.42,676.88,678.48,683.53,686.92,692.68,698.78,701.99,705.07,711.32,714.91,713.18,723.87,726.12,735.99,734.21,923.85,745.90,748.55,752.17,764.65,762.46,767.43,774.13,775.02,783.98,787.16,791.67,800.13,804.64,807.26,810.48,815.37,823.41,829.72,833.26,831.97,848.08,847.24,849.88,854.42,863.38,859.34,865.08,871.84,876.31,876.75,888.04,887.20,
646.00,610.69,617.75,622.63,627.80,633.02,634.48,641.50,644.81,648.40,655.45,659.42,665.56,670.91,674.71,678.25,681.48,686.30,693.18,695.66,699.17,705.37,708.47,707.41,720.29,724.78,729.19,726.64,919.21,740.87,743.04,747.68,757.48,756.89,760.41,770.05,772.37,779.11,781.73,786.29,796.76,798.48,803.21,804.48,812.33,820.11,825.28,830.97,829.39,842.13,843.38,844.82,846.62,853.73,854.77,859.93,866.21,870.18,870.85,880.06,882.00,
647.00,605.85,611.90,617.95,623.59,628.08,629.64,635.32,639.88,643.60,649.34,655.15,660.31,666.48,670.26,674.75,675.75,682.00,687.99,693.32,695.83,699.55,702.22,705.68,712.82,718.38,724.38,724.55,909.14,734.73,736.65,743.09,751.33,751.65,754.93,765.25,766.44,775.15,777.84,780.23,792.03,792.22,796.56,799.11,808.22,816.31,820.21,823.20,824.55,835.35,839.53,837.75,841.05,844.79,849.43,854.81,859.94,866.80,865.47,874.42,877.88,
648.00,601.89,607.99,614.94,618.76,624.16,626.44,630.90,634.94,640.41,645.47,651.30,656.13,663.27,666.20,672.17,671.72,678.60,684.00,688.68,691.97,696.50,698.23,704.52,706.08,712.61,721.27,724.29,902.86,732.80,730.32,738.67,746.49,749.03,753.76,759.04,761.80,769.41,771.41,776.20,785.13,791.03,793.22,793.67,802.00,809.85,814.37,819.10,822.27,830.28,835.07,834.38,835.51,841.83,846.75,849.84,858.35,861.55,862.66,866.70,870.77,
649.00,599.87,606.96,614.75,616.35,622.74,625.00,629.32,633.38,637.75,643.45,652.07,653.07,661.06,663.99,670.70,672.55,676.27,682.26,687.01,689.89,695.11,696.93,704.96,705.74,712.41,718.46,721.86,901.24,730.40,727.97,735.93,744.99,747.37,752.63,755.52,760.60,766.58,768.31,774.60,783.22,788.22,792.73,794.20,798.76,807.37,813.22,818.87,821.76,827.36,833.46,834.29,832.62,839.11,843.93,850.16,853.43,858.00,862.17,865.64,868.66,
650.00,599.07,606.16,613.39,616.58,621.29,625.16,628.63,633.13,639.03,643.01,651.84,653.75,660.28,664.60,671.22,672.91,675.93,680.90,686.60,689.07,694.14,694.66,705.60,703.20,714.14,716.48,720.08,902.65,729.44,729.07,735.82,743.02,743.64,751.97,753.90,762.59,767.58,767.71,775.76,783.45,788.32,792.04,792.94,800.50,806.03,812.73,819.16,821.37,825.01,832.70,831.80,831.67,840.54,844.71,850.52,852.36,858.61,861.08,864.46,866.80,
651.00,599.55,606.35,613.22,616.39,620.52,626.17,628.50,631.75,639.35,644.78,650.77,655.81,661.27,664.82,672.40,672.21,677.21,681.25,688.20,690.15,694.53,693.94,707.88,701.54,711.36,718.96,722.15,901.13,731.72,730.61,740.63,741.86,744.88,753.71,757.72,762.54,769.45,768.43,775.95,783.27,789.69,790.02,791.65,799.50,806.29,813.07,815.28,819.33,824.89,831.06,828.77,835.68,839.24,844.84,849.79,852.12,858.86,859.80,865.69,866.06,
652.00,596.89,604.51,610.71,612.58,617.82,623.72,627.07,629.48,638.68,643.69,649.05,653.30,659.43,660.85,669.30,670.65,674.99,680.73,685.04,686.15,693.75,694.61,703.88,701.40,706.18,715.44,718.96,897.66,729.22,726.48,738.26,738.99,743.53,751.00,752.67,757.22,766.33,763.91,771.28,778.62,787.91,784.59,791.83,796.70,802.49,810.38,810.96,815.78,822.79,827.34,826.96,834.85,838.82,839.30,843.02,849.24,853.86,855.61,861.50,861.82,
653.00,591.42,598.42,603.56,607.04,612.35,618.37,621.07,625.36,632.20,637.43,642.74,647.90,652.46,655.36,662.59,663.95,668.79,674.27,678.79,679.69,685.35,688.04,693.46,696.57,700.38,707.53,710.08,890.13,720.84,718.35,733.63,732.94,736.77,740.19,746.21,750.97,755.88,756.78,764.48,770.29,778.62,775.65,784.85,788.75,795.39,804.17,803.58,807.14,814.98,818.61,819.27,828.05,830.33,829.78,834.72,840.87,846.89,845.12,853.87,853.87,
654.00,585.84,592.19,597.12,600.79,605.73,612.10,614.37,618.99,625.64,631.12,634.32,641.92,644.90,649.81,654.92,655.39,662.27,666.76,670.96,671.86,677.78,679.65,685.04,688.92,694.60,700.62,700.62,883.25,713.03,711.96,727.36,725.74,730.51,731.13,739.96,744.31,748.04,749.25,757.47,762.10,767.24,765.89,776.06,780.67,788.77,796.41,796.25,799.84,806.60,808.41,811.97,816.63,820.21,822.90,825.75,832.62,838.48,835.03,845.35,845.22,
655.00,581.51,589.20,592.84,595.75,602.57,608.40,610.68,615.05,620.94,628.06,629.32,636.29,641.17,645.11,650.41,649.99,657.95,663.22,667.13,668.42,673.14,673.23,679.87,685.04,687.34,695.95,694.61,873.59,705.67,707.85,722.74,721.98,727.22,724.30,734.92,736.63,743.31,746.23,749.65,757.13,758.55,759.75,770.52,777.41,782.33,788.92,789.75,794.16,800.59,801.56,806.21,811.22,811.06,817.05,817.03,824.89,831.41,828.72,839.49,839.94,
656.00,579.26,587.71,590.42,594.18,602.24,605.13,609.58,613.17,618.74,624.82,628.25,633.61,638.07,641.36,647.25,647.99,655.85,661.77,663.03,666.26,670.03,673.62,677.63,683.48,686.22,692.94,694.73,869.66,703.18,703.22,718.48,719.79,723.87,722.53,730.58,731.06,735.92,742.29,743.18,751.19,755.67,758.41,766.47,772.73,776.31,784.85,784.38,788.89,796.04,797.41,801.01,808.65,808.62,813.98,813.10,820.80,827.42,825.69,835.51,834.61,
657.00,581.00,589.75,594.44,596.62,603.64,607.42,611.10,614.82,619.43,625.91,629.52,634.91,637.31,644.30,648.57,650.32,657.22,662.80,663.99,667.44,670.63,675.93,678.72,684.68,691.56,695.34,695.66,873.55,701.43,704.95,717.89,720.26,725.00,724.65,731.28,734.61,736.85,746.52,747.71,752.68,756.13,761.71,766.64,772.43,777.15,786.98,787.17,790.95,796.74,799.37,805.91,810.10,811.83,815.07,815.61,825.03,828.58,829.67,836.20,836.40,
658.00,586.89,597.55,601.64,604.04,610.14,613.87,618.57,621.15,626.10,633.07,636.58,642.75,644.69,651.47,655.31,657.64,664.89,668.55,671.81,674.18,677.98,680.24,684.82,693.51,699.70,703.21,702.40,882.94,706.96,714.87,723.48,727.60,729.84,731.28,738.00,744.56,747.07,755.95,755.41,762.68,762.76,769.04,774.33,781.33,786.17,794.41,796.22,797.55,803.84,807.87,812.45,816.48,819.09,822.58,824.92,833.35,835.68,838.74,843.84,844.82,
659.00,594.85,606.04,608.76,611.67,617.55,621.86,626.80,627.99,634.98,640.65,645.77,650.83,653.95,659.87,664.78,665.11,672.89,677.37,680.31,683.00,686.87,689.13,694.16,702.04,706.81,713.60,713.87,890.87,715.94,723.75,734.67,736.66,738.62,742.83,750.20,754.60,758.62,767.05,763.11,774.41,774.13,779.52,781.86,791.08,796.01,801.04,804.36,804.63,813.86,817.43,818.71,825.51,825.25,829.91,835.83,843.90,843.90,848.56,851.97,854.84,
660.00,601.16,612.19,615.98,617.65,624.27,628.24,633.03,633.24,640.16,647.10,653.34,657.41,660.96,665.98,670.72,672.03,679.18,684.35,686.86,688.85,694.28,699.20,702.38,709.11,711.10,718.53,721.92,899.61,724.26,729.14,741.70,740.71,745.39,752.53,756.31,763.55,766.82,771.70,770.82,781.94,783.73,788.41,788.36,796.78,804.12,809.15,810.98,813.44,820.46,826.55,826.80,833.28,834.08,834.02,841.10,852.76,850.81,858.24,858.44,861.38,
661.00,605.69,617.33,621.64,622.89,627.94,632.78,637.99,639.98,645.17,652.19,658.99,662.60,666.73,672.47,676.06,679.67,684.71,689.02,694.19,693.15,700.17,703.38,703.92,714.19,716.39,720.95,725.02,908.23,728.14,733.47,745.65,747.39,748.83,753.81,761.32,770.28,771.69,777.01,777.06,788.24,791.86,793.25,796.77,800.87,808.97,816.13,818.37,821.10,828.26,833.63,835.42,839.05,840.41,841.26,846.68,858.37,859.22,862.46,863.79,868.20,
662.00,610.27,620.61,624.45,626.43,632.42,636.71,642.38,643.67,650.11,656.53,662.71,668.16,672.15,676.89,680.57,683.48,689.36,691.34,698.53,697.93,704.77,701.86,709.13,716.55,720.52,724.72,728.84,916.37,734.92,739.48,750.49,753.58,751.25,756.87,768.49,775.02,775.31,779.59,782.43,792.02,796.91,798.77,801.10,805.37,814.66,819.61,825.98,826.95,832.73,837.83,839.62,842.78,845.25,845.25,852.22,860.84,862.34,864.96,869.15,873.65,
663.00,614.62,623.93,627.76,630.17,636.30,640.19,645.32,646.33,653.59,660.56,666.77,670.58,676.96,679.17,686.02,687.90,693.04,695.88,703.01,702.67,709.83,706.59,715.89,719.20,723.05,726.07,732.08,920.56,738.86,743.79,755.95,758.34,755.69,762.26,773.23,776.03,780.59,782.95,785.36,797.39,799.80,805.34,806.56,809.73,819.01,823.38,830.40,833.74,836.57,841.53,845.42,845.74,850.25,849.69,854.57,862.54,867.39,868.71,872.93,876.79,
664.00,617.48,626.08,630.79,633.70,639.56,643.34,648.30,650.49,656.19,663.97,670.15,673.89,680.25,681.36,689.13,692.92,697.17,699.03,706.25,707.19,713.38,710.65,718.20,723.61,726.77,727.68,735.56,925.85,745.29,746.36,757.81,761.99,758.30,766.26,774.64,776.23,782.61,784.28,786.95,798.32,804.27,808.99,810.06,812.65,820.41,827.91,832.03,835.27,838.47,844.83,847.08,851.88,855.00,857.47,857.43,863.47,873.97,872.58,877.54,878.73,
665.00,620.95,627.89,633.36,636.66,641.70,646.79,651.59,653.65,660.70,666.05,672.73,677.70,681.21,684.56,692.07,695.47,699.50,700.67,708.26,709.89,715.34,713.01,721.25,726.92,733.53,733.92,738.90,935.20,747.62,749.43,758.85,766.39,763.10,768.11,778.40,779.97,783.17,788.12,790.72,799.59,807.94,811.66,815.70,814.28,823.88,832.03,834.71,837.82,842.10,846.75,851.58,855.80,859.18,861.90,860.99,867.24,876.62,877.62,882.24,883.62,
666.00,624.59,630.86,635.32,639.13,644.65,650.00,653.88,655.28,663.97,668.41,673.87,679.87,683.27,687.19,695.22,696.41,702.12,702.68,711.72,713.52,717.28,714.51,726.21,731.24,737.66,738.44,741.23,937.92,750.86,755.33,761.20,769.83,765.81,770.80,780.34,783.06,786.20,792.04,796.12,803.14,805.51,815.71,819.06,819.66,827.90,833.45,838.02,839.90,846.54,850.21,855.17,857.96,863.02,865.22,865.64,869.80,878.91,881.92,886.04,887.05,
667.00,626.65,633.40,637.20,641.90,646.90,651.64,656.30,658.08,665.51,670.46,676.79,681.82,686.11,688.03,698.35,697.69,704.25,706.22,713.28,716.16,719.60,719.54,728.20,733.00,737.96,742.78,744.65,937.12,753.26,758.30,763.47,771.67,770.87,774.72,782.61,785.74,791.77,795.26,796.57,805.90,806.81,815.81,821.33,823.32,831.36,837.68,840.26,839.91,847.20,851.81,855.16,856.42,862.85,867.81,868.02,872.07,881.88,886.03,888.71,890.13,
668.00,627.04,633.40,638.51,641.62,647.86,652.54,657.75,659.57,666.27,671.44,676.91,683.35,685.81,689.21,697.44,697.97,703.11,708.09,711.78,715.99,720.31,722.72,730.67,734.36,739.78,745.31,747.59,939.32,755.83,756.14,764.13,770.29,772.79,777.01,781.62,786.47,790.94,795.02,797.73,805.44,807.97,815.75,822.36,825.71,831.30,837.74,838.20,840.45,847.63,852.94,855.54,857.51,862.86,868.39,869.16,875.07,881.93,888.86,888.79,891.50,
669.00,627.65,634.54,638.76,641.61,647.67,652.17,656.67,660.44,666.04,671.37,675.60,683.13,684.78,690.11,696.91,699.39,703.34,708.57,712.06,715.00,720.79,724.28,730.71,734.38,741.04,743.80,746.10,939.68,752.07,757.81,761.02,771.13,772.04,773.88,779.62,785.36,790.19,794.78,798.68,801.67,808.33,814.07,822.11,825.55,830.37,837.95,838.18,842.08,848.97,852.88,855.86,860.68,864.36,867.57,867.34,876.53,882.73,888.70,888.01,893.52,
670.00,626.93,634.49,638.36,641.48,647.47,651.34,656.51,660.38,664.12,671.39,675.19,682.63,686.34,690.71,698.39,699.20,703.95,708.28,712.64,715.77,720.81,723.29,730.88,731.44,739.53,741.44,744.64,939.32,753.11,760.81,761.87,772.47,768.61,772.33,780.20,785.24,790.28,794.92,797.94,803.26,807.76,813.65,821.48,824.11,830.24,835.60,841.16,840.49,848.08,852.97,857.16,859.71,863.72,868.47,868.01,875.10,882.02,885.85,886.31,894.18,
671.00,626.16,633.08,638.45,640.96,647.13,651.39,656.07,659.59,662.49,670.49,675.81,681.81,686.60,689.62,698.68,698.76,701.87,709.06,710.09,714.75,720.74,725.21,732.90,729.58,738.31,740.21,743.39,937.47,752.12,758.70,761.52,772.05,768.81,773.03,780.78,782.79,791.76,796.08,796.19,805.98,807.18,811.44,819.60,823.87,830.75,836.30,841.79,840.35,846.93,854.05,856.33,856.58,862.13,867.21,865.52,872.92,881.49,886.21,883.19,892.12,
672.00,625.79,632.49,638.46,640.54,646.39,651.25,655.14,660.34,662.53,669.18,675.86,681.00,686.19,689.30,696.45,700.33,700.68,708.78,709.24,714.36,721.12,727.38,731.80,729.56,735.97,735.25,741.17,937.81,753.13,754.59,760.00,770.69,765.91,771.68,776.35,780.16,790.48,793.90,792.87,804.55,806.69,810.04,816.48,824.17,827.66,833.33,837.78,838.85,847.57,853.55,854.51,860.18,859.68,870.79,865.66,871.64,882.75,883.32,881.40,889.27,
673.00,624.44,631.89,638.11,640.39,646.26,651.60,654.97,660.85,662.58,668.61,675.36,680.58,685.16,689.86,696.55,700.37,700.99,706.45,709.39,713.60,718.77,728.07,729.21,729.25,735.15,736.41,740.54,938.94,750.51,754.47,756.70,769.25,764.19,771.23,778.00,780.31,787.69,794.42,790.63,803.68,810.25,808.31,814.79,818.12,826.33,834.12,836.26,838.62,847.17,852.05,854.87,860.60,861.31,870.33,865.61,871.96,880.76,883.63,880.43,888.72,
674.00,625.05,631.49,639.28,640.95,647.90,652.44,656.13,660.13,663.45,669.09,676.17,680.71,686.22,689.71,697.00,698.73,700.53,705.69,710.95,714.12,719.00,726.75,730.99,730.42,735.54,737.11,740.81,940.63,750.78,756.09,758.62,767.41,763.28,772.32,779.41,783.65,787.99,794.76,793.55,806.08,807.57,810.96,816.76,818.26,827.37,833.64,838.91,840.12,846.53,853.23,859.00,859.28,863.76,868.35,864.83,872.30,879.99,880.92,881.71,887.12,
675.00,624.67,632.86,640.02,641.81,648.91,652.04,656.30,661.03,664.24,669.12,677.38,679.85,686.51,687.69,695.64,699.57,700.43,706.30,711.48,714.19,719.31,729.35,731.99,729.37,733.51,738.15,743.06,936.85,750.77,753.42,760.64,767.74,763.42,773.28,779.59,782.71,792.08,797.32,794.09,805.66,805.95,810.75,813.07,821.68,827.08,834.01,839.57,839.86,847.12,850.80,857.16,858.68,862.23,868.69,865.92,873.00,880.25,882.71,884.25,886.41,
676.00,624.69,632.64,639.50,642.38,648.26,652.30,654.99,661.69,664.73,668.61,676.69,680.06,684.92,687.71,693.97,698.71,700.96,704.05,710.56,713.26,717.95,728.44,730.68,729.15,732.25,738.60,744.00,936.68,753.56,751.46,762.20,763.99,764.56,776.51,778.96,781.73,791.50,794.21,793.21,802.32,807.20,808.91,813.39,820.91,824.35,833.45,837.93,839.78,845.59,848.96,854.83,858.85,863.40,866.97,864.06,875.80,878.70,881.94,885.56,885.84,
677.00,624.94,632.37,638.26,641.57,647.43,652.98,654.63,660.53,663.88,669.91,674.95,678.76,683.56,687.09,693.74,697.03,700.78,703.34,711.68,713.12,718.28,721.87,729.27,729.81,733.98,738.47,744.52,938.69,751.86,753.37,760.72,763.91,765.31,776.16,779.16,781.40,789.20,793.52,794.35,798.38,809.02,810.95,813.74,818.83,821.53,833.96,838.17,839.51,843.29,849.59,854.24,860.26,863.92,863.92,863.51,874.13,877.31,883.35,886.10,884.21,
678.00,624.51,633.99,638.69,641.40,646.98,652.40,654.70,660.96,664.75,669.02,675.56,678.05,683.94,686.80,693.84,696.24,700.83,703.18,713.22,713.55,719.34,718.72,729.64,728.63,735.64,737.82,745.07,939.36,751.52,755.77,763.49,765.55,765.79,772.12,779.01,782.12,788.12,793.87,793.89,795.95,807.00,811.36,813.78,821.49,821.82,834.03,838.87,837.49,844.51,849.22,854.86,859.02,864.08,862.70,862.92,875.00,876.38,882.15,886.75,884.67,
679.00,622.78,633.79,636.94,641.27,644.18,652.03,655.28,660.63,663.16,667.75,674.68,677.65,682.36,686.73,693.21,695.23,700.21,702.52,710.62,711.97,718.56,718.95,727.94,727.30,733.85,737.38,744.93,937.76,749.92,753.06,763.96,765.40,767.72,771.97,780.95,781.15,787.44,792.55,791.58,796.05,806.47,810.55,813.50,820.77,824.33,833.57,838.68,834.95,844.13,849.27,852.06,854.50,861.79,861.38,864.28,874.19,875.76,879.90,886.79,884.03,
680.00,622.61,632.48,635.02,639.92,642.31,651.10,653.19,659.30,662.03,667.58,672.61,676.21,679.96,687.35,692.04,693.79,699.01,701.25,708.59,709.94,718.08,715.95,723.45,730.64,731.70,734.74,742.77,938.38,746.82,750.56,760.06,764.31,769.47,771.06,777.23,778.39,783.55,788.93,790.38,796.60,805.55,808.46,814.20,818.66,823.08,832.00,834.58,831.88,841.17,850.91,847.58,853.78,859.71,857.49,865.35,872.90,876.57,877.07,884.53,881.15,
681.00,621.04,631.80,634.03,638.11,641.71,648.57,652.92,658.08,660.73,667.41,670.40,674.45,678.96,687.29,691.46,692.53,698.32,700.31,707.96,708.63,715.77,713.04,719.82,727.83,732.01,732.09,740.02,939.32,743.68,749.84,756.86,765.23,767.92,768.51,775.31,778.81,779.43,787.50,788.79,794.36,808.30,808.84,812.50,813.80,824.17,828.20,829.59,831.17,839.10,849.92,845.04,851.60,854.96,855.18,865.09,870.28,874.01,874.85,882.92,880.26,
682.00,618.43,629.53,632.28,637.76,640.68,645.07,651.46,654.00,658.93,664.42,669.34,673.91,677.40,686.14,690.50,689.40,696.34,698.01,705.63,706.74,713.34,714.63,719.66,726.02,729.65,732.42,734.19,938.17,742.43,749.76,756.58,763.45,767.09,763.92,777.10,778.05,777.62,785.36,789.92,794.95,803.52,806.30,812.22,809.52,822.77,824.60,826.43,830.94,837.37,846.53,844.69,846.48,855.62,851.99,859.74,868.83,872.03,870.65,880.22,875.70,
683.00,613.11,620.73,625.28,631.07,633.55,638.04,644.67,646.81,650.19,658.36,662.83,666.41,671.28,678.64,682.54,682.07,689.55,693.01,696.65,699.34,706.86,710.99,713.88,718.63,719.08,724.69,724.64,927.07,734.95,743.19,749.10,755.17,758.91,757.45,768.62,771.80,772.50,779.03,782.66,790.40,791.46,797.38,802.12,801.11,816.33,816.13,819.31,821.43,829.97,837.30,836.50,838.21,844.94,844.78,852.52,859.69,863.08,861.46,869.45,867.63,
684.00,600.40,605.70,611.43,616.65,620.50,623.04,630.26,633.20,636.76,644.30,647.78,652.13,656.76,662.66,666.47,667.37,675.32,678.33,681.92,683.53,691.21,695.54,699.05,703.59,704.08,711.41,710.24,906.18,723.40,728.65,733.83,737.98,741.73,742.44,751.40,754.58,756.20,761.42,766.94,774.08,774.08,777.90,783.45,784.25,797.93,798.57,799.67,806.06,812.37,818.34,820.53,821.63,826.43,827.45,834.93,842.49,844.72,845.67,851.64,848.47,
685.00,582.20,586.79,592.88,598.57,602.05,604.52,611.70,613.37,618.57,624.05,628.87,634.89,637.05,641.86,646.88,647.49,654.92,658.10,663.45,662.99,670.90,674.65,678.58,683.11,687.47,692.17,689.25,881.39,703.39,710.95,712.80,714.79,719.88,719.04,729.01,733.82,734.37,738.87,745.67,750.09,752.29,755.39,761.45,761.45,773.09,776.61,778.21,784.83,790.55,793.79,798.87,800.44,804.52,807.13,809.54,818.60,819.78,822.26,830.41,825.78,
686.00,563.29,566.88,574.85,579.05,583.27,585.69,592.49,592.27,598.92,604.22,610.44,613.54,618.61,620.80,627.02,627.17,635.16,638.48,645.38,643.48,651.51,654.37,658.91,662.63,665.61,671.54,668.81,855.07,682.43,691.60,693.33,692.31,696.77,694.30,706.30,712.85,713.87,717.48,721.82,728.91,726.16,732.18,738.70,740.18,747.42,755.70,756.07,760.95,765.75,770.66,776.76,778.68,784.13,783.82,786.01,795.28,796.82,799.82,806.81,802.63,
687.00,544.92,548.40,555.53,558.82,564.12,567.04,573.44,575.27,579.48,584.41,591.17,593.73,599.21,599.40,605.43,607.45,615.12,618.95,624.63,622.97,630.30,633.85,637.98,641.63,644.36,652.12,653.06,824.88,661.75,666.73,673.17,669.49,675.90,676.84,684.60,690.06,693.26,696.47,698.30,709.28,703.33,712.48,715.20,720.70,728.00,734.40,738.05,738.98,742.62,746.75,757.24,754.05,759.99,759.99,765.94,771.42,774.17,775.99,783.31,781.94,
688.00,530.92,535.05,541.37,545.43,550.69,553.16,558.44,560.80,565.76,569.68,576.18,579.55,583.43,586.25,590.42,593.07,599.17,603.20,609.96,607.68,615.35,617.93,622.18,627.01,629.11,633.83,639.93,806.72,647.32,645.65,655.83,652.96,659.07,663.22,668.48,671.98,676.43,679.20,681.24,692.31,689.56,697.88,697.41,705.00,711.35,717.19,719.40,721.23,725.87,731.05,737.13,735.49,743.60,742.60,751.01,753.42,757.65,758.11,767.99,766.81,
689.00,526.38,531.29,536.24,539.97,545.63,547.12,551.81,554.62,559.68,564.55,571.33,573.46,579.46,582.29,586.05,587.13,593.38,596.75,605.89,604.67,608.20,609.57,613.97,622.87,622.69,625.87,633.16,800.76,639.63,637.29,650.31,648.07,652.91,656.21,662.38,667.06,668.66,675.49,673.42,685.68,688.23,693.47,692.91,698.98,703.85,712.94,713.32,714.15,718.37,725.49,728.28,730.26,736.15,737.84,745.24,747.95,751.15,752.45,759.18,763.50,
690.00,526.56,531.80,537.19,541.19,546.16,546.99,553.11,555.62,560.74,565.98,572.28,573.69,583.03,583.67,588.12,588.58,595.48,597.54,606.26,607.61,608.93,611.75,616.77,622.65,623.13,626.64,634.81,801.79,642.78,637.66,653.42,652.94,652.94,660.07,668.05,668.13,669.83,678.76,676.87,689.51,691.58,695.28,695.67,700.79,707.06,714.26,717.03,719.50,719.86,728.40,731.35,731.25,741.15,738.66,745.30,750.63,754.52,753.19,758.21,763.53,
691.00,528.71,533.40,537.63,543.25,546.36,549.79,555.02,557.90,562.74,567.44,572.70,576.44,584.20,585.21,589.28,591.36,595.51,599.94,604.82,610.13,611.02,616.29,620.22,624.93,623.68,629.26,637.82,802.90,644.35,638.87,653.29,657.05,656.76,663.49,670.70,669.25,673.78,682.82,681.18,691.56,693.29,697.71,697.04,704.64,712.44,715.98,721.37,720.88,724.44,730.11,733.86,734.82,743.86,743.00,746.65,752.61,757.90,755.69,759.05,766.27,
692.00,531.60,535.10,540.54,544.82,548.13,551.63,556.30,559.60,564.08,569.92,572.25,578.47,586.06,588.78,591.12,594.81,596.18,602.20,606.68,612.12,612.70,619.02,620.00,627.78,626.81,630.70,638.96,806.26,649.18,640.43,655.01,660.85,656.97,668.14,673.01,670.09,677.87,684.68,682.73,692.94,700.24,697.32,700.25,709.96,717.74,719.20,723.58,724.07,728.93,734.28,734.76,738.65,745.94,746.92,749.35,755.67,761.02,758.10,762.48,767.83,
693.00,535.43,539.33,543.86,547.32,552.72,555.59,560.60,562.68,568.11,573.43,575.48,582.41,590.91,591.62,596.97,598.27,600.48,605.28,610.87,616.19,615.72,619.83,623.08,633.51,632.83,637.25,640.49,814.73,651.33,647.50,658.70,665.90,664.82,671.31,678.30,674.56,680.36,689.42,690.70,697.10,705.76,699.85,708.32,713.93,721.80,724.27,728.60,730.87,734.01,740.41,739.82,745.83,748.58,751.44,753.21,760.79,769.05,762.56,765.12,769.35,
694.00,539.89,543.44,549.07,552.10,557.40,562.35,566.98,568.14,573.12,578.46,581.30,587.52,595.85,595.17,601.60,603.71,605.39,611.41,615.48,620.90,623.02,625.52,631.99,637.28,638.06,644.06,642.75,821.44,655.12,656.12,662.30,672.07,669.09,674.27,684.05,681.76,685.54,694.91,697.00,702.99,708.67,705.18,712.16,717.15,726.62,729.02,733.60,737.49,739.78,747.17,746.67,753.93,753.54,756.53,758.42,767.30,773.88,768.60,772.19,774.08,
695.00,545.51,548.66,554.82,556.96,562.30,568.13,570.92,575.21,577.72,583.14,586.38,592.85,599.65,600.02,605.80,609.19,610.37,616.97,619.60,625.30,628.70,632.57,636.31,640.97,643.19,650.28,646.33,826.50,660.69,658.35,667.07,675.96,676.47,681.44,690.83,689.62,693.98,701.36,700.15,711.47,711.26,711.58,719.26,723.83,734.34,734.84,741.52,743.54,746.18,753.56,754.16,757.89,758.41,761.14,761.64,772.17,779.25,774.90,777.94,779.65,
696.00,548.66,553.56,559.88,561.78,567.62,571.72,574.11,579.70,582.83,587.67,590.68,598.21,602.60,605.32,611.07,612.26,615.43,621.14,624.56,628.29,633.31,636.85,640.35,645.48,647.95,654.74,650.72,833.88,665.22,660.29,671.07,678.58,681.86,687.63,696.05,695.34,697.48,705.50,705.61,717.12,715.28,718.36,725.03,729.26,738.91,739.73,745.28,751.14,751.66,759.57,759.26,762.66,763.79,765.22,768.11,777.45,784.25,778.89,784.66,785.79,
697.00,551.83,558.31,563.12,566.47,572.73,576.49,578.38,582.56,587.37,591.97,596.57,601.99,605.77,609.31,615.58,615.17,621.02,624.58,630.85,632.52,637.33,637.02,645.90,651.11,652.69,657.40,653.21,842.38,665.23,666.81,673.60,680.91,683.51,687.18,696.58,700.76,697.11,708.07,708.60,720.10,720.10,723.24,724.28,729.51,740.48,742.57,746.75,753.54,751.45,763.47,760.86,768.70,766.61,768.17,770.79,780.19,786.46,783.86,789.09,792.21,
698.00,554.29,558.58,564.79,568.07,572.16,576.49,578.49,584.02,587.93,593.03,599.45,602.26,606.80,609.14,615.05,617.22,623.05,626.12,631.93,634.78,639.42,641.90,648.79,647.73,653.16,660.60,654.99,842.71,669.32,671.76,678.16,682.08,683.03,687.20,701.11,703.01,700.04,707.06,709.30,721.42,721.20,726.73,725.87,731.83,741.09,744.05,750.63,755.55,751.92,763.28,763.83,769.35,768.53,767.87,771.05,779.96,787.11,785.63,792.21,792.52,
699.00,552.13,558.06,562.51,566.37,571.70,575.11,577.06,583.24,586.72,592.20,597.31,602.26,603.62,607.87,613.24,616.49,620.95,625.58,629.34,631.93,636.96,642.23,645.80,648.19,650.25,658.37,656.55,840.12,670.17,670.93,676.74,679.88,683.35,689.52,700.32,699.24,702.09,707.60,708.88,718.84,718.20,727.17,722.94,734.01,739.84,744.04,751.62,753.88,751.42,759.39,765.14,768.83,770.14,767.85,768.93,775.96,786.56,784.84,791.55,791.46,
700.00,550.44,557.45,560.18,563.47,571.13,573.30,575.55,579.36,584.97,592.05,595.89,599.52,601.60,606.44,610.49,615.52,619.82,624.19,629.49,629.20,634.65,637.55,641.49,648.55,649.10,655.16,656.90,839.51,671.45,671.79,676.07,677.93,681.11,685.73,695.42,694.35,701.14,705.54,705.88,714.01,718.69,725.57,717.40,732.51,737.46,742.44,746.57,749.35,752.99,755.41,760.48,766.08,767.73,764.42,769.07,772.89,784.15,782.37,789.74,791.85,
701.00,551.67,557.58,561.04,562.74,572.19,574.18,577.00,581.49,585.27,593.94,598.91,599.57,604.70,606.88,612.72,615.83,621.00,623.63,632.24,629.86,634.93,636.10,643.17,647.05,651.68,657.94,658.61,843.93,672.05,673.73,678.46,679.54,684.52,687.18,696.39,696.28,700.62,705.45,707.80,712.28,720.79,725.48,718.55,731.29,738.82,744.21,745.44,748.45,751.25,756.54,761.23,765.25,766.93,765.25,773.69,772.33,786.89,782.06,789.45,793.93,
702.00,552.49,559.80,562.99,565.73,573.73,576.72,579.67,584.93,587.65,596.10,600.45,602.97,607.74,607.75,614.15,619.41,621.45,627.17,632.17,632.18,639.04,639.86,648.41,647.82,654.08,659.21,660.40,844.75,674.65,680.33,681.48,683.20,684.93,691.77,700.33,698.63,704.92,708.34,711.75,712.32,721.43,725.98,723.16,732.29,740.30,747.14,747.10,751.69,758.54,758.57,763.67,769.94,766.59,771.10,779.08,778.56,787.10,784.25,793.92,798.50,
703.00,554.15,563.36,564.86,567.60,577.87,580.90,583.33,587.65,589.82,599.76,602.60,606.69,611.32,611.89,617.40,624.26,624.07,631.19,634.89,635.10,642.96,644.47,651.71,653.21,658.24,659.28,665.68,847.61,679.20,679.98,683.15,686.38,689.68,695.04,703.72,705.01,712.25,715.48,715.61,716.32,722.92,728.87,727.25,734.49,744.52,750.61,750.08,754.61,762.63,764.63,768.20,770.47,775.56,772.53,781.13,785.71,789.41,786.88,798.26,799.75,
704.00,557.84,567.38,568.40,571.21,580.93,584.29,586.26,590.30,594.62,602.46,606.94,609.76,616.96,616.89,622.56,627.29,627.73,632.58,639.64,638.22,646.10,645.81,655.57,655.83,664.05,663.89,671.28,854.65,683.09,678.93,688.35,689.70,695.57,700.65,705.49,708.97,712.96,718.06,721.95,721.19,727.73,731.98,733.67,738.52,751.25,752.78,754.31,759.32,766.88,771.89,769.01,771.29,781.90,776.30,788.32,791.41,793.19,791.75,802.10,803.04,
705.00,560.58,569.45,571.70,575.78,582.98,589.00,590.03,592.89,598.33,604.71,610.48,613.98,619.73,621.16,627.35,629.30,629.88,635.90,642.46,642.31,649.97,647.26,658.97,660.18,669.68,665.88,675.00,861.32,681.45,682.90,686.78,693.08,696.42,700.14,707.45,713.07,713.82,717.78,726.67,721.65,732.37,732.98,739.67,741.41,754.26,754.33,756.53,762.23,767.16,776.14,766.94,771.66,782.45,780.24,794.60,795.59,795.36,795.44,806.92,804.86,
706.00,563.57,571.83,575.53,580.30,584.16,591.30,592.42,595.54,599.19,606.54,612.15,616.33,621.53,622.73,628.13,632.73,633.64,640.16,643.61,647.22,653.78,650.09,659.32,661.19,671.05,668.45,676.76,862.95,683.19,686.72,690.46,696.37,695.03,698.76,710.58,714.85,716.09,723.25,728.03,725.22,735.91,732.90,745.04,742.66,756.46,757.19,760.71,765.91,771.30,778.98,769.33,776.39,785.94,783.02,792.69,798.39,797.04,799.42,810.63,802.65,
707.00,567.25,575.18,579.25,582.16,586.67,593.01,594.34,598.63,601.75,610.34,613.67,619.05,623.36,628.49,632.25,635.30,638.91,641.73,645.05,649.36,656.02,654.77,660.58,667.00,670.14,672.78,680.37,865.81,687.37,684.88,692.43,697.62,701.40,701.44,713.47,718.64,718.00,726.87,731.31,733.25,738.42,737.84,749.15,747.41,756.28,760.70,767.18,769.61,772.82,780.43,774.18,781.13,790.02,783.04,791.27,799.54,802.11,803.48,811.70,804.01,
708.00,569.66,577.57,582.60,587.83,589.13,594.75,598.29,600.97,606.15,613.45,616.60,621.90,624.96,630.78,633.91,635.23,641.42,644.38,648.42,651.22,658.29,651.03,660.21,672.26,671.29,674.72,682.27,867.40,688.65,688.45,692.23,700.55,702.87,705.49,711.68,719.35,719.69,727.03,731.14,734.54,741.88,740.94,749.12,752.37,761.36,763.61,769.70,771.16,777.20,781.15,777.52,784.23,790.30,786.35,790.80,798.95,804.81,808.76,811.87,805.96,
709.00,572.10,578.35,586.54,590.83,590.47,595.59,600.60,604.11,606.22,616.23,618.40,622.39,628.59,633.05,635.37,636.03,645.32,646.09,651.57,656.31,660.98,654.20,663.13,671.53,673.84,677.94,681.44,872.38,688.74,694.77,694.10,705.86,706.83,707.27,713.23,720.97,722.31,726.70,731.02,737.05,744.12,741.37,750.89,754.61,761.31,767.94,769.88,772.56,778.06,781.71,780.22,786.92,788.04,787.30,790.65,798.69,809.33,809.03,811.86,810.45,
710.00,573.92,579.41,588.11,591.80,592.14,594.62,603.14,607.63,608.07,617.24,618.28,623.47,630.08,633.65,636.11,638.21,648.20,648.04,650.62,656.29,662.77,657.29,669.59,669.65,673.33,679.48,681.09,872.81,690.71,699.64,698.95,706.96,708.36,709.94,714.75,724.37,723.92,728.25,734.02,736.08,743.90,744.56,752.33,753.25,757.37,769.50,773.35,773.83,775.47,779.83,785.06,793.33,786.23,791.72,791.48,801.10,811.16,811.61,812.54,815.29,
711.00,575.26,580.97,587.69,591.79,593.92,595.82,604.63,606.03,610.98,617.26,618.26,623.65,630.73,636.16,636.52,639.46,647.39,648.87,651.37,655.27,663.88,659.79,670.25,673.47,675.18,679.41,683.02,870.27,692.78,697.81,698.01,708.67,712.69,713.79,715.71,725.56,727.37,730.89,733.81,738.84,740.55,747.38,748.39,753.62,756.64,768.60,777.35,774.03,775.44,779.36,789.22,791.93,788.01,790.32,791.13,801.69,809.53,811.95,811.75,817.38,
712.00,574.32,578.75,587.16,589.05,595.72,594.62,604.63,604.43,610.16,615.06,618.85,621.63,630.12,634.12,635.63,638.05,645.69,646.18,652.02,653.12,659.16,657.14,668.00,668.00,677.51,681.03,682.38,869.16,693.02,696.00,701.81,705.28,714.79,714.70,711.90,722.68,726.96,729.30,730.83,735.75,739.31,744.99,744.36,752.38,761.66,765.14,776.67,774.55,777.62,780.19,788.17,786.09,792.00,793.26,787.76,801.24,808.40,813.50,809.26,814.35,
713.00,570.96,573.54,582.03,583.42,590.68,590.32,598.57,598.95,604.43,609.78,614.43,616.97,625.57,628.39,632.69,632.20,640.40,640.61,647.81,648.25,654.61,654.43,664.83,663.30,676.20,679.01,677.33,865.64,685.26,692.65,694.92,697.82,710.85,705.14,705.40,716.34,720.12,723.39,726.03,728.24,734.01,737.90,738.58,750.00,754.84,756.31,770.15,767.79,770.15,772.22,780.35,780.01,782.37,787.94,788.13,794.04,801.57,806.00,807.88,814.73,
714.00,560.90,563.30,570.27,570.33,580.07,581.91,587.38,587.57,594.51,598.66,600.86,605.53,611.91,616.12,620.41,622.77,627.19,632.16,635.66,636.67,643.07,648.71,652.99,652.49,661.21,668.01,665.74,848.94,675.54,681.66,687.31,685.47,692.28,688.46,697.76,708.42,706.25,713.38,711.15,716.44,722.13,727.06,726.20,733.04,743.99,742.87,756.88,755.04,756.88,761.06,768.62,768.22,771.97,775.42,776.58,782.23,787.52,792.78,798.11,802.32,
715.00,544.42,548.04,553.69,551.39,565.35,565.54,568.83,568.83,577.30,580.59,583.19,587.20,593.69,599.46,602.26,605.64,608.22,612.95,618.85,618.72,622.84,630.26,632.30,636.24,642.15,651.10,649.60,823.61,659.16,657.78,672.06,665.31,673.37,672.02,686.47,687.49,687.53,697.55,691.60,700.64,701.17,707.35,705.77,716.92,728.97,725.63,736.13,735.16,744.03,740.04,747.81,751.68,756.28,755.55,759.66,761.45,766.82,771.46,779.24,783.63,
716.00,521.67,525.64,531.36,529.33,542.81,543.02,544.63,547.62,553.90,557.31,562.75,566.05,570.29,575.95,579.64,582.13,585.32,589.57,595.89,596.17,598.70,601.80,607.51,612.42,615.93,626.11,623.13,797.44,634.18,632.35,645.77,640.07,648.93,647.44,658.06,660.96,663.33,670.61,664.29,674.38,677.20,682.02,681.94,696.42,706.43,700.54,708.35,705.36,720.03,715.03,721.78,724.15,731.09,728.36,732.75,737.41,740.74,742.66,754.08,756.62,
717.00,498.62,501.73,506.32,505.74,515.34,519.51,518.87,522.18,527.57,532.90,538.88,538.81,546.68,550.82,553.29,558.20,560.38,566.10,571.30,574.03,576.18,575.95,582.45,584.31,590.00,598.03,595.78,769.62,608.86,609.42,615.04,617.53,619.78,620.58,632.37,636.63,632.70,643.05,638.31,650.12,655.09,655.17,658.38,667.62,677.48,673.55,675.96,678.29,693.46,687.27,691.05,692.81,702.93,697.78,709.10,709.67,714.56,710.39,726.36,729.65,
718.00,479.04,484.26,488.22,485.41,494.96,498.44,499.29,503.94,509.11,511.90,517.40,519.14,525.90,529.98,531.40,539.71,542.07,547.17,548.92,554.12,554.29,556.97,564.00,559.90,566.92,575.39,574.76,742.74,588.75,589.07,596.16,598.45,593.92,598.95,613.32,614.69,612.51,620.84,620.35,625.94,632.47,633.78,639.12,639.25,652.06,652.37,651.25,654.24,667.80,666.12,662.14,671.28,677.19,678.06,689.31,686.33,690.68,686.64,699.33,705.86,
719.00,465.86,472.33,475.74,475.43,483.49,485.93,487.71,490.62,496.76,498.05,506.16,508.24,514.23,518.74,520.40,527.01,529.76,535.11,535.42,539.27,542.55,540.04,549.35,549.86,555.05,559.05,561.94,727.31,574.04,574.02,577.30,585.80,583.40,589.04,595.41,598.70,604.43,610.48,606.85,614.94,617.71,620.57,626.19,625.40,639.15,639.59,640.81,642.80,652.48,652.50,647.70,656.52,664.24,661.79,672.65,673.50,676.74,672.69,684.02,688.45,
720.00,459.40,464.57,468.62,471.85,474.52,479.80,480.96,484.72,489.01,493.12,499.98,500.62,508.98,510.46,513.78,518.36,523.23,526.10,530.93,533.55,536.39,528.34,537.75,543.01,549.34,551.30,553.35,721.74,565.25,566.77,570.06,579.82,581.21,585.58,583.12,589.32,597.56,602.51,599.66,612.72,611.11,612.14,618.25,619.14,634.16,631.75,635.76,638.26,645.03,647.49,645.52,646.19,660.27,653.63,658.89,665.45,670.04,664.87,673.56,675.96,
721.00,457.02,461.24,464.04,469.41,469.47,476.32,478.51,483.63,484.58,490.86,495.32,497.15,506.66,504.21,509.90,514.91,520.33,521.80,525.07,528.23,533.47,528.86,536.29,540.18,548.77,550.35,549.66,715.56,560.61,565.14,565.35,576.41,576.47,579.73,577.36,584.42,591.48,595.64,601.64,606.70,606.54,608.07,615.12,613.60,628.08,630.82,628.66,631.77,639.77,641.25,635.93,642.77,651.78,650.67,654.67,659.41,664.15,661.68,668.05,674.21,
722.00,453.68,459.62,461.00,468.31,468.05,474.30,476.83,482.10,483.61,488.00,491.72,497.49,501.30,501.04,507.60,512.12,515.31,520.86,520.54,523.65,531.41,530.86,536.40,538.28,546.04,548.70,549.25,706.00,554.02,564.33,565.33,575.52,569.10,572.42,578.85,583.50,590.60,594.92,597.70,603.68,604.79,606.45,612.10,608.11,623.74,627.51,624.63,630.62,636.71,636.71,634.50,643.92,646.80,646.03,649.13,655.78,664.09,659.44,666.98,673.85,
723.00,450.37,455.22,458.75,465.65,466.33,471.31,474.00,476.73,480.72,487.43,489.70,493.13,498.75,498.81,505.25,508.58,512.45,516.30,519.19,519.48,526.50,526.14,531.80,535.35,543.25,548.09,547.06,696.98,554.20,556.68,563.09,570.15,569.01,574.27,578.36,580.11,586.30,594.39,593.36,605.84,597.17,602.29,608.85,607.14,620.84,624.69,622.63,627.97,634.88,631.83,633.58,645.57,646.60,643.28,644.77,655.99,659.50,657.25,662.59,669.73,
724.00,447.53,450.97,456.26,461.21,460.95,466.37,470.33,474.64,476.58,484.28,486.72,488.70,495.67,494.35,502.52,502.22,507.77,509.37,515.43,514.91,521.80,521.54,529.26,530.91,542.82,546.25,541.88,693.01,551.01,550.35,557.60,564.89,564.80,567.81,573.18,572.66,583.72,587.72,588.14,601.18,590.92,598.78,602.22,606.83,615.35,620.20,617.51,620.29,631.16,627.82,631.26,641.70,643.54,640.10,636.76,655.45,652.25,653.33,657.19,665.61,
725.00,445.44,448.66,454.23,457.22,460.16,464.48,468.72,472.37,474.39,480.63,484.94,486.47,492.41,491.27,499.01,500.30,503.65,508.78,511.34,511.57,519.86,525.48,532.13,529.31,541.01,544.57,538.94,690.42,548.95,550.21,555.26,563.64,557.84,559.84,571.10,572.18,578.39,583.55,583.95,595.32,591.01,597.96,598.54,606.51,611.16,616.38,612.14,619.77,629.23,628.97,628.32,636.36,639.34,637.27,637.01,655.59,649.62,653.93,653.69,660.98,
726.00,445.92,450.06,455.70,456.90,463.42,463.16,469.68,470.85,475.31,480.38,485.42,487.50,491.95,493.72,499.38,502.06,505.01,509.20,512.44,513.34,518.42,526.56,532.51,530.27,538.48,543.64,539.17,690.69,551.09,553.30,559.22,562.96,557.03,559.98,576.30,574.80,576.34,583.76,585.22,594.89,589.71,597.87,597.86,606.05,606.83,615.69,613.47,620.90,629.81,629.81,628.35,640.14,637.99,639.44,643.16,655.06,650.59,658.01,653.59,664.67,
727.00,449.83,450.72,458.85,458.79,465.38,465.44,472.50,472.32,478.02,483.37,489.78,490.43,494.05,496.55,504.62,502.19,507.47,509.19,516.20,514.59,519.76,524.96,533.27,535.78,542.18,545.44,539.50,695.48,551.97,553.16,557.90,562.80,562.35,565.77,578.10,578.38,579.56,588.32,587.43,597.98,587.88,597.53,599.16,606.44,609.40,620.54,619.93,623.36,629.44,633.59,634.18,641.46,641.61,639.98,647.85,656.60,651.55,659.42,656.30,663.28,
728.00,450.93,453.01,459.66,461.93,466.20,469.43,475.65,476.96,479.75,485.23,493.19,493.07,497.77,499.85,507.28,505.62,510.74,512.34,519.23,519.36,523.16,523.62,532.54,541.42,542.46,545.00,542.63,705.10,554.96,553.95,561.82,566.72,568.51,569.25,577.86,583.50,583.77,589.72,589.45,599.99,592.29,600.73,601.64,611.74,615.46,622.28,629.88,628.83,631.06,638.93,642.21,642.65,646.50,642.21,649.91,656.46,657.82,664.20,662.58,664.64,
729.00,456.55,459.97,464.96,466.79,472.04,475.54,480.79,482.16,484.13,491.14,496.39,498.02,503.65,505.05,511.76,512.35,517.19,518.71,523.86,526.27,529.22,531.13,539.70,541.75,545.19,547.81,550.58,718.57,558.59,562.12,568.27,572.18,578.03,576.00,582.98,591.35,585.86,592.48,597.49,602.16,599.54,606.43,607.63,618.16,622.16,629.23,635.00,633.05,639.19,642.16,646.09,647.94,647.76,648.12,655.75,660.13,663.76,669.91,668.32,667.20,
730.00,464.20,467.58,472.21,475.09,479.62,483.30,488.97,488.47,494.34,498.96,504.78,507.27,510.75,515.42,518.95,521.94,525.71,529.84,531.08,534.07,538.10,538.67,547.74,550.60,550.73,555.08,559.55,725.64,564.28,572.23,575.34,581.06,583.79,582.68,592.25,601.82,595.73,598.83,605.18,607.17,611.40,615.37,617.23,622.58,629.67,639.24,644.46,639.99,645.95,647.69,652.79,657.77,654.41,655.15,665.35,665.22,672.18,671.19,677.16,679.27,
731.00,472.37,476.87,481.96,484.70,487.27,496.62,498.10,499.96,506.11,509.20,514.55,515.15,519.79,526.20,529.86,531.95,534.94,541.75,544.20,544.60,550.20,546.99,555.25,562.62,562.66,563.44,571.78,738.03,579.26,578.40,585.99,593.47,597.28,599.39,605.33,612.78,610.75,611.32,617.38,621.08,621.83,627.21,630.09,631.66,644.23,651.79,660.02,654.00,654.89,661.51,663.76,669.03,666.85,671.17,677.97,676.54,684.70,678.04,686.98,692.93,
732.00,483.35,488.36,492.20,495.72,497.45,507.13,508.85,513.20,515.62,518.90,523.34,524.92,534.51,536.77,539.84,542.85,546.30,551.48,555.15,557.26,561.32,559.55,567.22,572.64,573.42,575.28,583.14,758.39,590.29,588.11,597.01,604.91,609.61,610.36,614.11,618.38,624.06,621.58,629.48,632.67,633.07,640.37,640.37,646.77,657.87,664.03,670.16,661.58,667.20,673.79,675.29,679.76,681.85,684.65,688.01,691.01,695.52,691.37,699.86,706.22,
733.00,494.17,499.91,502.18,504.89,509.53,518.75,517.86,523.15,526.71,526.83,532.20,536.38,543.07,547.58,549.08,553.59,555.42,563.67,563.98,567.02,573.51,575.25,580.25,581.72,585.53,586.24,592.67,772.19,599.46,605.49,605.10,617.12,618.67,616.84,623.27,624.81,633.75,631.49,639.39,642.44,649.63,650.74,649.52,657.92,672.21,677.53,673.76,671.89,677.53,686.90,686.22,684.71,694.44,695.99,697.10,703.49,705.43,701.30,709.99,716.35,
734.00,501.06,506.07,510.06,512.91,519.08,527.69,526.25,529.38,536.99,534.66,542.86,545.17,549.82,556.13,556.41,563.21,564.54,573.11,574.70,574.73,580.59,586.96,587.96,591.28,592.75,596.42,599.06,776.20,609.45,614.25,616.63,625.40,627.15,625.50,637.60,634.04,643.39,642.15,651.50,651.74,659.33,660.09,660.33,663.60,677.21,685.09,680.30,680.59,684.10,695.77,692.45,694.83,704.55,704.60,709.39,710.15,712.43,709.97,719.08,727.19,
735.00,505.51,511.80,515.74,519.23,523.21,531.82,530.68,535.68,540.23,539.50,549.57,551.41,556.00,560.57,564.76,566.31,569.84,574.61,581.97,579.61,583.71,592.44,593.20,594.95,598.56,600.24,605.30,783.94,616.24,613.25,620.14,630.71,634.54,632.24,643.94,637.82,649.08,653.52,658.34,661.25,660.01,664.68,664.53,668.07,682.83,689.17,684.36,684.58,688.26,701.13,698.90,701.13,707.40,706.09,712.21,714.14,720.19,717.89,726.39,733.42,
736.00,508.91,513.89,517.18,521.82,527.50,534.37,534.26,537.59,542.92,542.26,551.57,555.63,557.85,562.70,564.18,568.27,571.67,576.18,582.07,582.80,585.31,594.15,595.02,597.06,601.29,605.07,607.29,791.83,614.93,615.80,622.07,633.30,636.07,635.80,642.66,638.89,649.43,653.39,659.67,667.30,660.03,667.58,666.80,672.22,686.03,691.26,686.72,688.45,691.63,702.36,706.90,704.40,713.58,706.90,712.13,716.77,723.94,721.50,733.18,733.77,
737.00,510.84,516.80,519.41,522.02,530.27,535.91,535.80,537.06,545.31,546.98,553.45,557.95,558.05,564.11,564.63,573.19,574.66,580.72,583.43,584.37,587.29,598.21,600.82,595.34,602.65,608.39,609.70,793.00,618.05,620.41,626.41,632.68,637.90,637.12,646.25,644.43,649.13,651.99,665.06,667.40,664.27,670.80,670.80,679.42,686.46,689.60,686.99,690.65,698.48,702.65,709.18,704.48,712.32,708.14,711.80,719.89,721.97,724.58,735.03,735.29,
738.00,515.22,519.90,524.54,526.84,533.76,538.05,540.63,539.53,550.17,552.32,559.17,562.82,561.33,567.92,568.70,576.61,577.71,583.52,586.99,586.00,590.36,601.77,607.88,601.14,604.96,613.46,616.13,796.06,620.20,623.82,630.04,637.30,634.74,640.93,650.14,655.00,652.97,655.99,667.52,667.96,668.12,677.17,675.57,681.07,684.62,693.55,689.92,697.27,703.48,705.07,712.61,707.47,713.32,710.93,716.68,724.49,723.33,727.04,736.53,736.09,
739.00,521.47,525.15,527.56,531.79,538.56,542.24,544.82,544.67,554.43,557.84,562.88,568.49,566.73,572.90,574.45,580.46,581.84,586.95,591.45,590.15,597.01,601.47,606.68,609.18,607.98,617.56,623.45,804.15,624.70,626.08,634.84,640.73,637.29,647.49,656.82,659.21,661.33,662.52,671.47,675.79,672.67,681.87,681.24,683.87,686.50,699.96,697.71,704.22,710.11,712.99,719.69,714.42,714.99,718.93,723.57,729.02,727.01,731.46,741.04,744.73,
740.00,527.62,530.31,533.29,536.32,545.96,548.33,552.31,550.65,558.99,563.99,567.02,572.33,575.00,576.69,579.35,585.68,589.65,593.66,598.02,597.69,604.33,606.16,612.82,616.97,614.53,629.48,631.21,818.78,629.57,635.37,643.71,643.71,644.56,655.38,657.08,667.86,667.10,667.88,675.42,680.41,677.91,690.37,686.25,695.36,690.42,706.24,706.26,709.59,718.73,720.45,726.25,723.76,726.21,727.92,730.43,736.27,732.97,739.64,752.08,747.96,
741.00,534.58,538.89,543.34,542.72,553.88,551.42,558.33,557.71,566.27,570.38,573.46,580.03,581.87,583.11,591.05,592.76,597.21,602.27,604.67,602.20,612.54,615.01,624.59,624.93,622.02,633.65,637.25,825.31,634.00,648.20,647.69,650.77,650.25,657.78,665.48,676.95,670.79,674.90,679.34,682.77,693.20,696.80,690.98,704.84,698.17,712.71,711.34,719.04,726.92,728.29,733.42,728.97,735.64,735.13,731.02,740.95,742.15,749.16,759.94,750.36,
742.00,540.23,544.39,549.65,551.85,560.09,559.01,565.85,563.54,573.02,576.47,582.43,587.61,587.61,589.45,598.87,599.04,603.14,610.71,613.20,608.90,620.13,624.08,627.22,635.85,629.34,639.07,644.11,829.15,644.48,650.68,655.52,661.58,656.54,665.54,677.60,684.53,678.47,681.98,686.37,687.39,698.65,701.94,699.16,708.08,705.08,721.97,715.98,727.24,731.26,737.40,734.54,738.36,740.09,743.54,740.17,744.05,749.68,758.31,765.84,756.19,
743.00,544.81,548.49,553.77,556.67,563.81,563.81,571.60,571.27,576.36,581.54,587.96,591.22,594.68,594.09,605.89,601.78,610.29,613.81,620.85,615.70,625.84,626.05,629.39,639.49,637.62,645.77,649.11,838.80,653.26,647.97,661.90,663.04,665.40,674.69,684.07,688.46,685.78,692.05,693.27,695.88,697.18,704.03,702.56,707.37,712.67,724.40,722.04,731.57,737.19,741.10,738.66,749.41,742.00,748.03,742.90,743.55,758.38,763.03,771.34,761.96,
744.00,548.10,553.10,559.93,559.58,565.62,566.41,574.81,576.47,579.92,585.23,592.28,594.56,596.98,596.97,609.91,605.62,612.63,618.71,622.17,621.17,630.67,629.44,639.59,642.87,643.00,650.44,648.48,846.55,654.49,650.30,665.82,670.11,668.32,677.31,682.38,695.67,690.09,694.79,698.04,702.33,699.73,708.21,706.25,713.42,724.21,727.52,728.02,736.10,741.85,743.54,749.02,754.49,752.13,750.06,745.50,749.66,765.72,768.05,774.84,769.61,
745.00,550.54,555.60,563.37,562.05,567.45,570.62,577.15,577.42,584.85,587.49,594.11,598.87,596.77,602.43,611.83,612.30,614.89,623.73,623.17,624.49,633.59,634.95,644.01,640.44,644.01,649.83,649.63,848.59,658.89,655.38,672.84,676.61,674.50,679.19,689.37,694.00,695.06,698.63,708.15,706.64,706.96,710.79,711.78,716.41,731.16,725.34,727.33,738.50,742.93,738.56,752.25,754.97,752.25,754.97,746.03,753.50,766.14,770.64,773.35,773.61,
746.00,553.34,556.88,564.73,565.32,566.98,573.51,580.72,578.86,585.43,590.72,598.27,599.44,601.64,605.98,614.11,614.90,617.53,622.33,627.26,626.73,633.89,635.98,642.66,642.53,644.95,653.10,652.83,848.86,661.25,659.53,674.48,681.31,674.36,680.64,690.54,691.60,700.84,703.11,710.72,703.11,708.87,712.47,715.00,718.21,734.39,726.11,728.38,739.76,741.21,739.61,753.11,751.51,754.59,753.65,754.47,762.35,769.17,768.90,768.36,774.91,
747.00,554.59,558.74,565.73,563.82,568.38,575.17,581.60,581.97,587.26,589.51,598.19,600.28,603.50,607.64,613.67,614.64,619.92,620.86,626.51,628.79,635.02,631.15,639.17,646.26,648.16,653.81,653.33,853.03,660.42,661.86,675.06,682.13,676.47,682.15,692.54,693.00,705.77,706.22,706.68,707.21,707.58,713.79,716.60,716.60,736.45,729.82,735.04,744.93,740.19,741.62,753.91,753.92,755.31,753.91,762.42,765.22,771.83,771.37,768.05,780.82,
748.00,553.02,559.21,565.20,562.36,571.15,573.43,582.04,581.14,588.89,589.34,597.57,600.58,603.42,607.23,610.82,618.95,620.06,621.89,626.18,629.05,633.24,631.65,641.59,644.79,648.60,653.87,653.27,856.67,659.49,666.59,676.88,680.51,679.56,682.84,690.71,689.07,701.96,704.03,706.63,705.93,705.67,715.62,716.14,721.76,733.26,729.20,741.05,741.65,740.61,741.30,752.55,753.76,755.83,754.45,764.65,767.42,772.00,770.54,768.89,782.21,
749.00,553.76,558.72,567.43,563.99,575.12,570.34,582.05,580.18,590.46,589.33,598.83,600.16,605.32,609.26,609.98,619.62,620.39,621.60,626.09,625.89,633.01,634.18,643.66,646.58,650.41,646.78,654.35,854.63,659.08,674.36,674.46,680.16,676.48,675.67,687.87,684.89,694.78,702.94,701.33,698.40,711.46,714.69,713.88,725.98,733.04,728.05,735.01,742.41,740.50,741.51,752.95,745.64,762.32,752.04,756.98,764.55,773.06,770.14,768.33,780.78,
750.00,555.99,559.33,565.88,566.14,574.75,569.22,580.21,581.94,589.07,589.65,601.79,600.64,606.74,609.24,611.75,617.79,619.84,620.74,625.75,624.34,634.30,631.47,641.11,649.78,653.31,642.71,652.99,851.65,658.77,667.92,677.72,679.81,672.42,672.75,695.39,684.79,691.21,699.24,698.12,698.60,710.81,713.86,715.95,723.01,730.24,728.79,733.13,741.16,742.28,749.19,749.03,746.62,761.55,752.24,759.15,764.44,766.69,770.23,767.82,778.90,
751.00,554.38,557.09,564.21,563.22,573.80,570.96,578.85,582.55,588.00,588.68,598.47,598.84,606.64,605.72,608.37,615.55,620.26,618.11,625.77,625.55,632.97,625.89,637.88,645.62,655.89,644.65,651.64,855.29,662.13,660.36,679.34,672.94,671.81,674.07,692.51,682.99,690.74,699.82,697.35,698.86,705.63,713.59,716.12,715.90,724.62,729.46,734.67,736.82,743.38,747.47,745.16,748.44,756.77,750.59,756.02,758.33,765.70,766.45,769.14,779.57,
752.00,556.03,557.13,564.44,564.52,574.09,569.17,578.44,582.87,586.69,588.94,595.64,598.73,605.97,606.21,610.11,614.22,617.94,618.43,625.33,624.40,633.37,629.13,644.31,643.88,655.17,644.26,650.14,856.45,658.64,662.36,676.56,672.08,668.19,671.66,685.53,683.41,687.22,698.12,697.36,698.17,708.70,710.98,715.46,718.42,723.45,729.07,736.47,735.12,745.22,745.81,749.28,745.98,758.08,750.08,750.46,757.86,762.51,761.92,770.12,780.82,
753.00,556.73,555.10,563.69,567.32,571.17,571.09,577.54,582.35,585.87,589.05,595.43,598.55,603.76,606.17,611.04,612.16,615.28,618.34,622.17,622.31,633.75,633.85,637.28,644.42,652.40,641.02,648.49,848.57,658.73,661.99,675.01,675.49,670.92,666.06,687.18,685.08,686.06,695.17,699.39,703.46,712.40,709.48,714.04,720.38,725.90,727.54,733.56,733.40,745.11,742.84,750.80,742.82,759.58,749.49,745.27,760.39,759.25,760.72,769.34,781.05,
754.00,554.77,552.05,559.90,564.10,566.53,573.64,575.55,583.46,581.46,588.82,590.67,595.84,603.34,603.25,610.71,609.48,614.29,614.64,623.33,620.53,629.86,628.77,632.79,643.65,647.41,644.78,649.57,845.17,659.25,657.40,674.65,675.78,669.19,670.11,691.59,684.89,684.94,690.66,697.25,699.41,713.06,706.16,710.17,713.01,721.81,725.83,729.64,728.86,741.43,739.42,743.33,736.48,755.17,746.37,746.37,761.97,756.15,756.10,768.62,770.72,
755.00,549.60,548.46,557.55,559.47,562.90,572.56,572.34,581.79,579.51,584.32,584.54,592.66,599.97,598.87,606.06,602.14,609.77,610.74,619.18,616.43,624.67,620.84,626.81,642.76,639.73,647.57,644.81,841.12,652.92,655.41,663.26,670.65,668.96,670.92,686.34,685.09,687.59,690.43,691.51,696.95,706.65,700.06,705.14,708.61,717.44,721.80,728.66,729.91,735.79,734.81,737.48,732.50,748.88,742.92,748.98,757.63,753.71,752.19,761.55,765.02,
756.00,536.22,534.64,541.51,545.24,549.96,558.20,558.39,566.85,566.44,569.97,572.92,579.99,581.76,587.06,591.19,589.21,593.15,600.80,603.16,602.96,609.05,610.62,616.50,625.85,622.91,631.73,625.84,823.16,636.13,640.57,647.93,656.76,661.17,663.14,671.97,671.97,669.52,669.04,677.85,683.76,688.18,683.27,687.19,696.51,700.44,703.89,713.70,711.25,716.16,718.11,721.55,723.51,726.95,723.53,733.82,740.70,740.68,734.31,745.11,749.04,
757.00,504.70,504.07,510.60,515.71,516.98,528.00,527.39,534.18,535.24,539.64,544.07,547.04,550.07,555.45,557.37,559.95,560.56,567.29,571.29,570.04,573.25,575.71,584.99,593.71,587.23,598.74,592.42,776.41,603.66,609.83,611.24,625.00,625.12,625.12,638.32,632.00,632.00,630.62,642.53,644.77,653.93,649.84,649.68,660.65,665.13,663.17,673.39,674.96,678.06,682.11,685.77,685.89,692.37,685.06,693.90,703.45,708.80,700.78,707.94,710.76,
758.00,463.35,464.53,469.23,472.03,474.00,485.73,485.01,491.42,490.93,495.75,498.48,503.17,507.09,509.93,514.93,513.38,515.41,521.64,526.71,524.74,528.35,523.68,541.21,548.91,537.28,549.14,551.75,715.63,558.80,561.05,561.81,576.62,570.94,575.69,593.34,584.49,582.69,581.54,591.60,590.50,604.33,600.22,606.07,608.32,611.21,610.17,619.02,622.08,627.82,633.83,629.95,637.71,637.76,631.92,640.60,649.56,654.59,653.16,654.48,658.36,
759.00,417.05,420.26,422.17,425.25,428.60,438.90,436.61,441.92,445.73,445.80,449.93,454.13,455.51,458.93,463.78,465.95,465.23,472.32,476.91,478.75,479.34,474.45,488.07,494.31,487.74,502.02,497.26,652.68,507.44,509.90,511.05,517.12,522.70,525.49,537.80,529.43,531.07,529.76,539.60,540.75,539.28,546.17,554.05,551.91,552.73,554.37,566.03,564.88,571.93,577.84,567.50,583.75,576.37,575.87,586.54,589.99,599.18,595.07,595.89,596.22,
760.00,369.13,373.95,376.45,379.05,381.59,388.16,388.61,390.75,397.04,397.20,399.56,404.32,405.48,409.44,411.96,418.19,415.12,422.08,424.45,428.55,428.37,430.69,443.89,440.76,438.41,444.54,447.45,586.57,450.89,460.48,458.51,460.31,468.03,465.68,473.52,470.90,470.39,474.89,483.38,490.45,485.52,489.29,501.34,496.58,496.37,501.73,514.33,506.83,517.29,519.86,512.57,526.16,519.43,518.06,528.13,531.91,541.00,539.97,535.85,538.59,
761.00,332.46,337.17,338.99,342.98,342.40,347.38,347.69,350.85,355.26,357.48,359.85,364.98,366.96,368.15,373.07,376.81,372.34,379.36,381.98,384.01,388.39,395.09,400.79,403.07,393.57,399.05,406.19,524.21,404.59,416.45,419.26,419.03,418.42,412.88,429.97,428.53,423.14,431.49,436.59,445.70,440.38,444.49,455.74,453.23,455.36,456.19,468.58,461.28,471.39,469.72,465.24,477.24,478.15,476.56,478.84,485.07,487.73,494.65,487.58,489.33,
762.00,313.02,317.59,317.97,321.80,323.65,330.32,328.80,332.37,333.68,336.31,337.71,342.65,347.08,346.02,353.48,354.01,351.96,356.57,362.80,364.38,368.60,373.54,374.53,378.65,371.56,378.33,387.24,496.15,383.80,385.89,403.08,393.82,397.66,393.70,410.84,408.03,399.44,414.33,413.30,421.89,419.76,423.72,430.29,429.14,430.80,432.78,443.99,434.92,448.78,444.82,438.57,447.28,459.36,454.41,452.90,457.70,463.64,466.29,466.96,464.31,
763.00,309.30,312.16,316.14,319.39,322.50,325.89,324.85,328.43,330.50,333.68,333.25,340.78,343.91,342.10,348.81,350.35,351.06,353.58,359.33,362.83,366.56,372.65,373.10,377.68,370.92,378.68,379.80,495.14,379.54,378.68,400.67,389.67,395.24,397.69,404.58,408.62,399.74,417.24,404.77,420.67,416.63,420.35,425.45,423.39,431.41,432.60,441.47,435.45,443.20,442.34,433.46,440.61,455.93,455.32,455.26,455.19,458.24,461.22,464.20,458.30,
764.00,319.11,320.18,325.32,329.90,330.24,332.63,334.86,335.38,338.91,344.29,343.77,349.98,351.93,353.64,358.39,360.95,359.52,364.65,365.80,369.91,375.90,385.16,386.45,384.74,380.75,386.45,390.32,509.19,388.20,388.03,412.00,401.72,402.02,410.01,413.00,419.58,410.88,423.57,419.45,429.69,427.99,427.28,433.98,433.44,440.26,444.97,452.67,447.38,450.67,449.96,445.84,454.83,460.95,465.95,465.53,462.66,468.94,469.65,474.23,472.81,
765.00,335.69,336.29,341.11,347.56,346.73,353.02,352.79,354.81,354.54,364.25,363.05,366.67,371.34,372.88,379.77,379.73,379.55,381.53,385.98,386.96,392.81,399.21,401.71,403.23,400.77,408.78,409.75,531.97,412.87,406.25,429.85,426.42,419.35,426.39,434.47,437.41,433.43,443.03,440.43,443.48,450.62,450.55,450.44,455.58,466.11,464.62,469.06,468.68,468.61,472.14,472.63,476.13,483.24,484.21,484.24,481.15,492.21,488.23,494.22,497.83,
766.00,358.47,360.19,368.06,371.21,372.42,378.29,379.19,383.13,379.19,388.70,388.28,391.52,397.59,396.99,404.87,402.94,407.70,405.68,413.05,412.84,419.42,419.18,424.99,430.54,429.79,439.87,440.39,567.47,441.40,433.83,449.74,454.80,446.94,455.55,465.14,464.65,467.42,471.72,469.96,468.20,483.10,478.05,480.59,482.87,496.47,492.95,493.21,501.53,496.99,504.07,501.29,506.09,512.15,517.96,514.18,513.92,521.75,517.70,525.30,529.34,
767.00,386.45,388.15,397.06,400.69,401.57,403.60,405.66,409.73,410.05,417.00,416.99,421.06,422.76,427.11,432.84,432.44,436.91,439.29,440.19,443.40,448.33,447.03,453.17,461.33,465.25,473.44,471.47,612.55,473.56,471.38,481.64,480.71,481.58,490.88,494.92,492.89,503.95,504.04,501.98,498.93,506.17,509.07,512.18,508.23,526.39,527.40,527.34,536.52,525.43,534.58,531.50,539.55,543.67,548.76,553.72,552.74,554.80,550.70,555.94,557.91,
768.00,413.09,415.46,423.80,428.87,426.42,431.49,431.98,435.66,438.69,446.37,448.82,447.60,450.95,457.58,459.95,462.65,463.55,466.99,468.63,471.32,474.43,477.91,485.06,486.29,492.43,504.09,499.79,651.53,499.79,510.01,507.36,510.83,510.83,517.39,518.20,518.39,530.89,529.23,538.65,530.06,536.59,539.26,542.33,539.04,556.23,557.66,560.53,569.32,555.62,566.87,568.91,576.68,573.41,579.74,590.18,585.47,588.14,590.59,588.34,590.79,
769.00,434.51,439.63,448.50,450.62,449.80,455.73,454.38,463.37,461.43,469.78,476.23,472.94,478.70,482.76,487.64,484.70,488.99,493.86,494.74,496.74,502.73,501.36,512.52,512.81,513.25,529.57,524.12,683.07,523.53,538.67,534.99,545.71,538.08,537.20,544.97,547.92,555.27,558.05,564.97,559.08,568.78,569.37,576.72,575.54,586.85,585.38,588.03,597.00,584.94,594.94,602.71,606.54,604.33,609.03,617.26,617.26,615.93,622.40,619.60,621.37,
770.00,457.40,460.19,468.34,468.61,470.11,474.28,474.26,483.66,485.26,490.01,497.30,495.10,498.45,501.31,506.69,507.36,510.55,515.78,518.12,522.66,525.19,521.47,534.52,535.28,535.60,552.83,546.98,713.82,550.44,558.72,564.57,568.39,564.21,565.57,570.78,573.53,578.70,581.13,587.34,580.09,590.84,595.26,599.76,601.15,606.68,609.39,608.39,617.03,613.17,617.67,625.94,627.38,631.12,632.87,636.33,642.50,643.18,648.39,647.99,645.65,
771.00,473.15,477.21,483.51,486.70,487.53,491.55,490.91,497.63,505.81,508.09,513.88,513.04,515.54,521.50,522.53,527.99,530.34,534.98,535.22,542.89,544.24,542.82,559.24,554.27,555.19,570.51,560.10,747.51,568.06,579.03,584.72,585.64,586.68,588.64,586.38,596.98,599.98,604.39,602.18,604.02,605.56,616.89,616.64,617.13,623.14,629.26,626.26,635.76,636.56,641.52,646.97,643.05,649.55,651.63,655.06,662.72,659.96,672.76,669.09,668.84,
772.00,488.04,492.66,499.79,500.34,500.72,504.16,504.86,511.29,518.19,522.52,529.60,528.95,530.95,536.36,537.76,544.28,544.75,548.94,550.24,555.18,562.36,564.22,580.76,570.74,564.57,582.51,573.89,762.24,582.74,593.81,601.96,608.13,599.28,603.36,601.26,613.96,610.70,614.77,621.18,628.63,621.18,630.50,635.74,638.42,636.79,651.70,641.91,649.37,655.66,658.69,659.97,662.06,655.66,665.91,670.33,677.55,675.57,692.11,685.71,687.22,
773.00,497.39,501.73,508.61,508.76,512.15,516.22,515.80,525.09,528.33,533.65,539.00,540.41,542.94,545.47,550.39,555.04,557.71,560.51,564.19,566.57,575.29,574.93,587.95,583.37,578.47,592.16,587.61,776.46,596.38,604.44,611.15,619.95,612.21,612.21,615.75,625.23,626.98,628.08,632.93,637.53,636.85,647.02,646.66,658.29,651.98,664.62,654.40,663.58,670.95,671.28,678.33,675.14,670.99,677.63,681.85,689.22,689.93,701.88,698.37,705.08,
774.00,503.12,508.64,514.52,517.55,520.95,522.59,524.95,531.98,536.89,542.41,543.14,548.54,551.99,552.48,555.09,562.06,567.58,566.12,572.07,574.43,582.31,579.86,592.14,593.95,588.96,600.78,601.23,789.21,603.81,607.45,614.88,622.31,621.55,622.00,629.58,635.19,640.19,637.92,635.19,644.14,646.72,652.63,657.48,662.03,665.36,674.00,660.51,678.39,683.70,680.82,683.40,681.28,682.95,692.19,689.62,700.37,698.41,709.02,709.62,716.30,
775.00,508.81,513.42,521.96,525.29,523.93,526.40,531.10,534.86,542.72,548.27,548.70,555.27,557.24,560.40,559.63,567.06,570.73,574.75,573.21,578.76,587.47,586.36,595.97,601.10,595.55,604.30,606.22,796.91,605.80,613.70,619.03,620.96,626.93,633.13,638.68,638.04,646.37,647.22,644.23,653.41,648.29,655.55,663.02,657.68,670.71,677.54,670.92,685.23,686.08,686.51,684.38,687.36,691.64,701.67,696.76,712.56,705.73,712.56,718.75,719.39,
776.00,513.11,515.64,525.08,527.33,526.85,532.08,536.37,538.90,544.90,554.38,553.51,557.81,563.50,565.52,564.73,569.40,572.86,578.34,579.31,582.74,588.28,589.78,598.28,598.44,594.15,604.79,612.38,799.20,612.35,617.78,619.93,623.12,629.54,633.67,637.15,637.22,645.59,646.79,652.00,656.46,653.34,655.39,662.94,660.69,674.86,682.15,684.30,689.87,686.48,689.61,690.87,697.45,697.32,707.02,705.82,713.37,709.14,715.52,723.04,718.74,
777.00,512.97,514.15,524.55,528.42,529.74,535.89,540.00,542.49,545.61,554.26,552.86,559.46,567.02,565.39,567.45,565.84,574.81,576.65,581.61,585.30,589.19,586.71,593.76,602.17,596.20,603.25,612.98,796.72,611.90,618.86,622.43,627.84,625.39,628.63,640.86,644.05,646.17,648.38,652.70,658.62,663.28,657.31,666.99,660.27,683.25,679.96,685.65,695.61,687.25,685.88,695.95,705.39,700.83,712.96,707.27,714.32,714.89,717.28,727.06,721.61,
778.00,514.96,516.92,526.49,530.84,533.24,536.08,541.95,541.96,548.26,552.84,551.32,560.24,565.48,565.46,566.98,566.76,574.16,579.59,580.48,586.77,588.98,582.23,590.93,601.83,597.98,605.06,615.96,796.58,621.37,613.23,628.47,626.32,626.29,634.98,645.88,645.88,642.61,647.52,655.12,656.24,663.86,659.51,663.87,658.97,681.30,676.92,681.81,688.34,687.22,683.97,697.56,701.95,707.37,710.12,703.02,712.81,721.52,716.08,726.96,723.68,
779.00,516.61,518.24,525.86,533.34,532.83,538.36,542.98,541.03,547.65,552.99,552.55,558.85,562.55,565.82,567.89,570.08,573.95,579.72,581.03,587.41,586.14,585.54,594.12,599.90,602.58,604.58,606.40,803.68,621.51,618.60,625.40,627.59,624.31,637.64,639.76,642.14,640.44,651.89,654.68,658.46,660.46,660.16,655.78,656.27,678.78,675.50,680.67,687.85,684.87,688.83,698.81,701.00,708.37,707.57,704.47,711.95,721.02,714.64,723.82,724.50,
780.00,514.38,517.86,524.50,531.16,534.95,539.91,542.21,545.05,543.90,550.64,553.19,559.79,563.34,565.11,571.63,570.42,574.36,578.33,581.86,584.13,587.56,588.23,599.27,600.42,598.36,604.79,604.88,801.22,620.24,624.55,625.75,632.18,620.19,633.48,635.73,642.45,639.09,646.87,651.33,661.07,661.16,655.65,654.54,662.07,673.40,676.52,679.92,688.70,686.45,688.75,699.74,703.10,699.79,701.04,708.47,713.03,723.82,708.66,718.55,718.64,
781.00,514.68,518.79,525.38,528.83,535.50,536.86,540.14,544.51,544.57,546.40,553.66,560.63,559.58,561.88,571.12,571.54,574.32,578.13,581.88,582.13,589.28,588.03,591.10,601.80,608.41,608.62,605.56,794.37,621.55,621.19,632.04,634.69,623.56,628.43,634.48,640.94,637.60,648.18,650.53,656.30,662.91,657.62,656.09,669.11,673.41,672.50,677.86,685.85,689.88,692.74,701.84,701.90,700.73,696.28,707.19,710.11,728.60,708.73,712.13,721.86,
782.00,514.86,520.11,522.49,528.11,535.13,535.18,539.10,541.27,546.14,545.71,553.27,558.21,557.24,559.28,569.55,575.45,574.04,579.42,580.32,581.10,587.69,585.46,591.54,599.22,614.93,614.93,603.59,798.32,622.02,615.58,629.22,629.87,628.40,629.05,634.66,639.32,638.03,652.79,642.21,652.61,661.64,655.21,658.70,674.11,674.11,675.53,673.81,686.28,691.89,700.09,701.86,702.16,702.64,700.04,706.18,709.84,723.01,710.02,710.49,721.71,
783.00,512.78,519.12,523.06,526.26,530.62,534.23,537.55,539.96,544.80,545.41,555.36,557.92,557.62,560.65,569.87,575.30,572.31,578.02,579.07,577.43,587.52,589.22,596.09,602.84,615.34,617.56,601.71,798.79,617.21,619.05,628.54,628.15,630.33,632.29,634.98,637.99,640.99,653.84,640.25,656.07,654.62,653.02,660.99,670.48,672.66,682.11,673.05,684.42,688.59,698.01,692.73,696.52,697.26,703.28,704.41,710.42,720.26,708.16,712.69,718.35,
784.00,511.66,518.41,523.94,521.10,530.29,532.32,536.84,539.58,544.51,542.88,553.75,557.76,557.40,560.45,570.96,572.18,571.87,576.29,580.30,574.82,585.38,589.87,593.05,602.06,612.72,613.61,607.39,794.24,617.29,618.43,629.60,624.91,632.02,631.26,632.14,634.81,636.97,643.44,639.38,651.06,652.83,650.80,661.85,666.80,673.14,681.14,675.17,680.13,689.14,693.96,689.14,692.57,691.68,701.70,709.19,709.83,720.24,713.89,713.13,717.95,
785.00,510.23,516.80,521.29,518.70,528.38,528.26,536.04,536.56,544.39,541.22,548.83,553.15,557.24,555.57,565.65,567.21,571.88,571.07,579.02,574.92,583.97,585.45,585.01,602.71,612.96,612.37,607.04,792.25,612.66,614.40,625.19,627.78,632.10,624.18,631.94,638.15,636.71,639.02,641.32,651.55,656.58,652.98,666.53,666.95,676.45,680.49,673.16,677.76,693.89,687.99,685.10,695.47,683.81,704.55,705.70,701.96,713.62,717.22,715.20,717.36,
786.00,508.01,514.89,519.04,518.91,523.16,523.96,533.13,532.66,542.26,541.70,545.98,551.93,554.69,555.35,562.56,563.19,567.08,569.91,573.59,573.63,581.17,580.27,586.42,602.61,603.36,611.17,605.03,791.92,615.49,611.26,624.38,622.63,629.45,629.78,639.17,638.33,637.59,635.59,641.41,646.06,652.95,655.78,662.25,663.42,678.95,676.29,665.74,670.89,689.17,682.85,683.69,689.75,683.77,702.29,696.48,700.38,708.85,711.84,713.92,720.57,
787.00,506.12,512.80,517.50,515.64,518.44,521.16,529.25,529.72,537.70,540.89,544.37,548.61,553.29,555.17,557.73,560.81,564.29,568.51,571.23,571.52,577.26,584.62,583.70,595.66,594.27,602.53,600.62,797.44,609.06,613.02,615.67,617.98,623.63,628.33,633.28,635.37,634.90,632.33,640.29,644.03,646.64,654.38,651.81,655.82,671.30,669.21,663.99,667.56,687.26,679.74,678.35,681.17,683.04,701.40,690.57,701.57,700.18,704.40,713.58,720.62,
788.00,502.42,507.48,512.70,510.72,514.27,518.00,524.82,527.09,532.64,536.92,539.22,542.78,551.47,553.29,553.93,554.58,560.89,561.22,569.12,568.96,571.74,580.54,580.91,590.24,582.91,591.22,595.36,786.52,597.93,611.20,611.98,619.26,618.52,620.49,628.59,635.14,626.63,625.24,639.07,642.27,642.47,644.64,648.98,651.76,665.80,663.02,661.63,662.24,681.65,678.45,676.08,676.28,677.47,692.90,688.36,704.77,694.09,698.84,706.98,714.68,
789.00,499.42,503.77,509.42,509.12,512.27,511.46,520.37,522.32,530.70,534.33,534.94,540.25,547.66,546.53,546.92,551.24,557.90,560.10,564.63,567.72,569.76,572.40,570.31,583.06,573.76,586.97,593.20,774.39,596.65,603.40,609.71,619.24,617.07,614.74,625.47,633.58,627.65,624.50,638.38,637.26,637.56,643.41,646.79,653.17,661.50,656.62,659.92,656.70,675.76,675.76,680.79,677.04,678.47,686.72,684.32,701.21,686.65,696.33,698.58,706.99,
790.00,498.37,499.97,503.22,509.20,508.03,510.41,515.31,515.51,530.27,531.53,532.99,537.75,540.27,545.42,542.61,550.91,554.79,560.14,561.11,566.30,563.15,567.42,575.92,571.18,571.91,584.54,587.94,771.37,589.39,591.70,599.10,609.67,615.25,615.13,626.54,625.33,623.63,627.27,625.81,631.03,634.67,639.89,644.75,648.88,661.14,655.31,653.37,656.53,671.09,674.49,680.81,676.31,679.47,683.60,681.17,701.32,683.60,692.95,694.04,703.87,
791.00,492.24,496.23,499.39,503.77,506.85,511.45,511.57,514.46,522.91,527.74,531.02,533.92,538.29,543.72,543.07,548.09,550.58,555.74,558.75,561.81,560.71,564.03,576.84,569.50,568.75,577.50,581.09,769.55,584.28,593.34,589.00,607.47,607.56,619.15,623.30,620.76,625.09,628.20,622.73,632.62,628.11,633.28,642.90,642.15,649.77,655.81,649.77,652.70,667.31,666.74,670.51,669.76,677.77,678.33,675.97,695.57,685.86,689.63,691.33,698.68,
792.00,488.26,494.89,498.79,502.36,507.84,509.39,508.18,514.10,519.27,523.60,526.74,531.34,532.17,537.76,542.48,543.69,549.66,551.97,558.71,559.43,559.05,557.43,568.82,565.40,567.59,577.02,581.01,756.78,592.00,590.77,591.16,605.31,607.10,613.55,613.83,613.16,621.36,623.43,620.68,627.70,628.77,630.17,643.30,636.73,650.32,654.98,651.39,650.04,663.90,659.52,666.09,665.41,671.31,669.12,678.83,689.15,683.26,690.50,683.54,693.53,
793.00,488.92,493.41,494.39,504.35,507.83,507.86,508.81,510.82,520.24,522.74,523.73,532.18,525.71,531.20,539.67,542.65,548.61,551.09,555.06,557.06,557.06,549.60,562.07,563.33,569.50,579.47,581.95,754.75,591.92,583.13,585.70,599.34,601.83,606.77,610.56,613.01,617.97,624.24,614.28,629.15,636.67,629.19,642.84,635.43,650.34,649.07,651.51,651.56,666.47,659.01,664.00,673.95,670.21,663.98,676.44,676.40,682.67,688.87,676.41,680.18,
794.00,486.81,489.94,493.69,502.20,504.70,508.58,504.70,510.08,513.21,521.84,523.84,529.10,523.09,532.48,541.11,542.98,543.36,548.49,549.87,552.37,555.12,548.61,568.01,566.75,572.39,580.51,578.33,752.54,594.60,578.32,585.52,596.17,600.53,604.92,612.11,607.42,617.11,626.49,613.98,622.74,636.82,629.63,637.13,635.88,650.59,645.89,640.89,647.45,662.78,657.77,661.22,667.79,670.59,659.65,673.10,668.10,685.30,688.74,667.78,681.22,
795.00,486.16,489.44,495.50,499.03,503.27,507.81,505.30,513.32,509.81,520.64,524.41,528.21,524.91,531.21,541.26,541.79,541.27,546.32,548.29,549.35,555.88,551.68,563.00,569.33,568.71,579.39,578.75,756.82,595.13,584.36,585.68,591.33,597.00,602.72,607.75,605.81,614.65,630.97,615.23,623.43,633.49,625.33,631.01,631.01,644.20,641.07,635.36,647.36,661.82,661.14,654.95,658.08,673.75,662.43,671.88,664.88,680.04,686.91,669.94,680.69,
796.00,489.13,488.62,493.40,498.24,503.30,505.97,506.80,513.71,510.81,519.82,522.45,524.29,527.27,528.48,538.38,540.03,543.39,542.29,548.22,548.73,554.66,553.12,560.15,567.74,567.39,578.44,579.35,751.84,589.04,584.76,589.13,596.38,593.40,593.97,604.10,609.86,607.55,625.39,619.86,623.78,634.25,619.98,629.76,631.60,640.23,638.97,638.27,645.87,660.49,663.93,650.71,657.26,672.10,659.44,677.38,669.92,676.59,682.92,675.33,676.24,
797.00,487.29,484.85,490.85,498.46,501.04,504.13,507.59,512.70,512.15,520.29,521.80,526.41,527.94,528.95,536.11,540.12,539.73,544.19,542.81,548.32,554.40,548.13,561.97,568.42,565.79,577.23,582.36,748.92,589.85,581.14,589.94,598.98,593.71,592.44,605.29,607.84,604.11,621.82,624.27,616.88,628.18,622.86,628.18,636.99,638.35,637.08,635.85,642.12,656.20,666.28,657.19,659.83,670.18,659.92,680.17,663.78,675.22,681.53,671.32,670.23,
798.00,486.01,486.21,490.40,493.87,499.49,501.23,504.50,511.34,508.99,521.66,524.01,525.84,530.54,532.18,533.30,541.87,539.02,545.76,543.52,549.13,554.64,552.26,567.56,562.45,568.34,575.48,576.47,757.27,586.19,581.88,587.72,599.47,590.28,593.87,606.61,602.54,611.74,618.62,623.73,610.46,631.13,623.99,629.87,636.23,641.34,639.30,631.64,644.43,657.44,667.37,658.45,663.30,666.37,664.08,681.43,667.91,671.48,683.47,676.35,670.20,
799.00,482.75,485.94,487.30,490.04,497.61,499.78,505.36,511.52,508.50,519.78,524.28,521.72,532.08,531.80,534.47,538.18,540.29,542.17,546.38,547.53,554.65,559.34,568.46,564.05,566.19,573.73,571.17,758.47,578.15,589.68,582.71,600.36,582.42,597.38,602.79,603.93,612.34,615.19,625.58,614.04,622.17,624.15,629.71,631.00,633.84,641.67,630.56,647.52,658.48,661.05,656.34,659.91,664.89,666.60,674.01,667.88,675.00,678.28,680.70,674.29,
800.00,478.31,485.00,486.79,490.53,497.55,495.62,503.37,510.23,508.74,518.33,519.66,519.20,529.82,528.28,533.38,533.08,537.52,541.34,546.44,548.55,554.21,559.50,555.98,559.91,565.53,573.79,571.62,750.02,578.81,587.41,585.72,599.00,585.31,593.38,592.02,598.46,611.06,600.97,628.54,615.33,617.83,620.82,624.34,627.32,635.92,642.77,636.87,645.81,656.93,659.91,659.97,659.50,659.84,664.24,672.44,669.33,669.73,677.52,683.08,677.52,
801.00,476.29,484.73,486.24,494.31,492.56,492.44,499.72,505.97,510.42,515.71,518.82,517.86,523.59,526.57,529.79,536.04,533.77,542.60,544.79,549.84,551.91,554.60,556.89,553.40,566.04,571.60,574.18,750.00,580.45,580.75,577.16,600.14,587.01,588.41,588.50,598.45,610.19,598.65,620.63,619.14,621.72,622.02,625.70,629.58,636.34,642.51,641.31,650.46,660.51,653.14,660.60,663.19,651.55,663.29,665.97,667.26,669.56,673.63,678.90,675.02,
802.00,476.83,482.46,487.13,490.24,490.33,493.45,498.12,504.96,506.52,515.18,522.28,515.78,524.79,530.07,531.28,534.22,532.06,540.54,544.61,547.12,551.45,557.72,563.35,560.97,567.90,571.14,568.33,752.07,575.04,580.23,580.23,596.26,587.80,595.82,596.68,601.01,613.78,601.23,614.65,620.92,620.71,621.79,626.55,634.34,637.16,642.78,639.54,647.97,659.88,648.84,662.26,664.64,651.86,656.85,657.06,671.13,669.62,676.54,677.20,675.46,
803.00,476.29,482.05,489.75,491.32,491.74,493.17,500.28,508.00,508.62,510.92,521.85,516.34,524.57,528.22,531.44,534.68,533.02,540.30,546.69,546.79,551.16,560.97,558.61,558.08,562.52,566.43,572.46,753.34,578.69,581.83,579.46,594.33,589.65,597.18,598.48,602.39,608.38,602.39,608.91,625.37,613.35,620.64,621.94,634.73,632.90,642.02,637.87,650.86,658.97,648.54,659.98,664.71,661.33,663.41,657.13,670.70,664.71,675.91,676.73,678.52,
804.00,479.22,486.05,491.62,494.76,494.08,494.76,501.06,506.50,513.59,510.42,520.57,518.97,523.18,527.37,526.22,536.94,535.34,540.44,548.47,549.86,551.06,558.37,556.61,557.84,566.08,563.99,578.76,750.96,578.83,582.23,586.61,600.07,593.60,590.53,602.76,608.91,603.61,603.61,609.75,630.74,618.06,616.75,624.53,638.52,629.37,639.37,647.21,648.06,654.28,650.22,652.51,665.06,662.51,661.66,661.14,672.05,665.91,675.91,682.51,677.74,
805.00,481.79,486.33,492.45,495.55,494.67,500.04,502.84,504.47,512.16,512.23,523.08,520.04,523.42,530.71,526.87,540.63,537.65,542.26,545.11,548.21,551.88,553.89,564.99,566.87,571.69,561.77,577.94,753.21,583.65,582.76,596.34,604.93,594.57,596.63,610.03,611.63,601.13,607.41,613.68,625.18,619.08,619.08,628.83,648.23,629.72,638.02,649.54,645.61,651.43,649.54,658.16,667.91,660.18,657.42,667.48,670.82,668.20,680.61,677.53,674.90,
806.00,483.37,485.17,495.03,493.00,499.46,504.06,505.12,505.78,510.45,512.49,524.47,523.56,525.80,531.77,528.89,542.07,538.52,544.10,545.58,547.05,551.72,558.47,560.93,567.51,570.32,565.84,575.42,760.96,578.05,582.88,598.24,597.81,591.22,600.62,616.42,612.30,608.70,615.64,611.33,620.37,621.34,619.23,632.23,651.28,635.83,636.00,645.05,649.71,652.16,653.13,660.85,672.88,662.17,660.07,671.21,668.76,672.88,681.75,678.51,667.62,
807.00,482.83,488.12,491.43,495.53,501.22,504.33,505.92,505.85,512.20,509.89,520.47,521.99,526.76,526.76,528.28,538.59,540.39,539.39,547.00,545.48,550.45,561.03,554.74,569.47,572.44,563.35,574.59,752.72,575.09,588.32,593.79,598.76,587.00,602.05,613.61,609.81,607.17,619.58,618.43,622.72,618.58,618.25,632.81,644.04,631.16,632.81,642.57,653.16,651.16,654.48,654.48,662.39,660.59,662.09,665.89,668.53,678.30,677.80,677.47,671.03,
808.00,479.93,483.46,486.18,496.61,497.82,503.60,502.13,502.33,510.36,509.50,516.09,520.94,523.20,525.00,526.72,531.91,537.23,536.95,540.43,544.67,551.51,554.55,547.07,571.83,572.15,569.13,570.82,739.33,574.30,584.62,598.23,600.07,588.93,597.91,600.75,603.92,604.06,614.87,619.36,617.21,613.54,614.69,630.14,635.82,631.97,630.64,648.57,652.24,646.27,659.71,650.58,652.10,659.07,662.23,661.54,667.36,676.03,676.67,680.84,675.34,
809.00,476.37,475.91,480.95,490.70,492.30,498.70,499.02,498.41,503.58,506.63,513.81,517.52,516.38,523.10,524.55,528.89,531.92,535.05,533.38,542.91,545.72,545.66,547.97,562.03,571.18,568.52,564.87,735.23,571.54,570.57,585.24,595.55,584.70,590.40,590.03,598.65,601.32,609.86,608.71,614.22,614.83,611.37,627.20,632.53,632.89,627.38,644.54,649.08,646.66,655.75,647.20,646.05,649.51,657.69,657.69,665.69,666.42,671.03,675.21,667.39,
810.00,470.92,469.13,470.62,481.85,484.64,490.83,491.00,493.97,495.70,497.90,506.93,508.00,512.87,517.15,517.27,521.62,524.22,526.36,529.63,532.72,537.24,542.88,543.17,551.65,562.20,562.20,552.84,726.38,560.11,563.98,574.38,587.61,572.73,589.24,590.43,591.91,602.17,607.96,595.63,603.95,606.33,610.92,619.41,621.79,630.25,617.17,631.59,639.46,642.72,646.88,640.05,638.71,648.22,650.75,645.54,659.81,655.80,662.78,664.12,661.59,
811.00,458.63,460.43,460.50,472.61,475.44,476.98,479.73,485.98,485.85,487.46,494.02,497.04,501.52,505.50,505.43,505.62,514.93,514.39,520.29,522.31,529.28,531.11,532.84,535.99,551.21,549.01,538.84,708.04,555.24,558.00,567.38,573.61,571.80,578.80,574.31,583.77,586.07,595.36,583.86,595.45,591.82,603.02,604.83,599.86,616.42,607.04,612.40,623.99,630.77,642.75,625.72,629.82,641.58,644.65,635.66,649.15,641.89,653.09,653.56,654.51,
812.00,445.12,448.45,450.39,459.73,460.49,459.84,466.40,469.40,472.52,477.89,480.68,483.26,482.40,493.58,489.07,492.93,500.24,502.82,505.72,509.80,515.49,511.41,520.01,514.37,539.08,533.71,529.94,695.40,542.57,545.26,551.70,562.71,557.88,554.66,556.00,576.68,570.50,575.88,566.74,580.44,576.41,586.08,590.65,583.93,598.71,593.60,600.59,602.74,615.63,625.83,605.69,612.94,628.25,628.25,623.15,634.43,630.67,635.77,640.61,642.49,
813.00,431.97,432.92,436.24,440.91,444.31,446.13,451.06,453.29,453.63,465.96,466.87,466.50,468.57,482.03,472.88,478.59,484.39,487.91,488.20,491.47,497.14,491.26,511.75,505.44,523.56,512.07,511.66,681.00,525.83,531.22,536.39,544.16,540.84,541.36,546.02,564.65,555.23,559.68,557.50,560.51,560.82,575.00,574.69,573.86,579.87,577.38,584.83,581.21,599.84,603.16,597.46,598.50,605.64,605.64,615.37,613.92,609.89,618.68,619.51,627.17,
814.00,413.53,420.01,424.38,426.39,428.21,427.91,434.59,440.33,436.75,448.53,451.03,452.35,455.00,465.16,460.35,463.59,465.36,471.20,471.40,471.15,480.23,482.49,493.66,492.06,499.92,498.32,500.41,665.94,508.26,515.50,522.49,517.46,526.91,525.81,529.49,547.16,541.76,546.18,536.36,540.41,547.16,557.83,553.91,557.71,565.93,562.13,567.28,570.48,582.13,584.71,583.73,594.28,587.65,586.43,600.05,594.40,595.88,597.10,595.88,600.90,
815.00,399.50,409.80,413.42,414.70,414.32,413.97,421.21,422.45,427.38,432.44,434.06,438.77,439.32,446.55,444.19,446.36,451.99,455.06,457.95,457.41,463.93,465.19,478.76,480.14,483.73,478.32,489.65,643.04,488.70,510.45,502.76,499.63,508.63,507.73,512.71,532.59,520.85,531.25,526.30,529.46,525.36,537.14,536.71,538.04,542.57,550.28,552.54,556.15,559.76,567.01,564.30,572.40,571.09,569.73,581.05,577.90,585.56,579.23,578.31,582.89,
816.00,390.39,395.94,402.48,401.16,400.06,406.93,411.22,408.25,414.58,421.63,423.60,427.76,427.02,437.30,434.34,434.56,438.34,444.34,442.50,445.15,453.24,446.87,469.60,475.08,465.49,463.55,483.07,622.62,477.25,490.25,492.33,495.87,492.66,490.96,499.75,513.55,507.97,512.98,518.13,517.33,512.89,521.20,521.44,524.18,529.33,540.06,544.64,543.37,543.13,554.00,553.20,555.70,559.81,554.90,565.86,565.86,571.58,566.90,563.59,575.13,
817.00,382.40,387.03,397.41,393.14,393.98,403.70,404.35,406.02,408.06,412.60,420.01,422.14,423.53,430.29,429.55,431.31,429.46,438.44,434.74,439.83,442.33,445.11,464.80,465.26,458.31,460.40,476.15,614.17,466.88,472.44,483.79,488.65,480.78,484.48,493.98,504.86,503.24,504.17,507.87,514.59,513.20,517.37,520.61,520.61,525.01,534.74,540.06,534.97,531.73,546.32,545.62,550.95,550.02,545.85,556.97,559.75,562.53,560.21,559.52,566.70,
818.00,381.03,390.47,396.04,393.49,396.79,402.98,404.02,406.10,411.47,406.56,416.38,418.79,426.20,422.19,429.50,429.36,430.39,432.38,438.70,436.39,440.97,451.51,466.97,466.51,456.94,461.31,474.05,613.75,462.72,472.75,477.11,487.13,475.69,488.21,505.19,500.95,506.27,506.72,506.72,510.86,516.29,519.47,517.94,523.03,531.98,530.45,537.53,529.15,529.15,547.55,544.61,551.80,551.91,540.82,551.80,558.88,567.49,559.22,558.99,561.48,
819.00,382.68,389.42,393.65,396.35,397.51,405.60,403.48,405.01,413.30,408.86,415.03,421.19,427.35,422.93,429.67,425.43,432.94,432.74,440.27,439.10,444.10,451.14,464.64,463.18,457.88,462.67,473.76,603.28,473.27,477.13,481.94,491.09,480.02,491.11,503.63,497.86,500.24,510.38,513.24,517.56,513.73,522.39,519.50,514.69,530.58,529.62,537.32,534.43,531.05,554.18,539.74,554.18,553.69,547.43,552.25,557.06,567.65,565.73,563.80,565.24,
820.00,383.37,384.36,393.35,393.26,396.45,404.17,403.25,406.71,410.11,413.32,417.43,421.70,424.05,423.80,430.26,429.36,433.19,437.30,440.24,441.66,445.53,450.70,461.83,455.11,466.46,468.32,477.52,604.39,481.30,473.34,483.39,496.37,478.98,482.15,497.22,498.07,500.00,504.17,515.07,522.79,514.84,515.45,522.41,518.00,530.37,527.43,537.94,535.00,536.47,556.40,536.47,552.39,554.09,550.07,550.30,555.56,572.55,565.60,562.90,572.55,
821.00,387.42,389.30,391.52,395.44,399.10,404.26,405.63,409.98,411.66,412.77,420.35,419.68,427.27,425.12,433.20,431.93,436.96,439.15,443.69,443.79,445.96,456.74,467.58,463.64,476.02,475.51,474.79,613.68,484.92,475.76,483.95,490.39,484.66,491.31,502.71,498.52,504.20,510.13,517.54,521.28,516.32,517.29,522.76,527.67,532.88,528.18,542.49,539.27,542.24,558.09,543.21,553.39,552.16,549.91,561.00,557.84,569.70,571.90,570.41,578.34,
822.00,389.49,393.02,392.74,400.93,404.45,404.36,410.99,415.20,416.43,415.79,422.24,421.23,429.24,427.22,436.97,434.82,442.55,441.27,449.09,443.92,451.33,465.26,462.62,468.12,472.69,478.75,473.14,624.20,496.59,486.86,487.56,486.29,489.15,504.24,508.14,500.82,509.74,520.60,512.94,520.48,523.12,520.48,522.08,533.63,542.55,529.63,546.79,551.81,554.56,557.08,551.81,566.56,555.93,553.18,567.94,557.42,572.40,575.37,573.66,576.85,
823.00,392.83,394.81,398.15,402.70,406.23,404.86,415.68,417.25,418.83,420.79,425.90,426.52,425.73,433.39,437.75,437.73,445.01,446.00,452.12,452.12,453.28,464.72,463.20,467.15,476.97,478.49,478.97,624.67,497.69,494.25,491.30,493.22,487.87,503.08,506.59,505.59,505.07,525.79,516.89,528.74,519.40,518.85,526.75,534.13,539.52,538.05,542.51,554.81,558.24,551.37,552.33,567.66,556.73,557.76,567.10,559.24,572.53,581.39,574.01,581.36,
824.00,398.68,399.67,402.24,402.84,411.43,411.94,421.53,423.28,419.68,429.37,432.80,428.45,429.71,442.64,442.82,444.40,450.64,454.57,454.40,456.15,457.90,463.07,474.57,476.21,486.87,478.51,484.13,637.26,500.41,495.41,498.55,505.63,491.87,507.31,509.39,509.79,509.79,524.39,526.69,526.26,523.15,523.55,530.23,543.59,543.59,548.19,544.43,552.76,561.96,556.33,559.04,565.28,567.80,565.50,570.50,564.04,575.94,583.64,582.62,585.10,
825.00,400.54,406.10,408.30,409.45,419.24,415.71,426.45,429.63,422.79,430.30,439.22,434.41,434.89,446.33,450.33,450.43,453.04,459.27,457.92,458.80,461.00,469.97,477.42,480.30,486.81,485.06,485.81,657.30,502.83,498.76,501.89,504.27,498.51,511.72,519.36,512.66,516.48,527.30,528.99,526.61,536.63,534.00,537.57,547.46,554.66,553.47,552.03,552.28,567.36,561.16,563.54,573.37,569.05,567.36,575.06,570.49,582.01,589.64,591.33,593.52,
826.00,399.97,410.16,413.46,414.12,420.87,415.82,428.88,430.31,429.49,434.06,440.03,435.11,439.77,446.91,452.44,453.05,455.53,457.18,461.01,461.15,462.41,472.79,481.50,481.17,486.94,481.73,487.17,652.86,495.55,508.50,497.29,507.20,494.79,516.77,525.27,513.83,523.85,528.32,528.32,525.16,534.95,542.25,538.11,549.21,563.26,556.51,552.04,546.71,569.36,557.93,569.25,580.57,575.02,568.16,575.35,573.71,589.28,592.11,590.37,591.89,
827.00,402.68,409.37,414.36,412.14,420.29,418.61,429.72,427.50,429.93,436.93,439.15,436.39,441.20,450.83,451.57,451.19,454.73,459.52,458.81,463.25,466.75,463.79,480.47,477.68,484.62,485.97,488.79,646.16,492.95,506.38,501.26,506.38,504.04,509.64,519.83,508.72,521.18,528.14,536.46,523.96,530.90,540.64,537.39,542.49,558.67,556.37,549.89,551.28,567.94,563.32,567.48,577.20,573.47,571.63,577.66,579.96,591.07,590.63,585.99,592.48,
828.00,400.50,406.16,414.17,411.45,418.89,418.97,427.75,428.35,427.12,433.79,440.16,435.82,443.51,449.77,451.43,453.69,451.49,462.21,455.15,464.25,464.62,460.15,481.32,470.23,483.82,492.97,485.75,651.12,491.18,498.76,499.33,510.99,507.13,501.48,509.85,507.70,522.51,519.71,532.72,528.08,536.23,532.72,538.16,540.30,551.52,550.38,551.03,547.31,562.61,563.61,557.96,565.68,575.40,575.49,570.54,581.27,591.92,584.91,579.70,592.93,
829.00,401.16,406.90,414.05,412.72,418.37,416.17,423.94,425.70,432.86,428.26,438.15,432.94,446.01,444.25,451.58,455.29,448.66,456.96,456.96,461.91,463.06,466.24,483.01,472.20,475.28,494.49,479.70,647.92,483.45,498.24,497.14,504.87,507.74,507.74,515.68,506.63,526.72,518.55,529.81,525.62,536.43,530.70,537.76,545.49,548.80,547.47,555.86,545.27,559.39,563.59,559.84,558.51,570.21,573.74,570.21,582.57,588.09,581.69,577.50,593.39,
830.00,404.51,407.72,414.70,414.61,417.09,419.25,424.88,424.36,435.10,428.71,435.37,436.96,448.13,445.55,451.31,452.82,450.80,456.52,458.44,464.39,464.81,468.84,481.51,471.19,473.77,490.87,476.69,641.62,489.25,497.09,499.90,505.06,507.86,517.72,517.61,508.59,527.81,523.11,519.13,525.69,537.18,530.39,535.78,548.45,553.49,544.69,553.72,549.01,559.21,560.05,561.90,560.27,570.70,576.92,572.10,587.24,589.71,575.97,579.62,589.82,
831.00,407.63,405.78,418.33,414.31,420.16,420.33,424.67,427.02,433.02,432.69,436.71,442.89,446.57,446.24,452.25,455.11,452.59,461.95,459.28,470.81,466.98,468.98,479.44,469.00,478.21,493.21,479.44,645.80,495.31,499.50,507.02,514.99,510.34,514.55,518.71,519.97,523.75,525.39,526.66,534.59,538.35,530.44,540.88,545.45,547.57,547.15,552.14,555.90,563.43,561.36,564.70,560.49,573.50,576.82,573.05,587.68,586.87,581.43,581.00,591.44,
832.00,409.28,409.86,419.34,417.07,422.05,421.96,424.69,430.82,432.67,433.08,438.91,443.79,450.51,446.82,454.21,457.06,454.71,463.00,462.21,471.60,468.47,472.35,484.05,479.17,488.92,489.19,482.10,651.74,498.67,498.22,510.36,523.05,507.47,519.62,516.01,524.04,524.76,517.50,528.19,531.63,536.73,531.85,541.83,549.64,551.08,549.64,552.30,552.07,562.05,569.36,563.04,558.66,578.39,581.05,574.73,584.98,586.43,583.27,587.87,587.42,
833.00,409.01,411.64,418.02,418.68,424.37,422.87,426.08,434.59,433.12,434.80,439.47,446.66,451.47,446.40,457.23,457.09,457.02,462.92,465.15,468.29,470.44,479.25,479.43,485.18,489.74,489.74,482.45,654.53,502.42,499.87,510.79,512.62,502.13,520.20,517.19,521.75,528.50,517.01,525.31,531.05,540.54,535.62,546.75,552.03,557.32,556.78,556.13,554.76,564.43,570.54,563.24,563.06,575.28,574.45,577.11,581.21,591.70,586.59,592.52,594.35,
834.00,409.31,412.54,419.05,420.39,426.34,424.74,429.67,437.52,434.75,438.27,440.90,451.74,450.92,451.70,456.31,457.33,463.57,464.31,468.14,472.99,472.81,479.59,480.06,485.96,495.07,488.03,487.23,654.39,502.91,505.46,509.04,514.02,496.46,520.11,521.39,527.16,532.81,524.29,528.55,532.93,537.43,544.48,550.49,552.08,559.36,558.45,556.82,555.34,565.73,573.22,568.72,572.90,576.12,573.46,583.61,581.54,595.39,594.12,597.94,600.93,
835.00,412.63,416.06,421.59,421.49,429.23,431.51,434.24,441.11,436.88,444.71,445.51,452.35,452.93,457.01,459.13,461.67,467.74,469.47,470.34,474.32,480.23,476.68,485.76,490.25,498.52,490.01,496.27,654.45,503.82,506.71,515.06,522.13,505.27,515.70,519.80,529.92,531.12,532.16,536.34,535.94,537.14,546.13,551.75,549.83,558.50,563.32,555.45,567.09,571.59,576.40,568.54,582.10,579.05,576.16,585.40,585.88,597.84,596.32,600.81,601.21,
836.00,415.84,419.95,423.18,427.05,434.32,435.10,438.86,447.52,440.11,446.20,452.70,457.24,457.78,462.13,465.21,467.67,468.96,474.57,476.69,475.35,483.30,481.19,492.79,493.64,503.49,498.93,502.64,666.54,506.10,503.66,517.46,520.74,513.58,513.09,522.08,529.98,531.08,535.88,538.07,542.44,543.96,543.71,555.57,552.71,559.27,564.07,555.14,567.60,573.25,577.20,566.51,579.81,582.91,580.73,579.81,589.30,599.25,597.98,605.04,606.13,
837.00,419.70,424.75,428.26,432.41,438.27,438.85,443.32,449.39,447.36,449.28,456.03,459.66,460.77,465.02,468.59,472.89,473.00,475.94,481.99,478.84,485.65,486.21,502.54,500.83,503.23,503.37,508.41,670.24,508.69,507.07,517.20,521.18,520.11,524.46,533.80,534.08,534.73,543.24,543.38,544.86,550.55,550.41,559.47,560.26,562.52,565.85,562.25,569.69,578.62,580.61,571.68,582.60,587.92,582.36,585.51,595.64,598.97,601.74,608.13,613.31,
838.00,426.57,427.81,433.19,437.17,442.96,444.57,447.31,449.27,451.91,455.32,460.81,464.63,466.34,470.94,471.15,474.87,478.23,480.67,487.02,486.15,492.66,490.28,505.28,500.89,504.90,506.32,518.60,670.26,518.21,514.47,527.78,524.68,531.92,533.60,540.44,539.54,536.70,551.83,544.07,549.76,553.25,555.58,558.81,565.79,571.35,566.96,566.56,575.23,584.67,580.14,579.37,587.77,591.65,590.48,592.68,601.86,598.89,601.22,612.34,615.18,
839.00,431.23,430.98,438.77,442.49,445.80,448.81,451.49,454.55,452.14,458.82,466.62,467.83,471.44,476.27,477.29,482.27,480.33,488.24,490.04,489.70,497.28,491.08,506.55,503.00,510.57,512.20,525.51,677.86,524.12,519.24,528.91,530.92,535.18,533.70,540.59,544.37,537.10,555.91,551.41,560.08,557.30,557.83,561.94,567.74,573.29,570.51,567.50,579.80,588.85,581.57,583.35,590.48,594.02,592.16,597.42,602.69,601.06,607.86,612.21,613.84,
840.00,434.32,435.85,443.30,446.65,449.45,448.49,456.31,457.87,457.59,460.28,468.98,469.66,477.87,477.44,481.85,486.00,482.74,490.08,495.77,492.82,498.76,498.23,511.91,509.33,515.27,515.35,524.42,686.41,525.39,520.43,530.28,533.48,539.61,542.46,542.00,547.51,544.77,553.45,562.78,562.51,558.61,557.63,562.16,570.60,579.66,573.45,571.49,579.39,588.18,589.08,586.85,591.11,599.82,599.55,601.42,605.69,605.69,609.40,610.38,610.38,
841.00,436.91,441.61,445.56,450.12,450.88,453.31,459.95,458.47,462.19,463.79,468.35,471.65,481.64,479.63,484.22,486.54,487.10,491.82,497.17,495.54,503.93,504.50,507.64,510.30,510.10,518.65,525.10,687.83,529.75,527.76,532.13,531.75,541.34,552.25,544.94,547.03,554.34,550.17,561.37,565.07,563.93,562.03,563.17,574.37,590.51,576.37,580.83,581.97,587.86,593.46,590.51,593.55,602.85,600.30,605.70,607.79,614.81,609.69,609.69,616.81,
842.00,439.49,439.92,448.64,449.88,454.45,456.64,462.49,460.70,462.32,468.08,471.46,476.65,482.50,482.47,486.11,489.54,490.90,495.33,498.37,499.90,506.85,504.44,507.78,509.48,515.74,517.64,523.32,689.81,527.65,531.77,530.85,535.40,539.00,547.94,547.45,554.69,562.99,555.75,559.59,568.96,566.68,565.90,564.98,575.82,593.15,576.19,583.43,583.86,587.55,592.80,598.48,596.29,606.78,601.88,610.04,610.19,616.64,613.59,613.10,616.64,
843.00,440.18,444.80,451.37,450.95,456.19,458.68,465.71,464.41,464.43,470.77,474.16,476.60,483.77,484.37,488.63,492.84,493.12,498.36,498.22,499.41,506.16,502.14,512.36,513.78,521.16,514.37,522.36,693.79,523.47,530.05,531.74,543.91,543.17,545.11,547.43,557.12,563.76,557.06,563.39,570.71,567.87,565.71,563.02,571.60,590.77,579.35,584.88,591.51,592.78,593.61,600.25,601.89,606.36,601.21,609.79,612.69,616.37,610.84,612.26,616.95,
844.00,441.25,447.86,452.02,452.84,459.56,459.09,466.73,465.47,466.04,472.06,475.88,478.43,484.57,483.64,491.05,493.14,493.73,498.34,499.63,499.39,506.92,507.86,512.77,513.35,521.74,517.71,522.62,701.27,523.49,527.23,533.88,542.30,543.45,542.58,547.22,556.49,563.16,552.44,561.69,573.28,568.94,562.56,563.73,571.26,587.16,579.64,585.74,586.88,588.90,592.67,594.99,595.85,608.61,601.94,608.91,614.69,612.93,612.08,614.70,618.46,
845.00,442.69,447.12,453.75,453.52,460.52,459.23,466.00,464.70,467.28,473.74,476.07,479.76,484.57,483.87,490.62,493.99,496.31,497.70,500.31,500.27,504.80,510.56,515.45,516.24,522.20,518.88,523.88,696.93,520.62,532.20,530.79,542.48,539.33,545.69,555.81,557.60,565.08,551.70,557.71,568.84,568.56,570.03,566.03,572.78,585.37,580.26,589.31,585.31,591.27,594.59,597.96,597.96,607.46,603.07,606.67,612.51,605.71,614.09,617.41,620.67,
846.00,442.04,445.50,453.44,451.59,459.31,458.53,463.24,463.57,465.46,474.75,475.59,477.88,483.39,484.81,488.34,490.57,494.71,496.07,498.37,499.74,503.46,503.26,514.90,514.21,521.75,515.50,523.20,691.47,519.93,531.06,532.19,543.17,539.39,541.06,552.85,555.30,556.28,555.43,552.63,564.74,564.58,568.51,567.19,572.44,582.10,583.04,587.16,586.00,593.20,590.59,595.97,598.23,600.56,601.37,606.59,606.94,603.98,611.34,617.22,622.29,
847.00,440.86,445.61,448.66,449.87,457.18,454.82,459.89,462.57,463.63,470.09,474.61,475.84,483.24,484.11,486.93,489.12,489.53,494.88,495.45,496.78,499.75,500.92,511.65,510.94,518.50,519.49,523.25,690.12,521.59,527.92,529.94,541.82,538.65,533.83,543.05,551.25,546.85,550.53,554.77,564.00,559.75,565.50,565.15,566.45,573.86,582.49,578.40,584.15,589.77,585.74,592.51,601.22,595.09,597.54,605.89,600.43,599.99,607.04,613.45,619.07,
848.00,439.14,443.78,446.72,447.73,453.91,451.15,457.11,459.56,463.11,466.00,470.04,473.32,481.56,480.64,483.58,487.17,486.51,489.76,494.75,492.91,497.47,502.64,513.04,510.85,512.17,519.95,519.29,687.79,518.64,523.12,527.62,534.96,534.85,535.50,539.78,544.71,543.83,546.79,555.77,557.42,552.49,562.24,564.32,561.91,571.66,579.33,573.85,579.55,584.92,587.65,587.54,596.64,594.77,598.28,599.71,595.43,598.39,603.32,607.70,613.40,
849.00,437.52,441.39,444.64,442.62,450.59,451.41,454.15,455.62,462.14,465.39,466.29,471.05,480.82,479.34,479.64,482.62,485.58,486.47,492.69,491.79,495.97,500.62,508.04,508.02,506.49,513.95,514.70,680.84,520.51,522.06,525.03,531.67,535.41,536.86,536.19,540.62,543.56,542.14,548.78,550.99,552.44,562.08,564.26,561.36,573.23,579.15,572.49,578.40,584.32,584.36,581.41,593.98,591.76,596.91,592.57,592.53,598.42,598.48,603.69,611.77,
850.00,434.41,437.32,439.35,439.06,447.29,449.05,451.04,454.55,456.62,462.37,464.65,467.87,476.27,476.34,476.12,480.19,481.79,484.95,486.82,488.96,493.70,494.99,501.78,501.78,503.01,508.40,511.31,678.49,516.16,520.08,523.46,527.38,531.55,529.03,533.54,539.06,539.06,541.93,543.16,548.38,548.76,556.65,558.80,556.48,570.27,571.87,566.69,570.95,574.91,579.04,579.38,587.06,587.44,589.42,591.78,589.25,594.98,594.98,596.59,605.95,
851.00,430.23,432.86,434.80,435.36,443.68,442.57,446.73,449.78,453.52,456.72,460.19,462.96,471.56,469.48,472.11,477.25,478.08,480.02,483.49,482.52,487.92,491.67,498.25,497.22,501.03,502.07,502.77,674.74,508.66,512.82,519.40,525.30,524.62,526.68,527.03,533.29,536.05,535.71,541.60,542.30,541.95,550.27,549.92,548.88,563.44,563.45,559.29,566.91,570.03,572.81,573.16,582.17,580.43,582.86,583.56,584.25,590.49,589.10,590.49,595.69,
852.00,425.68,428.70,431.60,432.47,439.33,440.97,443.37,444.98,451.24,452.79,454.67,458.31,466.57,463.61,469.27,470.94,474.18,475.38,479.62,476.94,484.48,489.62,491.45,494.20,495.70,498.55,496.54,671.90,503.61,507.14,515.02,517.03,516.20,521.93,524.30,523.09,534.07,528.66,536.57,538.42,539.07,543.77,543.61,545.47,557.38,555.88,555.40,557.06,561.77,566.32,563.63,570.99,578.93,576.24,577.43,579.96,585.15,584.99,582.11,584.25,
853.00,422.02,423.58,428.57,429.35,436.38,439.79,441.12,443.75,448.44,451.32,453.19,456.03,461.52,461.53,467.30,467.05,473.58,473.30,476.19,478.27,481.44,486.21,487.55,491.51,494.16,494.14,492.83,666.85,496.76,508.54,511.17,515.08,507.23,520.94,526.22,523.52,534.68,526.95,533.38,533.38,539.96,541.25,539.26,545.87,554.37,547.78,556.34,553.75,558.90,565.46,562.88,568.73,573.23,570.68,572.68,575.31,579.88,581.17,579.86,579.88,
854.00,421.07,423.71,427.76,429.51,434.92,437.58,439.96,444.41,448.14,448.87,453.47,454.83,459.28,460.70,466.55,467.43,472.32,473.42,475.21,476.19,481.24,481.18,485.01,491.41,493.69,491.87,494.33,663.28,494.79,506.29,511.78,511.86,505.02,516.79,525.19,519.44,529.95,530.95,530.77,531.59,538.26,540.54,537.99,544.01,555.06,544.65,556.98,554.97,560.36,561.54,563.74,565.66,568.03,566.84,572.96,575.52,578.44,580.81,579.63,580.36,
855.00,422.33,426.51,429.80,433.61,435.99,439.39,441.68,445.38,451.13,449.85,455.12,456.90,461.00,461.50,469.95,469.56,471.15,476.09,478.23,477.73,482.64,484.68,484.55,490.83,496.47,495.91,497.51,668.93,495.57,505.26,511.12,514.11,508.25,515.99,522.26,519.34,530.55,533.28,534.53,535.44,540.11,540.87,541.15,544.85,553.70,545.54,556.36,559.07,565.62,561.44,566.87,568.76,569.73,569.17,576.29,577.82,581.59,582.78,585.14,581.87,
856.00,426.23,429.81,434.66,436.73,439.26,444.21,445.29,449.63,453.63,453.85,458.97,461.81,464.26,465.51,473.11,473.36,475.09,479.18,483.22,483.09,486.37,490.29,489.05,497.37,499.17,499.90,503.88,673.72,499.78,508.72,513.72,515.85,514.78,521.47,528.72,522.93,533.44,535.63,539.84,537.09,544.17,543.16,545.57,549.62,557.88,550.74,561.52,564.56,570.12,568.16,571.13,573.83,574.84,575.57,580.63,585.23,584.84,587.31,589.67,587.31,
857.00,430.80,434.77,438.77,439.34,442.76,447.58,448.57,454.15,456.36,460.06,463.78,465.47,467.91,471.29,475.70,475.99,480.48,484.06,486.89,488.07,492.13,493.79,494.20,499.38,501.67,500.75,508.68,674.98,507.31,513.46,518.29,517.63,522.71,529.02,534.00,529.98,534.00,540.31,538.27,537.31,551.85,548.85,555.46,556.12,565.32,557.59,569.54,570.00,578.54,574.42,574.47,575.79,578.79,580.37,584.84,593.28,589.06,593.94,595.77,595.67,
858.00,434.54,438.20,441.39,442.69,446.08,449.05,450.57,456.36,457.98,461.74,467.62,468.92,471.58,474.38,478.65,480.51,480.33,488.63,488.47,490.72,494.89,494.04,494.23,498.82,505.93,504.69,512.51,678.89,512.51,516.37,520.36,522.61,528.62,527.23,534.42,535.23,533.26,543.91,538.69,542.89,552.31,553.17,557.98,558.56,568.63,565.22,569.42,570.46,578.73,574.87,579.30,581.58,583.95,581.72,589.14,595.78,589.80,597.78,600.03,597.62,
859.00,435.36,439.39,442.74,444.36,448.53,450.11,452.45,456.41,459.77,463.54,467.79,470.42,474.35,475.30,480.19,482.54,481.97,489.40,491.19,490.84,495.40,497.04,496.95,503.52,509.37,507.57,514.75,683.10,517.41,518.93,523.62,527.07,533.05,532.35,531.72,536.13,535.67,542.67,544.64,545.70,552.50,555.63,558.98,559.81,566.25,569.19,567.82,574.66,580.14,579.91,581.57,587.45,586.71,584.00,590.57,596.05,594.85,598.90,602.99,601.66,
860.00,436.77,440.82,443.52,443.37,449.18,452.83,453.89,455.43,461.03,464.82,468.32,471.69,475.46,477.42,480.23,482.78,484.67,489.29,492.52,491.34,497.29,499.39,499.47,507.48,509.11,511.48,515.70,684.80,521.70,519.92,527.55,525.84,533.62,534.66,534.66,537.55,538.81,542.51,546.51,547.91,553.25,555.62,560.95,559.98,564.13,571.02,570.67,575.24,577.83,580.43,578.73,586.57,589.18,587.40,593.92,595.91,596.36,602.21,600.79,600.79,
861.00,437.87,442.44,443.41,444.19,450.64,453.18,455.30,456.91,460.91,466.28,469.91,473.34,475.79,479.58,480.32,484.29,485.86,489.82,491.84,494.02,497.58,497.97,499.82,505.78,510.15,513.25,513.84,685.88,520.80,527.44,525.09,526.78,530.13,535.58,538.43,542.13,542.55,545.24,545.74,549.36,553.89,559.59,562.53,563.63,565.90,573.45,573.45,576.39,575.46,584.62,580.84,586.97,590.66,590.24,593.85,596.03,597.89,600.73,599.64,600.90,
862.00,435.65,441.74,444.54,444.15,451.10,451.11,454.89,455.98,460.98,463.34,467.91,472.77,475.49,477.25,479.60,484.68,484.68,489.02,491.78,491.76,495.51,497.67,501.17,507.21,511.43,512.12,511.98,687.12,519.26,526.33,525.68,529.18,532.31,534.33,535.53,541.51,542.95,549.95,544.70,550.54,551.67,556.72,559.84,563.00,566.06,571.65,572.58,576.80,574.47,582.50,580.65,586.21,587.17,588.92,592.22,594.31,600.15,598.16,597.09,602.24,
863.00,432.56,438.81,441.54,441.30,448.57,449.73,451.96,452.50,458.68,461.00,462.77,469.58,472.73,474.14,476.37,479.77,481.63,485.25,489.35,487.58,492.13,497.34,496.95,504.50,507.56,511.85,506.82,685.47,516.07,517.78,521.47,525.15,527.86,528.81,531.16,538.29,540.24,545.04,543.32,549.67,545.41,551.60,555.86,557.39,559.34,568.82,567.43,574.22,571.11,579.64,579.25,580.22,583.30,587.55,591.39,590.44,597.98,595.26,593.55,597.19,
864.00,430.11,433.84,438.12,437.71,444.35,446.24,446.51,449.39,452.46,457.94,458.42,464.87,466.95,469.65,470.62,474.75,477.06,479.43,484.85,486.12,487.84,492.57,493.69,497.74,502.88,505.82,499.50,677.69,507.03,513.26,513.89,517.40,520.19,524.03,531.62,534.49,535.61,539.15,537.46,541.54,539.15,542.66,550.07,550.68,555.70,561.63,564.32,567.34,563.87,573.06,571.94,574.78,577.02,583.89,585.70,585.67,591.45,589.09,588.03,591.33,
865.00,426.05,431.88,435.12,434.76,442.50,441.46,443.48,447.03,449.63,454.43,454.86,459.87,462.71,466.62,466.73,471.15,474.47,476.18,479.86,482.20,485.48,483.81,489.95,494.31,498.67,497.78,496.27,669.87,504.00,508.76,511.90,512.55,517.23,520.49,526.51,531.24,528.84,533.44,530.79,535.47,536.04,539.79,546.46,548.46,554.85,555.87,560.43,559.69,559.29,569.43,566.58,568.41,571.46,578.30,577.98,581.40,584.70,584.82,585.63,585.63,
866.00,424.57,429.55,431.93,433.95,438.49,439.15,442.20,444.34,448.19,451.14,450.69,457.02,459.97,463.93,465.28,468.99,469.92,474.88,477.36,478.28,482.91,479.70,486.19,490.71,496.66,498.33,494.94,667.12,501.20,502.31,510.22,511.32,515.33,513.31,521.26,528.33,523.78,531.43,529.70,532.86,531.43,538.17,541.32,543.89,551.50,551.24,555.76,553.45,557.70,563.39,565.63,566.14,565.90,574.09,574.64,577.47,578.63,580.05,583.45,583.39,
867.00,424.41,427.33,430.02,433.11,437.99,439.95,442.25,442.97,447.18,450.88,450.15,456.04,458.11,464.06,464.39,469.89,470.00,472.24,477.01,477.18,481.55,478.58,485.32,493.86,495.96,497.08,494.00,665.16,497.78,501.02,510.69,509.42,514.05,513.21,517.69,523.71,521.19,523.28,530.73,529.88,530.59,539.00,541.95,540.26,549.65,549.65,551.61,554.71,557.36,559.74,564.79,569.85,565.08,574.32,572.36,577.13,578.40,578.39,585.27,585.68,
868.00,426.10,429.00,431.45,434.60,439.01,441.44,443.92,445.03,448.17,452.80,452.18,457.72,459.06,465.97,464.40,470.41,472.86,473.09,477.30,478.68,484.02,478.89,486.62,495.05,494.48,497.83,496.70,663.76,501.73,505.64,514.48,508.37,515.65,517.86,516.77,521.78,522.92,521.77,532.87,532.31,534.59,540.13,542.36,541.84,549.62,547.93,553.48,556.21,557.97,557.97,564.06,571.28,566.88,575.23,572.99,579.14,580.21,581.35,586.86,588.03,
869.00,428.40,431.28,433.05,439.04,440.64,442.36,446.84,448.14,451.90,453.79,455.69,460.69,462.33,468.46,466.67,472.18,474.89,477.30,478.59,481.44,486.55,479.11,486.85,495.94,497.30,500.69,500.36,667.32,502.80,508.04,514.98,513.35,516.18,519.89,520.51,524.94,525.89,527.02,535.23,533.89,539.49,543.36,544.15,547.56,554.04,552.77,556.74,558.40,563.61,561.63,567.09,572.14,570.32,577.84,574.75,582.49,583.31,584.41,584.87,589.13,
870.00,429.14,430.01,434.06,440.79,440.82,443.21,447.04,450.00,453.26,454.53,456.12,462.01,464.04,468.36,467.91,473.82,476.20,479.33,480.83,482.84,486.96,483.16,491.24,496.77,501.17,501.17,501.17,668.70,504.06,508.25,515.30,518.91,519.46,522.28,521.28,523.58,527.95,531.97,536.13,537.06,541.39,543.28,546.10,548.47,555.39,555.15,557.45,562.37,567.80,561.13,568.04,574.09,573.06,576.15,573.54,585.23,586.57,586.74,585.88,589.90,
871.00,428.52,430.01,435.41,439.96,441.38,443.68,446.05,449.94,453.26,455.59,457.27,461.49,465.10,468.53,467.18,472.13,478.29,479.82,479.97,482.92,487.11,488.24,490.97,497.80,501.36,499.90,500.35,670.69,504.73,507.46,513.38,518.75,517.57,520.67,520.03,523.85,530.14,531.78,538.89,539.79,541.52,540.52,547.36,548.45,552.64,557.92,554.18,563.02,567.76,562.66,570.13,576.96,576.14,574.59,576.32,587.34,587.25,588.44,588.62,590.08,
872.00,429.25,431.03,434.87,440.32,441.24,442.86,445.08,451.18,452.24,456.11,458.39,461.77,465.32,468.51,466.71,471.15,478.08,479.24,479.02,484.65,486.43,486.01,491.01,493.55,500.30,499.76,500.13,671.31,502.84,508.93,512.13,518.10,515.56,521.78,525.39,522.56,533.19,532.93,540.19,537.04,541.02,539.76,544.16,550.90,551.99,558.82,555.62,563.10,564.85,565.50,566.79,576.02,576.73,572.87,578.19,585.42,586.82,587.65,586.02,588.62,
873.00,429.07,430.72,435.71,439.21,440.05,441.67,444.15,450.45,453.18,454.58,457.92,460.54,465.53,467.92,468.28,472.70,476.60,480.03,479.25,483.61,486.23,485.36,492.98,492.16,500.12,499.11,500.79,671.51,503.89,509.42,511.31,516.09,515.14,519.46,525.65,523.03,531.86,535.98,538.87,535.03,543.79,541.10,545.14,552.89,554.04,559.97,556.19,561.51,564.01,568.19,564.82,572.71,575.94,571.70,578.43,583.96,583.08,588.27,586.05,586.19,
874.00,427.70,430.19,435.11,436.43,439.47,442.67,445.18,448.69,453.47,453.46,456.96,460.09,464.75,467.51,469.67,472.80,474.68,480.10,479.03,481.95,484.81,487.19,492.23,490.97,498.84,501.30,500.23,673.40,504.17,507.04,511.32,514.88,514.37,516.46,524.52,523.10,532.85,536.49,538.61,536.33,541.85,541.66,543.08,551.49,555.21,560.41,557.01,560.03,563.09,565.95,567.53,573.24,573.99,572.73,577.17,581.49,584.48,583.12,587.35,586.63,
875.00,427.81,430.59,434.83,435.35,440.89,444.57,445.69,448.19,451.68,454.79,457.77,460.74,464.44,467.60,469.33,472.99,473.66,477.93,479.88,482.26,484.42,486.94,491.20,492.71,495.45,501.80,498.61,673.17,503.93,510.07,511.91,512.08,511.95,516.58,523.62,521.61,532.67,531.81,538.52,535.45,541.72,541.22,541.72,550.85,553.96,559.24,558.09,561.33,561.90,565.22,568.86,573.12,571.60,572.05,578.36,581.02,585.77,581.63,586.87,590.56,
876.00,428.21,431.73,434.61,435.79,441.89,443.55,446.38,447.61,452.65,454.69,457.73,459.52,463.70,466.46,469.08,473.19,474.38,476.92,479.63,482.34,485.30,484.29,489.16,489.16,492.44,501.86,497.94,668.83,505.35,511.91,512.45,508.75,513.72,517.43,525.90,521.55,531.29,531.19,534.59,534.59,545.16,541.78,540.29,549.62,552.47,555.97,559.25,559.89,561.04,564.54,567.29,570.37,570.37,574.06,579.16,579.16,585.51,581.38,587.94,591.01,
877.00,427.90,430.54,433.07,436.10,440.21,443.25,445.17,445.58,452.72,452.02,456.34,458.52,462.33,466.13,470.22,472.42,471.49,477.61,478.73,481.30,485.39,483.23,488.00,486.46,492.18,500.15,497.27,667.00,505.44,510.40,510.12,510.51,511.45,515.91,524.61,524.08,528.33,531.39,532.51,534.09,544.65,542.23,541.21,548.86,552.23,554.37,561.43,557.50,563.29,563.57,567.29,568.03,570.17,574.10,576.20,577.22,582.52,579.89,584.38,590.67,
878.00,426.73,427.09,430.44,434.52,439.07,442.94,444.51,443.15,450.27,451.05,454.08,457.01,460.16,464.23,468.89,470.67,470.82,475.54,478.93,479.19,484.16,482.73,486.12,487.17,491.62,497.12,494.24,665.04,504.82,506.27,509.66,512.67,510.71,515.42,520.93,521.84,527.45,529.69,529.27,534.00,540.02,540.66,541.44,543.94,551.12,551.39,559.38,556.74,565.50,559.88,565.38,564.86,567.22,570.11,571.41,575.32,580.03,576.62,583.17,587.61,
879.00,426.02,426.85,430.39,432.88,438.08,441.61,442.43,442.24,448.70,450.96,453.25,454.72,459.70,464.08,466.13,467.18,470.49,473.42,477.34,477.79,482.37,481.34,484.41,487.57,489.13,495.86,492.27,664.27,504.19,507.85,508.33,509.90,510.96,514.09,517.74,521.34,526.03,527.07,526.59,533.78,535.88,540.04,541.62,539.55,545.77,547.85,552.52,556.21,563.96,558.28,567.08,564.99,567.59,567.62,572.30,574.88,575.94,575.93,582.70,587.89,
880.00,425.24,426.04,429.49,432.06,435.92,439.87,440.52,442.33,448.57,448.86,451.37,454.38,458.37,463.55,465.74,466.54,467.85,472.63,474.46,476.43,481.45,479.54,481.33,486.49,489.44,493.11,493.26,662.52,501.67,504.68,506.16,509.71,508.98,515.45,518.25,520.76,525.11,526.80,528.05,528.20,532.33,539.70,541.10,538.52,545.92,547.60,550.54,554.88,561.74,556.73,564.02,561.59,566.84,567.05,570.06,571.91,573.16,574.13,583.12,586.66,
881.00,422.69,422.77,429.67,429.56,433.04,438.22,438.98,441.26,447.02,447.49,449.57,453.87,458.05,462.85,465.42,465.98,466.09,472.00,473.29,474.32,479.96,478.51,484.06,488.46,489.55,490.87,493.65,658.94,500.59,500.68,508.05,509.52,510.76,513.99,514.94,520.13,523.78,526.41,524.88,526.70,530.15,539.43,542.15,538.70,547.40,547.62,551.28,552.74,559.04,556.04,562.47,558.60,567.15,566.34,567.30,570.15,569.64,575.63,579.65,582.73,
882.00,420.49,422.44,430.23,428.18,432.61,437.96,438.94,441.04,446.18,448.12,449.14,452.52,458.19,462.06,463.81,464.39,465.67,471.91,472.30,473.27,478.85,480.76,483.81,489.25,487.61,491.20,495.11,660.89,499.06,496.68,507.27,509.23,512.04,511.10,513.22,520.84,524.00,526.51,523.97,529.40,527.88,538.55,539.81,537.18,546.84,546.25,548.87,554.50,556.42,558.14,562.95,558.72,565.57,566.00,564.71,569.21,571.62,574.72,578.71,580.90,
883.00,419.59,423.55,429.13,428.29,433.05,435.70,437.69,442.74,443.58,448.00,449.61,452.13,457.92,460.52,461.89,463.47,465.62,469.52,470.83,473.48,476.40,479.97,483.56,489.50,485.08,489.89,495.06,659.72,495.63,497.02,506.74,506.94,510.96,512.29,513.87,517.67,522.46,521.95,525.63,529.47,528.13,535.53,538.62,537.49,544.88,544.74,546.26,556.12,553.53,557.75,562.12,558.88,564.38,564.94,564.94,569.87,570.32,574.99,575.17,581.49,
884.00,416.88,421.06,426.60,427.37,430.30,433.11,436.48,441.14,442.23,445.80,448.37,451.67,456.64,457.66,460.22,462.95,464.36,467.85,469.21,472.31,476.45,475.77,482.79,486.51,484.29,487.90,494.24,654.80,496.84,494.53,504.49,503.58,509.10,510.61,513.21,514.82,521.35,520.85,523.07,528.08,529.78,533.00,537.11,536.11,542.64,545.45,546.05,552.49,548.16,556.59,556.90,557.10,563.22,563.63,562.82,568.75,568.94,573.26,575.88,580.00,
885.00,414.38,419.92,423.51,426.24,428.17,431.64,435.63,437.42,440.22,443.35,445.95,450.55,455.61,454.54,457.67,460.67,462.86,467.59,468.86,470.26,474.32,473.96,482.78,482.78,485.11,488.61,492.77,655.25,496.75,494.44,501.58,503.27,503.91,507.09,514.41,514.07,520.41,520.07,518.06,527.06,529.72,531.38,534.20,536.39,542.54,543.71,547.70,550.53,546.20,555.85,553.52,554.86,563.52,563.18,561.01,566.85,570.35,573.67,571.17,576.33,
886.00,413.83,419.64,420.07,425.61,427.72,431.54,435.31,436.08,437.33,442.25,444.86,449.01,452.64,452.99,455.40,458.41,461.37,464.22,468.68,469.46,471.88,471.44,480.80,482.29,483.83,487.33,489.77,657.12,496.23,492.72,499.23,501.22,502.63,507.01,510.21,510.26,520.02,517.66,516.57,527.97,527.57,528.51,531.92,533.01,540.44,541.90,545.50,547.89,546.37,553.80,550.89,551.36,559.83,558.89,558.86,563.78,568.75,571.28,569.20,572.28,
887.00,411.51,418.14,419.26,423.51,427.18,428.37,434.03,434.18,435.73,441.22,443.46,447.66,450.56,452.59,452.68,456.68,461.92,462.36,466.13,467.80,470.88,468.71,477.04,479.35,481.67,486.38,487.25,653.39,498.34,494.84,497.51,496.25,499.67,505.75,510.15,507.46,517.44,513.76,516.72,526.60,526.22,524.62,531.81,531.99,536.36,542.02,540.20,543.01,545.63,550.37,553.15,552.73,556.61,557.44,557.93,562.53,568.91,567.58,568.80,573.74,
888.00,409.82,416.30,417.38,421.59,425.33,427.78,431.90,431.60,435.63,437.59,440.83,446.32,448.97,451.32,452.11,456.04,459.37,463.20,463.98,466.63,470.26,465.80,474.14,473.16,482.25,484.93,484.69,651.72,494.98,494.50,494.50,496.23,497.93,503.81,507.98,507.49,517.30,513.15,515.58,520.98,525.17,523.19,528.83,531.54,535.48,538.89,537.42,540.11,542.32,548.95,549.43,551.88,555.08,556.05,558.27,559.50,569.31,566.13,570.04,573.97,
889.00,407.91,413.56,414.52,419.56,423.83,426.02,429.15,428.48,431.79,436.15,437.99,443.33,446.06,448.66,450.38,454.01,457.47,460.83,462.04,462.62,467.17,465.59,473.67,471.16,480.14,480.59,481.88,648.86,492.39,490.47,493.26,495.59,497.05,500.39,503.14,504.77,513.54,512.64,511.00,518.21,524.16,522.49,526.52,529.51,533.90,535.85,535.46,536.93,541.10,546.95,546.67,546.35,554.53,554.04,556.69,556.20,565.77,564.59,566.15,570.22,
890.00,404.57,409.38,411.90,414.42,420.80,420.76,424.43,425.86,427.43,434.17,434.58,437.46,440.55,444.45,445.92,447.70,453.49,455.48,457.11,457.75,462.78,462.92,467.69,468.24,473.53,476.37,476.49,644.24,486.59,484.23,486.62,491.01,494.75,494.85,496.78,501.07,507.81,507.36,509.39,515.62,515.16,518.04,521.49,523.87,528.16,529.68,529.58,532.68,537.39,544.22,542.29,543.19,546.64,548.00,550.42,551.48,559.06,559.55,560.16,564.99,
891.00,397.99,402.67,404.90,407.67,412.53,412.87,416.83,419.53,421.40,427.59,428.18,431.19,434.60,437.59,438.25,441.65,446.00,448.70,448.89,450.55,454.79,453.87,458.05,460.62,465.93,467.83,469.11,633.08,474.72,478.41,479.54,484.66,485.66,490.43,491.56,493.32,498.94,497.48,501.00,506.78,507.91,509.19,514.00,517.69,518.95,520.86,520.43,527.46,529.85,535.80,535.78,535.32,541.09,539.48,543.51,547.19,547.97,550.23,552.00,557.75,
892.00,388.49,391.53,394.07,397.41,401.00,403.15,406.91,408.51,412.00,417.07,416.90,420.94,424.56,425.27,429.36,430.80,434.03,438.52,439.29,438.90,444.19,442.40,450.59,451.36,456.56,457.82,457.28,617.50,463.74,466.67,468.88,473.18,474.80,478.44,479.58,484.78,487.53,485.98,488.07,493.63,497.28,499.13,500.62,505.88,506.84,507.86,510.31,516.29,517.30,523.34,521.07,523.16,532.31,529.50,534.10,536.97,534.70,537.75,543.31,545.10,
893.00,374.73,378.07,382.22,382.58,387.23,389.72,393.72,394.12,397.60,403.85,403.48,406.50,410.87,411.43,415.98,416.09,419.51,423.65,425.50,424.19,428.05,429.96,434.90,438.05,440.09,443.24,441.43,599.95,448.57,449.57,453.38,459.86,459.86,462.24,465.14,470.51,470.90,471.90,473.62,478.52,481.03,485.27,483.46,492.23,493.23,492.37,498.42,502.27,502.84,508.07,505.69,506.51,517.94,515.99,516.26,520.97,516.73,520.88,528.07,527.73,
894.00,359.52,363.65,367.40,367.09,370.90,372.67,377.22,378.82,381.62,387.47,387.99,390.87,393.83,396.17,398.91,398.78,403.29,405.58,408.35,408.87,410.20,411.59,419.70,422.57,420.59,427.01,425.03,577.46,428.26,432.32,437.44,440.31,442.39,446.44,444.84,451.95,453.76,453.76,457.73,462.73,461.13,465.90,466.25,473.75,475.38,475.26,479.91,483.31,486.33,489.21,488.76,488.70,495.45,496.11,497.53,503.86,498.00,503.33,508.99,504.46,
895.00,340.99,345.19,349.82,349.53,351.43,354.33,358.48,359.64,364.81,367.96,369.34,372.93,376.03,377.03,380.34,380.69,385.31,386.72,389.15,390.59,392.82,390.89,401.04,401.52,399.19,407.90,405.32,549.48,409.31,413.94,417.83,418.30,421.54,427.42,426.48,430.31,433.33,433.11,437.54,442.35,440.18,443.29,446.09,453.16,453.66,455.77,456.68,463.01,465.23,466.15,471.11,471.74,472.75,475.10,478.15,483.12,479.07,480.73,488.53,484.44,
896.00,323.44,326.86,333.10,331.69,333.24,337.32,340.09,340.33,346.01,349.06,349.99,353.89,356.94,358.11,362.29,362.80,365.06,368.95,370.92,372.23,373.60,373.97,383.94,380.54,380.07,387.93,386.41,521.89,390.75,394.50,397.55,400.48,402.12,406.70,407.52,410.45,413.97,415.15,417.84,418.43,421.48,422.65,425.00,432.04,435.32,436.14,436.73,440.95,443.53,443.42,447.52,453.04,451.51,453.39,457.38,459.96,460.43,460.31,467.58,462.54,
897.00,307.67,312.55,316.06,316.11,317.78,321.67,323.35,323.92,326.89,332.50,334.54,336.78,338.29,341.27,344.23,344.59,347.82,349.84,353.24,354.34,355.31,357.82,366.24,364.34,361.43,367.18,371.81,497.76,372.74,372.74,381.11,383.49,385.26,387.15,387.21,389.11,395.08,401.18,397.46,400.81,402.08,403.06,407.74,413.32,418.89,417.55,418.04,419.86,423.12,423.58,429.20,431.98,432.48,435.21,437.60,437.59,441.29,441.32,446.33,442.73,
898.00,294.20,298.85,301.14,303.36,304.04,306.88,308.86,310.46,313.31,317.86,320.13,320.74,323.83,326.99,328.35,328.42,333.31,333.99,338.07,339.80,341.16,341.73,349.35,349.03,344.83,353.38,357.99,476.98,357.99,359.04,364.03,368.35,368.64,369.94,373.28,375.94,380.44,384.44,382.88,386.30,384.56,388.15,393.72,396.68,402.39,403.64,403.32,405.03,408.25,408.25,413.06,415.68,415.21,416.60,420.17,420.34,425.45,426.67,426.06,427.59,
899.00,283.79,287.82,289.41,291.92,293.73,297.19,298.38,299.78,302.99,304.58,308.49,309.68,312.63,316.21,318.50,318.90,321.12,323.93,326.25,328.47,330.24,331.07,334.48,337.34,337.62,340.76,347.03,459.64,346.30,349.80,352.85,356.36,357.55,359.96,363.83,363.83,368.54,370.29,369.19,373.25,374.81,375.56,382.94,384.05,388.39,391.43,391.06,393.55,395.96,396.23,400.20,403.43,405.73,403.80,408.69,407.31,411.55,412.66,413.76,415.98,
900.00,280.17,283.13,283.80,286.46,290.47,292.87,294.45,295.56,296.74,299.92,303.15,303.86,307.37,311.44,314.01,314.31,316.47,318.92,322.25,322.32,324.43,327.78,331.00,333.91,335.13,335.43,342.53,451.46,343.34,343.61,348.50,349.93,352.68,353.01,357.84,359.98,364.11,366.35,363.76,367.13,370.19,371.92,377.53,378.64,383.29,384.93,385.80,386.77,388.96,393.85,394.93,397.74,401.06,398.95,403.19,402.33,405.95,406.81,409.11,411.40,
901.00,280.89,284.60,284.88,287.25,293.29,292.40,295.48,297.76,297.79,301.54,305.01,304.95,308.33,312.81,314.49,313.51,318.05,318.81,322.32,323.08,325.67,328.22,328.68,335.92,334.47,336.45,343.46,456.55,344.14,342.69,349.09,350.77,354.50,353.20,358.84,362.95,364.55,369.12,366.53,369.80,370.64,375.52,377.95,380.16,385.57,385.65,390.37,389.00,392.04,395.09,392.88,397.45,402.09,403.08,404.38,403.24,404.99,409.63,410.32,414.13,
902.00,286.28,288.14,289.68,291.21,296.39,296.53,299.46,304.14,303.26,305.65,310.04,310.89,313.65,317.51,318.87,319.15,323.46,323.72,326.22,329.01,331.01,333.67,332.96,341.61,339.90,341.61,347.27,462.28,347.47,350.00,355.00,352.20,360.37,360.46,364.50,366.46,368.23,371.17,371.37,377.33,377.24,378.94,382.99,385.01,387.92,391.13,395.81,394.36,398.66,401.84,398.11,402.30,406.64,409.37,408.55,410.44,411.96,416.19,414.78,417.80,
903.00,291.87,291.32,294.58,294.76,301.27,301.77,305.17,309.49,308.79,311.68,314.55,317.04,319.11,321.89,325.36,325.45,328.45,330.30,332.38,333.40,337.41,337.90,340.02,346.72,347.27,347.60,351.94,469.84,354.97,356.66,360.09,357.02,366.41,366.62,371.82,371.60,373.44,376.04,377.16,383.16,384.07,385.19,387.60,389.48,391.77,397.20,397.20,401.70,403.57,408.73,404.45,411.12,411.57,415.43,412.72,418.58,418.94,419.84,421.41,425.58,
904.00,293.51,294.43,298.75,297.68,304.15,304.69,307.93,311.36,311.17,316.06,317.52,319.66,321.99,323.42,327.57,327.40,331.19,332.81,335.15,335.33,338.76,341.19,345.25,347.52,348.39,350.21,354.26,476.92,359.67,358.31,362.83,363.31,367.79,369.13,375.45,374.56,375.46,381.77,381.27,380.86,388.09,389.44,389.48,392.60,397.08,397.53,399.82,404.75,406.09,410.14,405.63,414.61,413.35,418.29,415.09,421.89,422.80,424.07,426.87,430.42,
905.00,291.42,292.69,296.76,297.10,301.41,302.09,305.36,309.10,308.82,313.34,315.96,317.99,319.37,320.55,324.14,324.70,328.68,329.70,333.06,333.72,336.15,337.36,343.02,346.05,345.16,347.36,351.44,476.76,356.37,356.47,362.20,363.72,365.20,366.41,371.35,371.28,372.83,381.22,376.52,380.25,386.87,386.29,388.63,389.74,394.91,396.53,398.09,400.47,403.33,405.99,401.19,409.30,413.03,416.20,410.30,420.10,422.31,419.89,425.00,427.24,
906.00,285.02,285.77,290.26,290.59,293.76,294.77,298.69,301.34,303.22,305.59,308.73,310.87,313.04,313.12,318.11,318.65,322.45,323.19,325.44,326.12,330.19,329.71,333.83,337.57,336.86,340.96,344.35,466.30,349.70,351.92,353.37,356.58,355.87,357.92,364.86,364.35,366.58,371.39,370.58,373.72,378.37,378.90,380.15,378.63,387.11,389.43,389.61,394.26,395.32,399.25,397.02,400.51,404.52,406.22,401.13,411.22,414.16,413.35,416.39,417.75,
907.00,276.14,278.79,282.91,282.18,285.92,287.68,290.31,291.13,295.29,297.04,298.75,302.49,305.35,305.33,309.72,311.15,312.88,315.87,316.81,318.03,320.89,320.46,326.18,327.17,329.34,332.55,335.38,454.47,339.82,343.32,344.05,350.21,345.83,349.98,355.76,354.87,359.20,360.98,363.25,362.86,369.86,368.64,371.64,368.58,378.25,379.40,379.97,386.80,385.91,391.13,389.75,392.52,394.35,393.46,392.80,401.79,403.67,403.28,409.24,405.56,
908.00,269.68,274.07,276.31,276.96,279.85,280.76,283.06,284.92,286.74,289.93,293.17,295.85,297.71,298.03,301.31,304.78,307.08,308.56,310.06,311.33,313.39,315.32,319.67,321.81,321.29,324.24,328.51,442.66,333.82,334.99,337.94,341.26,339.34,340.30,345.46,347.53,352.61,354.67,354.38,354.30,360.05,360.42,364.47,360.27,370.81,371.91,375.82,379.06,378.77,386.06,382.53,386.65,387.02,386.21,387.61,392.92,397.19,394.61,401.61,398.52,
909.00,265.73,268.70,270.65,272.07,274.08,274.94,278.38,279.90,283.08,284.79,288.42,289.99,292.73,294.77,296.61,298.63,302.12,303.67,304.50,306.79,308.97,311.59,312.11,316.31,315.83,319.59,323.08,435.73,326.60,327.48,331.21,336.13,334.33,334.77,338.73,344.02,347.58,348.66,349.46,350.38,353.74,356.39,358.51,356.63,367.12,367.52,372.44,373.96,374.36,380.17,376.60,379.93,382.97,380.33,384.45,385.89,391.14,391.06,394.50,392.50,
910.00,261.74,264.77,266.96,266.44,269.55,272.00,273.99,275.74,279.87,280.30,284.39,285.97,288.65,290.84,293.30,296.41,296.73,299.84,299.31,303.57,304.93,308.95,307.52,311.03,314.63,315.53,318.72,427.48,320.14,322.34,326.28,328.39,329.91,333.63,337.03,337.38,343.19,342.09,345.06,347.24,348.02,350.55,355.37,354.15,363.06,362.94,368.75,369.53,371.39,376.33,375.98,374.80,378.10,378.41,381.93,381.16,385.22,387.97,387.00,387.09,
911.00,258.78,260.89,262.10,263.35,266.32,269.43,270.68,271.91,275.22,277.53,281.56,282.42,284.34,287.48,289.57,292.54,292.93,296.93,296.94,298.51,301.13,305.57,307.24,306.84,312.96,312.50,315.14,420.69,318.24,317.35,321.74,324.32,326.51,330.02,334.00,334.46,341.88,338.81,340.56,343.09,342.68,345.37,352.36,352.81,358.03,359.74,362.89,367.23,366.36,372.83,372.47,374.24,372.49,373.78,378.18,377.80,381.66,382.14,382.55,384.34,
912.00,254.65,256.76,259.08,260.35,262.74,263.85,266.87,268.57,272.16,274.45,278.29,277.76,280.27,284.10,285.40,286.80,288.48,292.09,292.86,294.18,296.35,301.35,301.03,302.52,308.19,307.88,310.24,417.07,314.03,312.87,317.64,321.85,321.29,325.64,329.45,330.90,336.74,335.41,334.13,336.42,338.45,343.41,348.34,349.80,354.19,352.88,357.54,360.32,361.47,365.12,364.81,369.51,367.85,368.44,375.03,374.87,374.00,377.93,378.22,381.68,
913.00,249.64,250.83,254.25,255.91,257.73,259.83,262.16,264.54,268.79,268.95,272.78,273.49,275.78,279.89,280.84,281.96,282.81,286.31,287.66,290.70,290.98,295.29,297.74,299.12,302.26,304.10,305.41,409.92,307.76,308.55,313.32,317.41,316.81,321.24,323.34,324.91,330.21,330.91,328.15,334.08,334.66,339.12,344.34,345.92,349.74,349.16,351.22,352.62,355.84,357.85,359.23,362.98,364.21,363.51,368.98,366.97,367.77,371.42,371.42,377.88,
914.00,245.33,246.18,250.46,253.17,253.74,257.41,258.32,260.89,264.94,265.67,268.05,269.98,272.00,275.53,277.51,278.97,279.65,283.09,284.14,286.71,288.97,287.67,294.80,293.93,296.97,301.19,302.18,403.85,304.49,307.31,306.75,312.23,314.70,316.09,320.75,320.44,326.61,325.57,326.35,331.26,331.61,336.96,336.78,340.83,344.83,344.83,345.78,347.91,352.95,353.48,355.56,359.56,358.43,359.61,362.21,363.00,361.39,366.99,367.43,373.17,
915.00,242.76,245.29,249.51,252.26,253.58,255.31,256.73,259.43,263.08,265.40,266.89,268.93,270.46,274.07,275.50,276.78,278.65,281.94,282.67,284.26,286.35,284.07,294.31,291.17,295.77,299.08,301.33,403.00,303.14,306.26,305.39,311.65,313.98,315.71,316.93,320.13,324.48,323.35,321.97,327.77,332.02,334.78,334.27,336.79,339.90,341.72,340.77,346.32,349.79,351.52,353.85,359.06,356.72,354.45,357.32,363.12,357.76,363.58,365.74,371.36,
916.00,245.08,248.28,252.09,255.19,255.53,257.95,259.60,263.32,265.13,268.26,269.37,272.65,273.26,276.30,277.49,279.31,281.29,282.34,285.45,287.53,288.63,286.12,298.03,295.42,295.92,300.40,303.88,406.51,305.61,308.41,309.06,315.74,317.49,316.43,318.56,323.49,324.21,327.85,322.88,330.42,335.18,339.28,334.35,338.65,344.03,344.48,344.46,348.60,354.23,356.17,357.03,361.81,357.67,356.81,358.99,366.34,361.76,366.10,368.88,375.83,
917.00,251.31,252.17,257.02,259.90,259.46,263.52,265.52,268.01,271.04,272.44,275.09,277.79,278.67,280.80,283.65,285.49,287.07,287.86,291.19,292.90,296.21,291.80,300.83,300.67,299.67,307.57,309.83,414.23,311.02,314.37,312.91,319.28,323.30,322.00,324.16,331.16,329.87,334.95,330.67,338.20,342.08,344.87,337.97,344.20,351.87,351.77,352.53,354.69,361.30,361.36,362.22,363.61,365.05,364.75,366.71,372.48,370.12,374.63,375.93,380.77,
918.00,258.50,260.12,265.39,266.99,267.67,272.26,273.49,274.68,278.56,280.26,281.94,285.57,287.32,288.12,291.58,293.84,294.69,296.41,298.89,300.02,304.48,298.91,308.25,307.47,311.70,315.52,318.59,424.95,317.78,323.67,322.46,324.13,331.02,333.20,335.36,337.57,336.22,341.01,340.07,347.04,348.63,350.32,346.99,352.07,357.38,358.67,358.54,363.81,369.39,370.68,374.10,370.76,374.04,375.31,375.01,382.71,380.70,384.09,381.96,389.17,
919.00,266.64,269.39,272.94,275.02,276.79,279.19,281.15,282.29,285.39,288.55,290.04,294.28,295.73,295.37,299.04,301.43,303.12,303.86,307.93,307.25,311.68,312.26,317.06,317.98,319.61,325.11,328.00,435.56,329.13,331.26,332.42,332.85,338.72,340.44,344.34,348.21,345.33,349.35,348.64,354.61,354.64,355.65,356.82,360.96,365.27,366.71,367.14,373.44,377.00,379.12,382.32,379.74,384.10,382.32,384.19,391.66,392.24,392.64,392.95,396.36,
920.00,272.90,274.85,278.86,281.04,282.36,284.59,287.46,288.49,292.48,294.52,296.22,299.21,302.75,302.85,305.43,307.44,309.34,310.54,313.43,314.54,318.84,320.63,322.63,326.65,324.95,333.40,334.84,446.81,335.27,336.28,338.12,341.84,345.40,346.16,351.59,355.03,352.73,357.03,356.32,360.04,363.17,362.46,366.56,368.61,374.37,373.94,374.93,380.66,382.56,385.67,387.97,385.69,394.64,391.10,394.69,398.15,400.13,400.00,402.00,402.86,
921.00,276.22,277.60,282.23,283.15,286.01,287.87,289.77,290.97,296.12,297.13,297.90,301.31,306.10,304.96,309.52,311.72,311.64,314.34,315.72,318.47,322.41,324.94,326.58,329.66,331.66,335.65,337.80,451.08,337.32,340.32,343.33,341.38,348.12,350.30,354.08,355.40,355.04,360.14,360.90,367.24,365.77,364.87,373.75,372.54,378.15,378.88,378.55,383.27,384.99,388.43,388.96,389.23,400.85,397.77,400.42,398.43,403.96,404.76,405.60,406.46,
922.00,276.12,279.54,281.82,284.09,288.25,288.22,289.93,291.33,294.83,298.88,297.94,302.24,306.62,305.02,310.00,312.55,313.12,315.67,315.75,317.90,322.75,324.39,327.72,329.56,332.43,334.71,337.05,451.13,338.44,341.90,343.49,343.69,349.06,350.78,355.62,354.74,357.31,358.30,364.40,366.15,365.66,365.06,374.04,373.61,379.32,380.05,378.69,384.24,385.83,389.16,389.91,391.10,400.86,397.13,398.39,397.53,402.81,406.87,405.46,405.68,
923.00,275.26,277.82,281.08,282.87,286.73,285.20,288.36,291.04,293.45,298.13,298.00,300.54,304.57,305.01,307.72,309.78,312.01,314.85,314.58,316.75,320.76,323.35,328.09,327.48,331.52,332.37,334.09,451.38,337.09,339.43,342.26,346.34,348.89,348.66,352.75,353.38,356.58,357.01,362.00,362.78,367.97,363.91,374.18,372.44,375.67,378.92,375.67,383.20,384.01,389.83,390.47,391.82,398.18,393.67,395.81,397.12,400.35,403.96,403.07,403.96,
924.00,272.50,274.27,277.84,279.33,282.84,283.42,285.07,289.43,290.60,293.94,294.57,298.11,300.86,301.75,304.71,307.47,308.68,310.91,311.25,314.82,317.70,319.66,325.38,324.95,327.83,328.73,329.39,448.03,332.81,334.80,340.72,344.93,345.16,344.10,347.30,349.92,351.58,355.64,358.36,359.92,364.36,364.41,370.35,370.13,372.57,376.35,374.33,379.73,381.56,387.13,387.48,390.48,393.71,389.63,390.91,393.48,397.26,399.98,398.82,401.62,
925.00,266.98,268.24,270.83,273.15,276.55,277.99,279.01,282.38,283.94,287.62,288.27,291.88,293.80,294.07,298.45,300.67,302.39,304.64,305.17,307.70,310.76,310.76,313.91,316.38,319.95,321.62,320.99,438.46,326.28,329.76,333.99,337.04,336.84,337.09,340.09,343.26,344.75,348.35,352.89,354.55,357.02,358.83,359.69,363.39,366.92,371.68,368.26,371.81,376.30,379.72,378.21,381.59,386.20,380.78,382.29,385.44,390.00,391.72,393.48,397.44,
926.00,255.95,257.59,260.78,261.98,265.75,266.26,267.74,271.03,272.66,276.06,277.96,281.17,281.96,284.22,285.92,289.02,290.90,294.26,294.38,295.64,298.06,298.14,302.67,305.09,309.45,309.78,308.77,421.84,314.09,318.70,322.31,323.57,325.63,326.67,328.71,328.81,334.13,334.13,340.03,340.45,343.78,344.49,345.67,348.92,350.74,360.09,354.06,356.76,363.62,365.66,367.37,369.44,371.63,368.03,368.13,373.02,377.40,376.80,377.58,384.76,
927.00,241.00,241.96,244.19,246.37,248.75,249.63,251.32,255.24,256.51,258.85,261.90,265.56,265.14,267.71,268.76,271.17,273.91,275.43,278.64,278.57,281.09,283.84,286.18,287.95,289.08,292.36,290.77,396.83,298.31,301.01,306.21,304.92,306.46,307.44,311.41,312.75,316.80,316.98,322.68,320.43,322.70,327.58,325.75,329.74,331.08,340.76,334.69,340.64,345.30,347.44,348.61,350.80,351.05,346.89,346.89,353.93,357.79,355.89,358.65,363.36,
928.00,220.66,221.01,222.55,225.12,227.53,228.56,230.11,233.19,235.60,235.95,239.73,242.47,243.50,245.22,248.31,249.34,252.09,252.09,254.83,255.87,257.58,261.01,260.58,265.74,262.73,269.60,267.89,363.62,272.17,275.19,282.49,281.19,281.20,282.06,286.78,289.35,291.94,296.23,294.51,295.80,298.80,303.09,300.51,305.24,306.96,312.11,310.82,314.68,318.55,321.55,322.41,324.13,325.84,321.99,322.85,329.71,331.00,328.42,332.72,336.16,
929.00,196.67,197.36,199.08,200.00,203.11,203.92,204.62,205.93,209.58,210.80,213.85,216.62,217.53,218.34,221.62,223.05,225.17,226.37,228.30,228.87,230.50,231.41,233.09,237.99,237.73,241.65,240.32,323.63,243.16,248.32,253.95,248.45,253.09,253.35,258.77,258.12,262.55,266.55,265.13,269.57,267.76,271.59,269.14,274.21,277.95,283.37,281.35,283.80,288.10,289.27,289.52,291.67,292.97,292.92,292.58,295.98,300.19,296.54,301.05,305.22,
930.00,171.57,172.26,172.51,175.06,177.33,177.16,178.57,180.40,182.16,184.36,187.43,189.16,190.33,191.22,193.02,195.12,197.74,197.74,200.50,198.88,202.39,204.08,206.15,209.42,209.34,212.53,211.15,283.88,215.11,218.99,222.78,218.65,221.49,223.47,229.76,228.72,231.31,234.85,234.68,237.09,235.97,237.87,236.66,242.60,244.84,250.27,249.33,251.90,256.48,255.87,256.48,257.43,258.98,260.01,258.98,261.91,265.18,263.11,266.99,268.97,
931.00,147.22,147.32,147.82,150.31,151.52,152.17,153.94,154.86,158.48,158.35,161.54,162.14,164.17,165.85,167.25,167.82,170.47,170.78,171.61,171.66,175.13,177.44,177.91,181.42,180.21,186.12,183.58,247.94,187.22,187.74,194.13,192.70,192.31,194.52,200.91,201.25,200.95,205.36,202.77,206.57,208.30,207.48,207.77,212.32,211.94,218.24,217.85,221.83,223.31,224.85,225.81,227.22,226.20,226.67,225.33,230.95,233.36,230.09,232.38,236.66,
932.00,124.95,125.91,127.38,127.37,130.32,132.27,131.95,132.37,136.06,135.84,137.38,139.07,141.33,141.88,143.51,146.18,145.77,147.40,146.29,148.44,150.97,151.50,152.97,158.44,156.79,161.47,158.87,214.39,161.64,160.86,165.91,166.68,165.89,167.54,171.28,174.05,173.86,178.40,174.65,181.34,182.90,182.04,181.25,186.71,185.41,190.18,191.31,192.36,194.69,195.48,196.01,198.86,196.43,198.00,197.98,203.03,204.50,201.37,203.27,207.19,
933.00,107.18,109.10,109.62,110.48,113.55,114.25,113.98,114.33,116.69,118.60,118.52,120.53,122.10,122.36,123.68,126.81,126.46,128.38,126.98,127.86,131.35,129.38,133.52,136.38,137.88,140.72,138.11,188.49,141.16,141.17,141.60,144.00,144.01,147.69,148.80,150.33,152.28,152.09,155.34,158.19,159.06,160.13,158.60,163.42,164.72,168.43,167.99,168.00,171.49,171.70,169.96,171.27,175.40,175.18,175.19,177.37,179.55,176.28,180.86,184.57,
934.00,92.98,94.69,95.65,97.09,98.68,98.71,100.08,101.10,103.16,104.10,104.02,104.91,106.98,109.19,108.35,110.82,110.65,112.40,111.14,112.29,114.80,115.10,119.59,121.61,121.98,123.92,122.32,166.86,124.87,123.92,125.50,126.30,128.67,133.94,131.30,133.23,134.66,134.73,139.38,138.78,140.82,140.63,143.43,143.02,145.63,150.05,147.07,149.24,154.34,155.05,151.97,152.85,156.83,155.77,155.33,157.69,159.98,158.22,160.51,165.70,
935.00,85.01,86.58,87.99,87.78,89.64,91.27,91.26,92.83,94.90,94.46,94.95,96.74,97.96,100.06,99.78,102.42,101.19,101.86,102.08,103.71,105.25,105.93,112.68,112.68,108.27,113.69,112.76,154.13,115.31,113.53,115.23,118.06,120.69,121.21,120.32,125.66,125.14,124.89,129.10,126.06,130.11,132.74,133.59,131.00,134.96,138.48,134.56,139.86,142.41,145.72,141.27,142.97,146.08,142.49,143.57,145.60,146.93,147.05,147.42,151.26,
936.00,82.71,85.26,84.83,85.62,87.76,88.66,88.55,89.84,90.69,92.26,92.30,93.42,94.79,95.77,97.29,98.91,97.90,98.86,99.63,101.65,101.83,100.33,107.79,107.54,105.89,109.35,108.42,150.29,110.53,111.03,111.58,114.38,117.72,118.69,115.91,122.70,120.52,124.41,124.03,123.40,127.84,129.54,131.35,128.64,132.50,133.60,133.33,134.71,136.76,143.25,139.74,139.19,144.15,139.12,142.80,142.17,144.15,144.15,142.62,147.66,
937.00,83.88,86.34,86.89,87.75,88.83,88.90,89.94,91.78,91.40,93.84,95.16,94.71,96.16,97.57,98.42,99.70,99.04,100.57,102.36,102.95,102.45,102.67,110.11,108.31,111.37,108.56,110.74,151.17,113.55,116.10,115.50,115.50,121.42,122.37,120.39,122.97,120.54,125.86,126.92,127.58,126.89,129.56,133.51,129.95,136.43,136.72,137.49,137.03,137.77,146.02,141.12,139.75,146.80,141.61,144.82,143.90,147.40,146.97,145.71,150.78,
938.00,87.68,89.55,90.29,91.05,91.41,92.34,94.01,95.70,95.87,96.81,99.97,99.42,100.34,102.57,102.20,102.77,103.69,104.07,107.05,107.05,107.41,108.89,115.43,113.09,114.06,113.11,115.89,158.68,121.46,122.87,120.07,121.01,126.60,127.07,127.06,131.23,127.05,131.72,131.73,131.27,132.65,133.59,139.62,136.36,142.42,141.49,143.35,143.34,145.20,151.73,147.99,145.23,151.74,148.01,150.35,150.32,153.12,152.67,151.73,156.39,
939.00,92.32,94.86,95.35,96.19,96.70,97.59,99.02,100.20,101.69,102.21,105.04,104.91,106.83,108.28,109.28,108.90,109.50,110.64,111.95,113.79,113.76,113.95,117.99,118.75,119.15,120.29,122.18,167.35,126.97,127.79,127.12,131.64,131.64,132.18,132.58,136.36,134.61,139.88,137.31,137.91,141.97,143.05,146.56,145.08,147.78,147.97,151.56,151.22,151.62,159.92,156.28,154.93,157.09,154.59,157.56,158.78,162.56,160.73,158.92,163.43,
940.00,95.17,98.47,100.03,100.34,101.26,101.53,102.57,103.18,104.83,106.74,107.20,108.81,111.03,111.98,113.79,113.59,113.36,115.93,116.65,118.80,117.65,117.66,120.34,122.47,124.95,123.71,125.35,170.83,130.98,133.38,132.61,135.10,135.20,135.49,135.01,139.23,139.38,144.97,141.60,144.87,146.69,149.65,149.48,152.33,155.57,152.61,158.27,156.07,156.25,163.62,161.17,158.58,162.10,159.14,164.87,165.93,168.33,165.17,167.06,166.89,
941.00,96.66,98.29,100.18,102.10,102.12,101.93,103.82,105.03,106.49,107.20,108.12,110.79,111.63,112.60,114.21,114.02,115.79,118.30,118.15,118.73,118.95,120.02,123.51,122.21,126.52,126.42,125.98,173.76,133.04,134.32,133.25,136.58,134.75,138.36,137.55,139.54,142.77,144.00,145.73,147.67,146.80,149.71,149.71,151.75,158.37,155.46,160.36,157.02,158.04,163.42,161.76,157.88,165.53,164.02,166.55,166.22,168.54,166.93,171.34,170.85,
942.00,95.60,95.92,98.80,100.41,100.06,100.25,102.72,103.77,107.68,105.14,107.33,108.77,111.27,112.68,113.73,112.40,114.51,117.29,116.38,117.71,117.76,119.46,123.66,121.99,124.83,126.20,123.36,172.29,132.15,131.38,132.34,136.74,134.41,137.15,135.48,138.90,141.73,142.41,144.85,145.15,145.54,144.57,146.03,148.27,154.92,154.52,155.50,158.13,159.01,160.87,160.48,159.11,162.63,162.63,162.04,163.80,165.17,166.62,170.54,168.98,
943.00,94.80,95.19,98.05,98.83,99.23,100.31,101.19,101.10,105.72,103.75,104.74,107.69,109.26,110.14,112.51,112.01,112.60,115.06,115.55,116.44,116.83,118.75,121.95,121.70,122.44,126.61,121.46,169.88,128.83,128.34,130.31,137.19,131.04,133.01,134.24,137.92,138.91,142.59,142.60,140.88,143.08,143.34,141.62,145.30,151.94,152.44,151.69,156.61,156.37,158.58,159.56,160.29,159.56,158.33,159.81,161.53,161.03,165.96,167.18,165.95,
944.00,94.01,93.90,96.07,98.13,99.11,99.23,99.83,100.14,103.38,102.75,103.82,106.31,106.90,107.22,109.71,109.36,111.45,113.94,114.73,113.82,115.64,116.23,120.48,118.51,123.35,125.92,120.98,168.12,126.81,129.48,127.20,134.22,129.77,133.13,133.33,134.52,137.68,141.64,139.36,141.24,141.64,138.87,140.15,145.39,152.01,149.74,150.63,152.71,152.90,155.77,157.94,159.72,158.54,157.15,159.72,161.70,159.43,163.28,164.86,165.06,
945.00,93.97,93.00,95.82,97.56,97.74,97.78,99.66,99.86,104.44,102.06,105.65,106.08,106.90,108.66,108.22,109.02,111.53,114.01,115.44,112.78,115.60,119.45,122.13,121.87,125.84,125.44,121.03,166.48,128.52,130.06,127.72,130.25,131.00,135.75,135.26,133.82,136.40,139.82,142.00,142.74,138.43,138.72,141.65,144.72,153.15,151.06,153.20,153.15,152.26,153.54,155.03,159.54,161.47,157.61,160.24,160.48,159.10,164.35,166.98,166.98,
946.00,94.32,94.60,96.46,97.45,98.12,99.48,99.56,99.83,104.15,102.21,106.21,106.78,107.72,108.51,108.75,109.91,112.13,111.76,115.50,112.92,117.12,121.06,123.14,122.86,122.45,127.52,122.86,167.38,129.89,130.68,127.41,131.49,131.08,133.07,136.54,136.04,137.82,140.50,144.16,139.81,140.81,139.33,141.49,145.26,152.59,150.31,153.01,154.59,155.08,154.09,154.60,159.34,159.34,158.35,161.82,160.33,159.64,162.52,164.98,168.67,
947.00,96.38,97.60,97.29,98.98,100.68,101.27,100.99,100.71,104.41,105.20,106.42,108.12,109.21,108.20,110.35,111.76,113.12,113.99,116.09,115.66,118.88,122.04,121.19,124.86,122.39,128.96,125.85,170.02,128.40,132.14,130.72,133.13,132.84,136.16,137.51,136.32,139.91,142.67,142.95,141.74,145.35,144.71,145.49,148.03,152.91,151.22,154.48,157.36,155.46,157.57,157.01,162.95,161.18,157.65,161.90,160.76,162.45,164.93,165.07,169.11,
948.00,97.09,98.46,99.05,100.23,101.60,101.80,102.60,103.59,105.74,106.33,108.90,109.69,110.67,109.89,112.04,113.62,115.20,115.77,118.55,117.15,119.53,124.07,124.58,126.03,126.52,127.03,127.99,170.35,131.42,134.90,135.38,131.93,135.86,138.34,138.36,136.38,143.25,141.78,144.77,147.19,147.70,148.19,146.21,151.60,157.53,154.58,158.52,158.03,156.06,157.05,156.56,163.41,162.46,158.05,165.40,163.44,163.45,166.87,167.85,169.35,
949.00,98.94,100.49,100.12,100.30,101.68,103.36,104.28,105.90,107.34,107.08,110.42,111.78,112.23,112.10,113.53,114.57,117.18,116.21,120.19,117.96,121.09,127.07,127.52,127.18,126.69,128.98,130.27,175.22,132.87,135.31,137.09,133.98,135.16,141.02,141.82,140.04,145.39,141.97,147.39,147.53,151.26,149.68,149.48,150.48,157.81,156.14,160.09,158.76,157.79,159.07,157.96,163.49,164.31,160.87,166.91,164.16,166.91,169.02,169.51,172.78,
950.00,99.77,102.51,101.47,101.54,102.53,105.15,106.11,107.18,109.02,108.87,110.42,112.14,113.88,113.04,116.50,115.80,117.93,117.08,119.18,120.61,121.63,126.17,127.50,129.92,127.62,128.59,131.98,178.39,133.43,134.58,139.78,137.06,135.18,141.30,143.60,144.14,146.62,144.02,146.68,149.22,152.73,148.74,151.16,150.13,157.15,159.03,158.42,161.45,160.78,162.60,159.99,164.35,164.23,162.29,166.47,167.07,169.98,172.22,172.40,174.52,
951.00,101.01,103.56,104.63,103.89,105.04,107.54,107.75,109.63,110.10,111.39,111.37,113.70,115.62,115.20,118.50,118.47,119.42,120.15,121.69,122.91,123.65,127.07,128.92,130.94,130.77,128.99,133.72,181.20,134.71,136.15,140.98,139.51,137.11,141.87,146.63,147.63,148.55,148.01,147.69,151.02,156.64,152.01,152.07,154.24,160.51,161.98,159.65,164.48,163.45,164.86,164.73,167.67,166.33,163.87,165.50,171.51,173.84,174.55,172.70,176.44,
952.00,102.15,104.27,105.89,105.45,105.65,108.22,109.07,112.11,111.68,112.11,113.49,115.21,115.92,117.14,118.92,119.11,121.15,121.48,123.96,123.15,125.05,127.83,132.47,132.11,134.49,129.85,134.85,182.42,136.05,138.55,141.40,138.66,138.86,143.39,148.40,147.22,149.96,149.85,151.12,153.74,158.30,153.54,155.06,157.32,163.73,164.32,162.67,163.28,164.94,168.02,167.56,168.40,168.02,167.54,168.02,175.40,177.53,176.83,174.81,179.09,
953.00,104.39,105.47,108.32,107.94,107.07,110.30,110.95,113.82,115.01,113.87,115.06,116.33,118.50,120.66,121.66,121.30,122.86,123.21,125.89,125.92,126.63,130.23,135.25,136.63,137.10,131.47,137.40,184.15,140.28,139.46,143.24,140.45,143.54,145.82,151.06,148.44,151.58,152.05,155.36,156.99,157.72,155.06,158.84,159.40,167.61,167.86,165.03,165.46,168.68,170.18,168.81,168.29,172.89,171.98,172.59,177.75,180.37,179.38,178.48,181.57,
954.00,107.48,108.88,112.19,112.32,111.62,115.20,114.26,116.38,117.81,117.43,118.18,119.74,122.16,124.17,125.57,126.64,126.70,126.80,129.28,129.49,131.51,132.95,138.67,139.14,138.39,136.44,141.21,190.38,143.77,141.82,145.98,148.79,147.79,150.01,154.85,153.51,153.79,156.52,159.29,157.67,161.36,159.34,161.97,164.98,168.37,169.85,166.74,170.77,176.67,175.07,174.39,172.65,177.09,177.56,176.88,180.31,184.08,183.00,181.32,186.50,
955.00,111.64,112.13,115.21,116.49,116.68,118.18,118.11,121.05,121.04,120.86,123.32,123.46,125.39,127.41,128.63,130.29,130.38,132.57,134.16,133.45,136.10,134.95,142.51,142.14,144.31,141.90,145.57,195.07,146.51,147.05,151.12,153.95,154.08,156.34,157.67,155.80,157.37,162.83,162.90,163.27,166.65,165.71,167.12,172.34,171.72,173.45,170.54,177.27,179.61,179.78,180.45,180.45,180.77,181.34,180.08,182.42,185.16,188.66,184.44,189.13,
956.00,114.41,114.23,118.03,118.51,119.43,120.75,121.31,123.30,126.16,123.09,128.59,127.18,129.31,132.48,131.75,133.71,134.64,135.89,139.12,136.62,139.02,140.12,147.77,146.65,149.88,146.52,149.20,197.21,152.43,152.65,154.58,156.38,157.84,161.76,162.01,158.99,160.86,165.52,169.63,169.22,169.50,170.90,171.52,177.46,176.50,177.62,176.90,180.88,183.47,182.53,185.08,184.90,185.80,184.15,185.55,186.26,187.20,190.99,187.91,193.98,
957.00,118.12,119.13,121.98,122.37,124.27,125.88,126.17,126.54,129.90,127.20,132.50,131.83,134.56,136.35,136.60,138.60,139.38,139.71,142.76,141.16,144.64,143.72,151.04,150.16,152.79,153.87,153.66,206.34,159.33,158.66,159.79,163.66,160.11,167.07,166.96,164.28,165.00,169.33,173.10,172.99,174.18,174.38,177.99,180.78,178.98,181.70,183.92,186.13,187.73,187.63,190.41,190.41,191.24,190.31,191.91,190.16,193.09,195.52,194.02,198.77,
958.00,122.77,123.95,125.76,127.14,130.31,129.65,130.34,131.09,133.61,133.12,136.76,136.81,139.17,139.55,141.23,143.58,143.21,146.59,146.54,147.71,150.24,148.10,152.21,155.51,156.59,161.04,160.08,213.61,163.42,163.85,166.53,169.34,165.19,171.87,172.06,172.02,170.64,174.90,176.67,177.75,178.09,180.59,183.12,185.42,183.78,187.31,189.19,195.14,193.76,194.60,195.64,196.60,196.94,196.02,197.44,195.72,198.32,202.51,203.01,205.35,
959.00,127.18,127.84,130.66,130.81,133.96,132.89,135.31,136.08,138.16,137.72,142.00,142.69,143.91,144.34,146.03,147.97,148.85,152.29,152.51,153.29,155.55,153.62,158.28,160.76,162.50,167.33,165.62,219.23,168.82,170.81,169.91,172.48,170.01,174.31,175.86,175.86,178.15,180.80,182.81,185.55,186.75,188.02,188.38,191.32,192.51,193.71,196.08,200.21,196.09,200.93,203.50,204.40,201.67,201.85,201.85,204.77,206.05,208.25,209.25,211.00,
960.00,132.61,134.47,136.10,135.72,138.67,138.98,141.18,141.81,144.05,144.04,147.27,149.84,150.46,150.95,151.73,153.24,155.46,157.40,158.73,159.19,161.66,160.32,163.96,166.28,168.56,173.06,171.88,228.19,173.51,176.88,176.61,177.65,176.34,181.48,182.20,178.38,186.16,186.43,191.03,193.44,192.16,194.57,195.07,197.67,201.49,202.45,204.67,204.81,202.53,210.31,208.98,211.44,208.26,209.99,211.09,214.86,215.59,214.81,216.90,217.31,
961.00,139.50,142.58,142.77,142.77,145.67,146.93,149.28,148.57,150.91,153.10,153.26,156.18,157.80,157.79,159.98,160.71,161.78,163.96,165.05,168.85,169.03,167.59,172.12,175.73,174.35,179.34,179.81,238.70,182.53,183.41,185.25,186.18,185.69,188.41,190.24,186.63,194.77,194.32,198.40,201.97,198.36,201.98,203.35,203.33,210.60,210.62,212.85,211.51,212.42,217.86,213.75,216.94,217.86,220.59,221.92,224.19,224.63,225.11,227.36,224.19,
962.00,145.40,149.26,150.05,149.62,152.41,153.73,156.07,155.83,156.92,161.32,160.17,163.85,164.64,164.64,167.89,169.16,169.40,170.90,173.13,176.10,176.52,174.69,178.90,182.51,179.80,185.23,186.28,250.03,187.35,187.03,192.31,196.82,193.06,196.67,199.08,197.43,203.16,205.11,205.29,207.54,207.53,209.80,210.54,210.25,216.73,218.99,218.99,220.03,221.40,226.53,221.54,225.91,226.09,230.15,230.00,232.40,232.56,234.21,237.68,233.00,
963.00,152.78,156.30,156.45,155.99,158.20,161.42,163.77,163.48,164.79,168.48,168.46,170.66,171.98,172.67,174.65,175.83,177.41,178.54,182.10,182.84,183.13,181.89,188.80,190.77,189.66,192.30,193.24,261.14,192.79,195.46,201.47,204.88,203.11,207.80,209.32,205.08,209.53,214.96,212.78,216.85,216.44,217.46,218.66,220.14,224.87,228.32,227.54,229.84,230.13,235.31,230.91,235.85,233.42,236.38,237.08,241.60,240.74,243.99,245.84,242.92,
964.00,160.36,164.34,165.05,165.03,167.06,170.47,172.31,170.72,173.79,177.18,176.69,178.68,181.18,182.63,184.23,184.77,186.06,186.32,191.85,192.04,191.34,190.13,199.51,202.70,199.17,200.41,201.34,272.44,203.58,206.28,210.50,214.05,214.00,218.10,220.39,215.43,217.72,223.18,223.95,225.35,224.02,228.12,229.43,230.88,237.11,240.28,238.92,239.42,241.64,244.00,240.78,244.47,245.69,246.19,248.84,253.39,249.36,253.92,255.32,255.66,
965.00,170.82,174.44,175.85,177.53,179.43,182.20,183.06,182.35,183.42,189.46,187.19,189.55,192.58,192.63,196.31,197.85,197.48,198.30,203.24,203.97,204.06,201.72,209.08,213.06,209.43,212.27,214.08,291.19,217.02,217.14,221.57,230.07,223.72,229.83,232.10,230.99,230.76,235.16,235.06,235.16,235.39,239.47,243.89,243.20,248.33,253.31,251.62,253.10,255.82,257.39,253.43,258.07,259.33,261.14,261.24,265.56,264.89,267.96,270.23,269.08,
966.00,183.80,185.70,187.12,190.23,191.29,193.00,195.69,196.45,196.34,200.90,200.80,202.25,204.79,205.17,209.32,210.12,210.54,213.83,216.99,216.93,217.69,213.76,221.27,226.39,224.12,225.48,228.72,308.50,228.72,232.15,235.97,243.74,238.50,242.32,244.26,246.66,245.23,248.21,248.66,248.73,249.64,255.85,258.70,259.35,263.17,268.16,265.63,270.29,271.59,272.43,270.81,273.66,276.45,278.00,277.22,280.20,281.11,283.12,287.71,288.49,
967.00,197.77,199.40,202.01,204.72,205.51,206.44,208.81,209.82,212.02,213.33,217.19,217.71,219.40,220.60,224.06,224.31,225.89,228.89,233.27,231.56,233.05,230.30,239.19,240.81,241.51,240.95,245.68,327.75,246.43,250.05,251.16,257.04,255.58,256.54,260.21,262.02,263.83,261.72,268.09,265.93,268.14,273.52,277.83,277.99,281.77,284.53,282.22,288.15,287.80,290.81,291.32,293.26,292.27,294.88,293.63,295.54,298.90,301.16,302.73,306.35,
968.00,211.59,214.84,216.43,219.71,220.50,221.66,223.93,224.80,226.13,228.12,231.22,232.53,234.94,235.20,240.25,240.21,241.59,244.15,247.36,246.89,248.98,246.16,251.58,253.57,256.91,255.73,262.41,349.49,265.74,266.20,268.01,271.62,272.07,271.98,275.23,276.13,281.91,276.49,285.69,283.98,283.71,287.68,294.54,292.56,300.22,302.39,301.66,303.39,304.64,308.71,309.07,311.32,308.79,313.76,312.85,312.50,317.09,318.54,319.90,322.51,
969.00,223.68,225.46,228.18,231.86,232.67,232.75,235.92,238.08,238.81,240.87,243.57,245.28,247.17,247.27,252.84,253.39,252.93,257.80,258.79,260.59,262.48,260.22,263.16,267.21,269.91,268.57,276.21,369.41,282.29,276.88,281.15,285.22,283.41,282.28,290.18,292.22,296.26,290.85,299.85,298.26,299.19,299.39,306.59,305.25,313.57,314.70,316.50,317.64,319.89,322.36,324.17,323.03,325.07,330.91,328.43,324.15,332.27,331.36,332.93,335.63,
970.00,229.62,232.77,236.66,238.82,238.80,239.78,243.11,244.94,248.08,247.40,252.55,253.42,255.37,256.05,260.14,260.89,261.99,266.55,267.63,267.37,270.93,270.13,273.41,275.53,279.79,279.34,283.41,379.02,289.09,284.73,288.12,293.06,292.83,290.81,300.76,303.85,305.73,301.37,306.71,306.02,311.42,309.09,315.47,314.57,317.95,323.11,322.31,328.72,328.37,330.38,334.27,332.92,334.51,339.53,336.46,333.37,340.43,341.84,342.44,345.96,
971.00,233.26,237.73,241.13,243.14,243.24,245.01,247.02,248.72,251.67,252.06,256.77,257.77,260.57,261.68,263.27,264.82,266.88,270.71,272.00,271.92,274.60,276.91,279.22,278.84,284.89,284.50,286.17,384.95,291.38,291.38,292.67,294.47,299.23,297.68,305.72,305.66,308.42,307.52,312.80,314.15,318.26,315.24,319.16,321.21,322.56,326.88,327.84,332.99,331.83,334.98,338.97,337.62,337.87,340.90,339.48,339.41,344.11,348.49,346.88,351.06,
972.00,233.83,237.50,241.77,244.13,245.27,245.86,248.29,249.85,252.82,254.25,255.96,257.37,262.92,262.12,264.22,266.51,267.54,270.81,271.96,273.42,274.57,278.00,281.62,280.71,283.38,286.63,286.67,386.41,291.18,292.37,293.20,294.76,298.90,299.48,306.09,307.57,309.62,308.84,314.88,312.91,317.63,315.99,320.01,322.56,325.43,327.98,330.03,331.67,330.93,335.00,339.52,336.31,340.67,341.08,341.49,344.40,347.40,349.21,346.09,351.30,
973.00,232.51,235.82,240.68,242.16,243.99,244.34,247.78,248.95,250.98,253.57,255.93,257.30,261.65,261.14,262.32,265.87,266.55,270.07,271.15,272.32,274.46,276.44,279.72,279.16,279.86,287.48,286.11,386.06,287.20,288.91,291.77,296.77,295.75,299.28,305.04,307.45,308.92,308.57,312.31,310.49,316.50,314.92,318.77,320.58,322.64,327.53,326.59,330.75,329.80,334.45,335.77,333.40,339.89,339.65,340.35,343.98,347.72,349.11,345.83,349.67,
974.00,233.12,235.98,238.29,240.45,242.02,242.93,246.54,248.34,249.91,252.51,255.63,255.66,260.60,260.68,260.29,263.72,266.22,269.16,270.65,271.36,272.57,275.64,280.40,277.66,281.69,286.10,285.31,381.53,283.52,290.48,293.11,292.73,298.63,300.45,302.62,304.82,306.51,308.18,309.96,309.09,314.19,316.39,318.18,318.68,321.04,325.53,323.78,330.93,328.61,335.12,333.94,332.34,339.11,337.74,339.19,342.88,346.53,348.36,346.53,351.06,
975.00,235.06,236.93,238.32,240.45,243.10,244.67,247.76,247.83,250.80,252.86,254.80,255.94,260.56,261.59,261.70,265.59,265.96,268.23,270.73,271.31,272.86,276.07,281.85,279.10,281.11,285.88,285.52,382.13,284.42,292.67,293.59,294.24,298.82,301.67,301.39,302.21,307.44,308.82,310.93,309.83,316.16,316.53,318.64,318.27,323.50,326.35,326.16,329.01,328.09,336.16,335.34,335.89,336.07,336.25,338.27,342.03,347.72,347.81,346.35,349.74,
976.00,236.66,237.71,239.99,241.92,244.31,247.20,249.15,250.39,251.09,255.12,255.85,258.06,260.72,262.06,264.09,268.00,267.05,269.61,270.79,273.24,275.63,276.66,280.60,281.26,281.85,288.29,288.95,385.93,289.15,291.83,296.71,297.30,300.72,304.86,302.89,302.56,307.42,309.26,311.56,311.76,315.04,317.29,319.06,318.27,326.82,329.38,331.29,328.72,331.22,338.72,334.63,338.13,336.87,336.16,340.96,342.40,348.51,348.38,347.13,352.26,
977.00,241.18,242.11,242.50,244.69,244.89,250.03,251.50,254.46,254.51,258.86,259.09,260.73,263.12,266.08,266.80,270.86,269.63,274.39,273.69,276.41,279.73,278.48,282.16,286.74,287.68,289.46,291.83,390.87,295.02,295.46,300.07,303.32,303.36,307.05,307.03,308.45,311.17,312.57,313.39,315.76,318.13,319.03,320.86,320.42,329.98,332.34,333.75,334.69,336.10,342.06,337.44,340.68,342.56,340.22,344.37,344.78,351.71,353.55,350.80,354.98,
978.00,245.34,246.96,248.51,249.86,249.23,255.16,255.58,257.66,259.99,262.14,263.99,265.66,267.93,271.30,271.69,274.69,275.95,278.32,280.60,280.11,284.60,285.58,289.38,291.20,293.10,294.16,296.00,397.80,299.69,300.91,304.01,307.37,308.73,311.06,311.06,313.18,315.70,319.85,316.02,322.64,325.52,326.14,326.28,327.09,332.60,335.80,337.51,341.83,342.59,347.23,343.05,346.90,348.72,346.58,348.75,349.04,356.12,360.25,356.88,360.74,
979.00,249.63,252.09,254.55,256.59,255.23,261.76,261.63,263.67,264.46,268.41,268.90,271.48,273.02,275.48,278.38,279.73,281.95,283.79,285.64,285.95,290.51,291.03,293.03,296.73,299.03,299.95,302.42,406.92,305.96,306.42,310.88,309.49,314.42,315.34,317.04,319.35,323.66,325.19,325.35,330.89,331.19,331.97,332.58,335.36,340.90,341.97,344.74,347.20,348.43,353.36,349.67,353.67,354.29,352.13,354.12,355.98,362.29,366.13,362.74,366.74,
980.00,255.73,257.59,260.56,262.96,261.85,266.12,267.58,271.09,270.17,275.72,276.09,276.84,280.53,281.83,286.08,286.08,288.49,290.35,292.38,294.59,297.92,296.08,301.15,304.86,304.87,306.26,309.96,417.74,314.59,312.28,316.89,315.97,319.68,320.14,322.46,328.90,333.07,331.25,335.86,337.27,336.80,337.73,339.11,341.45,348.82,349.29,353.44,352.54,353.93,359.01,357.63,359.48,362.25,359.46,362.69,365.01,368.27,374.72,369.65,372.44,
981.00,261.35,264.88,268.72,270.23,269.38,273.03,274.67,276.97,278.61,281.55,285.26,285.75,288.91,289.78,292.94,292.64,297.61,298.70,302.21,301.18,305.23,301.85,306.93,309.93,313.15,312.40,315.75,428.99,319.11,319.15,324.58,325.36,326.72,327.65,332.05,337.84,341.62,340.55,343.98,344.16,343.84,344.73,348.73,350.41,355.13,357.13,358.06,362.24,363.31,367.96,365.81,366.74,372.28,369.46,372.42,374.14,376.03,382.11,380.03,379.43,
982.00,269.10,272.72,276.04,277.28,278.31,280.69,283.42,284.00,285.85,289.33,292.86,293.33,297.11,297.77,301.34,300.06,305.52,306.99,310.29,308.65,312.04,309.56,314.59,318.09,322.76,319.78,324.22,438.00,325.39,329.95,333.22,330.12,336.37,334.91,340.52,343.03,348.70,347.88,352.96,351.32,352.91,354.42,356.81,361.20,362.01,363.18,365.93,369.72,372.94,376.56,374.40,374.63,380.76,379.95,381.64,381.87,384.03,388.53,391.40,387.25,
983.00,276.40,278.56,282.10,284.19,287.31,287.04,289.83,291.50,293.74,297.51,299.03,301.07,304.86,305.05,309.21,309.34,312.24,313.52,316.57,316.93,320.42,317.48,323.21,326.01,327.18,328.41,333.07,449.19,335.81,338.35,339.68,338.72,342.14,344.36,349.57,349.12,357.12,353.41,363.19,356.70,362.27,362.72,365.62,371.17,370.30,370.75,374.51,374.22,379.22,385.68,383.45,386.72,387.61,385.83,387.74,389.60,390.57,397.08,400.42,394.80,
984.00,283.60,286.21,289.67,290.18,294.08,292.90,296.83,299.12,301.45,304.61,307.23,308.37,312.53,312.11,315.23,316.95,319.83,321.90,322.88,324.92,328.42,323.17,329.58,335.43,332.43,337.20,341.44,459.81,342.87,345.11,347.64,347.99,348.81,355.01,358.30,356.30,362.92,361.49,368.48,366.11,365.89,368.36,373.45,379.77,379.04,379.99,384.48,380.85,386.51,392.42,387.46,393.59,395.93,392.58,398.02,398.37,398.27,404.53,407.16,406.21,
985.00,291.60,293.60,295.72,296.05,300.02,299.94,303.57,305.91,309.19,310.77,313.30,314.21,318.68,319.93,320.62,323.03,326.28,329.38,330.51,330.83,333.55,331.31,337.32,342.14,340.31,345.76,348.23,465.98,347.39,353.29,354.08,355.31,356.35,362.64,365.91,364.39,369.53,367.82,373.02,369.84,374.31,375.94,381.03,389.79,383.34,385.89,389.51,388.28,393.14,398.99,393.53,399.18,406.60,401.26,405.36,405.00,407.75,411.01,414.83,412.56,
986.00,297.28,298.80,302.31,302.90,306.00,306.42,309.90,311.99,315.28,317.39,318.53,320.24,323.56,325.50,327.72,330.25,332.77,334.35,335.88,336.08,340.75,340.88,344.95,347.84,346.31,352.73,351.73,472.56,352.16,359.94,359.81,359.37,361.86,369.37,370.90,369.55,375.18,375.57,377.11,377.45,384.57,383.74,387.15,394.89,389.56,392.44,394.41,396.76,397.38,407.25,400.61,406.77,414.07,407.86,410.70,411.27,414.59,419.31,421.80,419.26,
987.00,301.50,303.64,307.31,307.73,310.76,312.11,315.03,317.88,319.66,323.91,323.55,325.93,328.37,329.85,333.62,335.81,337.31,339.82,339.65,342.10,346.53,346.18,352.56,353.48,350.25,358.87,356.79,482.20,360.23,364.88,366.66,365.80,371.27,375.39,373.79,375.45,378.88,380.17,383.28,385.10,389.34,392.61,392.82,399.73,399.84,398.40,400.54,401.55,400.81,410.83,408.16,411.05,418.77,411.80,415.50,419.52,419.95,423.44,424.19,427.35,
988.00,306.18,308.75,311.41,311.58,313.62,316.26,319.90,322.61,324.54,327.49,329.78,330.45,331.59,335.50,338.06,340.10,340.89,345.17,344.92,346.68,350.85,349.50,356.17,358.59,355.95,361.27,359.78,488.67,365.58,367.82,370.41,373.72,375.30,379.43,378.24,384.36,382.60,383.35,388.09,388.57,392.49,396.62,399.26,401.41,404.58,403.56,405.81,404.58,405.28,412.05,413.28,415.92,422.47,417.46,420.97,424.67,424.62,429.50,428.22,430.20,
989.00,309.61,312.46,315.76,315.59,318.10,321.83,323.87,324.77,327.58,330.15,333.76,335.62,335.17,338.92,342.09,343.86,345.51,349.15,349.82,349.26,354.47,355.35,359.36,357.86,362.62,363.42,362.69,492.61,368.20,373.35,375.35,379.29,379.71,382.13,383.46,386.93,385.16,388.37,390.14,392.67,397.15,401.87,402.84,401.64,408.30,407.33,408.30,410.66,412.05,414.60,416.96,418.24,425.45,422.16,425.32,429.07,428.59,432.17,431.26,433.56,
990.00,310.83,313.75,318.34,320.48,322.50,324.40,327.05,328.80,329.47,334.27,336.73,338.86,338.48,340.97,346.37,347.27,348.24,351.86,351.66,352.67,357.11,357.60,361.95,365.47,367.50,366.14,365.64,498.72,374.98,375.47,378.98,380.14,383.64,384.72,386.55,390.35,388.89,391.13,395.09,399.67,401.92,404.83,405.88,401.90,410.76,410.18,409.97,415.71,415.92,417.77,422.52,422.40,425.26,426.70,426.42,431.66,433.69,435.82,435.15,437.86,
991.00,314.45,316.31,320.02,322.57,324.12,325.19,328.51,331.56,332.06,337.10,339.78,341.81,341.81,344.06,348.05,350.21,350.11,353.73,354.42,356.07,359.79,360.23,364.60,369.02,366.80,370.74,369.98,504.32,380.00,378.05,379.77,384.67,383.63,386.32,389.77,392.44,391.49,392.72,399.79,402.74,403.45,406.11,410.52,407.86,413.45,415.23,415.94,418.84,418.84,420.04,426.89,427.16,425.19,427.60,426.38,434.46,436.65,439.11,438.87,442.27,
992.00,316.75,318.81,322.68,325.15,326.26,328.83,329.97,332.27,334.79,338.37,343.43,343.98,344.58,346.61,349.07,351.69,353.37,356.66,356.81,357.79,361.11,360.49,362.53,370.82,368.70,372.22,372.63,504.87,378.60,379.11,382.81,389.29,384.45,388.80,392.24,394.53,396.02,395.69,401.84,405.61,404.71,404.87,412.66,409.79,415.21,417.51,420.38,420.87,423.92,421.68,429.24,428.24,428.26,430.64,428.83,438.10,440.07,440.88,439.33,444.01,
993.00,318.10,320.79,323.74,327.28,329.37,330.53,331.59,334.01,337.22,340.63,344.15,344.82,346.87,348.56,351.14,353.23,355.82,357.68,359.20,360.36,362.41,363.16,367.04,372.69,372.61,374.00,375.51,502.85,378.57,381.88,382.55,389.27,388.26,389.01,393.24,393.82,399.53,399.69,400.86,405.58,410.05,406.57,414.36,412.04,412.71,416.27,420.42,424.21,426.79,424.97,429.28,430.11,430.93,433.83,432.18,438.56,443.53,440.79,443.28,442.96,
994.00,318.52,321.83,325.34,327.97,329.58,331.18,333.29,336.50,338.91,342.74,344.03,345.84,348.65,349.36,352.88,355.28,357.20,358.20,359.51,361.81,364.82,365.89,369.17,373.19,370.18,377.43,375.66,507.27,378.46,381.70,381.96,389.74,389.97,389.49,391.75,392.25,401.55,402.06,403.01,408.05,413.08,408.58,414.10,416.10,413.57,415.12,419.86,427.16,427.17,428.19,430.42,432.17,432.44,433.46,433.20,438.45,443.47,442.71,445.73,443.95,
995.00,320.20,323.32,327.17,327.44,329.85,333.06,333.86,336.74,340.44,342.24,345.42,346.66,350.08,350.60,352.54,355.38,357.13,360.96,359.16,363.78,367.11,366.23,368.14,374.46,370.50,376.05,376.97,510.49,380.83,383.97,382.35,392.71,391.67,389.77,392.59,393.41,400.09,403.86,405.07,409.63,412.77,411.34,412.04,419.77,418.85,415.71,422.40,425.82,427.46,429.49,432.31,434.27,433.45,432.22,434.87,438.71,443.56,443.27,447.23,445.90,
996.00,321.43,324.29,327.15,328.61,331.08,334.35,335.35,335.81,341.34,341.83,345.14,345.68,350.41,352.25,353.82,355.19,357.76,361.79,361.24,364.11,366.66,368.73,369.31,372.17,371.79,374.99,379.25,510.63,380.41,384.05,382.52,394.06,390.69,392.15,394.40,398.21,400.63,405.15,404.78,406.38,410.77,410.40,412.44,418.43,418.13,416.15,421.12,421.84,427.32,427.76,430.04,434.84,433.96,432.87,436.79,439.00,440.90,444.48,445.50,446.66,
997.00,321.29,323.69,327.92,329.36,332.03,334.57,336.23,336.85,340.38,341.67,343.76,345.91,350.44,351.56,354.74,356.61,358.44,360.60,362.01,362.26,368.21,370.24,370.40,369.88,372.45,375.25,377.59,513.33,380.11,386.24,384.46,390.51,391.37,394.22,396.78,397.34,397.89,403.54,402.24,407.49,409.39,411.64,411.25,417.65,417.88,414.80,418.40,422.74,426.57,427.60,426.38,433.01,435.82,433.06,438.66,438.94,439.18,441.79,443.05,445.70,
998.00,320.28,322.80,327.22,328.18,330.98,333.87,336.46,337.45,339.27,341.42,343.97,345.18,350.00,350.04,353.73,355.22,355.75,360.64,361.03,362.04,367.63,368.78,368.78,371.76,370.95,374.45,376.81,514.81,383.70,388.05,383.45,387.24,391.37,391.70,397.05,396.82,398.19,400.59,404.86,406.96,409.03,410.98,409.91,419.01,418.72,414.88,418.09,423.77,425.24,426.28,426.98,433.46,435.05,430.81,436.30,438.22,438.95,443.04,444.48,445.74,
999.00,321.80,322.83,325.92,327.81,329.90,332.83,335.32,335.82,339.16,340.24,344.74,343.15,348.49,350.88,351.85,354.39,354.92,359.41,361.53,360.63,366.29,367.24,367.64,370.86,369.42,373.46,375.53,514.75,384.22,386.81,384.91,389.87,385.26,393.78,395.22,396.78,397.24,397.75,404.14,404.61,403.80,408.12,409.85,419.58,418.02,418.14,419.23,421.48,424.87,424.70,427.81,432.07,433.11,428.39,434.32,437.37,435.76,439.90,443.30,444.85,
1000.00,319.46,321.49,325.03,327.72,330.19,333.22,335.31,334.77,337.68,339.87,343.12,343.43,347.18,350.48,350.96,354.15,354.44,356.64,362.19,358.84,364.09,367.37,367.76,368.80,371.34,372.06,373.69,508.54,379.35,386.29,385.60,387.23,386.90,393.77,395.95,397.52,395.04,394.98,402.27,403.25,401.68,405.92,409.73,415.52,416.34,417.83,419.98,421.35,423.86,422.29,427.57,429.36,431.51,427.80,437.04,437.92,436.65,440.30,441.27,442.51,
1001.00,317.63,320.88,324.29,326.53,329.89,331.39,333.77,335.34,335.29,340.45,341.74,342.74,345.46,348.14,350.28,353.31,351.60,353.73,360.83,358.59,362.38,363.80,368.15,369.29,371.67,368.68,370.77,504.03,378.76,387.03,382.95,383.73,388.32,389.74,394.46,395.78,393.41,396.62,398.41,402.23,403.40,405.10,409.41,413.33,412.28,415.21,415.55,424.00,423.72,421.87,426.34,426.59,428.94,425.79,435.23,434.43,435.90,438.77,441.27,437.05,
1002.00,317.65,319.32,322.95,323.97,326.68,328.74,330.85,332.91,334.04,339.33,340.79,341.33,344.46,347.05,348.61,352.42,349.09,351.80,357.32,358.57,361.28,363.86,366.45,368.66,367.61,370.15,370.97,504.97,379.33,384.42,382.41,383.99,385.58,387.26,390.29,393.22,391.20,394.56,400.28,402.59,402.39,402.54,408.21,412.15,412.24,413.69,416.14,424.64,419.93,422.09,426.47,425.22,424.06,427.23,432.52,430.41,434.06,437.85,440.06,437.52,
1003.00,316.95,318.53,323.20,323.64,326.19,328.72,329.36,330.37,331.72,338.12,339.50,341.54,343.37,346.30,346.57,349.88,348.37,351.45,356.06,357.13,359.30,361.67,363.81,367.19,368.22,369.01,371.06,502.31,378.85,379.38,381.83,384.95,382.90,386.95,389.31,396.08,388.69,394.42,398.08,401.76,400.21,400.83,404.80,408.79,412.27,414.10,414.72,421.44,417.39,420.82,425.18,426.07,419.44,424.56,429.99,427.23,430.66,435.24,438.45,436.93,
1004.00,315.22,316.78,321.48,323.16,325.97,327.32,328.46,329.75,330.46,337.64,337.32,340.62,342.94,343.92,346.24,348.67,347.86,350.56,356.02,356.56,358.18,361.18,367.39,364.97,368.61,369.42,371.05,498.60,376.18,380.63,378.88,383.88,384.69,384.42,389.56,395.91,389.02,394.56,392.94,398.07,399.69,399.15,402.40,403.48,408.48,412.80,412.26,418.88,415.23,419.56,420.65,424.97,419.42,422.12,428.61,428.87,428.74,433.61,436.32,436.45,
1005.00,314.79,315.70,321.17,321.81,323.51,324.64,327.35,328.09,329.94,336.64,336.69,339.54,341.31,341.95,344.78,347.17,347.84,350.72,354.56,356.41,358.11,358.26,366.51,361.00,365.33,370.42,370.93,498.88,373.78,379.35,379.56,377.37,384.40,383.85,386.00,390.42,387.34,394.67,390.08,400.35,398.87,398.75,399.05,402.03,406.33,411.21,408.09,417.31,416.76,419.54,416.18,420.55,422.86,422.82,423.84,428.17,430.99,430.32,434.27,434.23,
1006.00,313.94,316.02,321.25,321.25,322.80,324.79,328.25,327.89,330.51,334.80,336.67,339.06,341.80,341.81,343.04,345.61,347.21,353.02,353.68,356.12,357.84,357.42,365.73,363.51,365.85,371.27,370.71,498.97,376.70,377.58,377.58,377.91,383.56,382.46,382.79,389.88,388.88,390.08,392.09,399.39,400.72,399.51,397.96,403.84,406.05,409.81,406.82,416.23,415.25,420.56,416.13,421.44,424.88,424.21,422.32,428.53,430.09,427.86,437.62,434.30,
1007.00,312.77,315.62,320.26,321.81,324.01,324.90,329.65,327.64,332.56,333.29,335.89,338.22,340.98,342.77,342.58,345.49,349.25,353.46,355.58,354.48,357.54,356.51,364.35,360.99,366.14,369.80,367.59,498.30,373.90,375.69,378.60,381.81,383.64,382.67,383.38,388.72,390.36,388.72,390.51,396.71,397.98,398.24,398.20,403.57,407.45,411.37,409.66,415.18,417.53,418.24,416.00,420.48,425.22,422.01,421.45,429.25,431.38,427.46,438.81,434.78,
1008.00,311.30,315.41,319.99,320.57,323.98,324.90,329.39,328.36,331.87,332.81,335.07,338.69,340.94,343.16,343.92,347.27,350.65,352.01,355.07,353.87,357.66,353.31,363.31,359.67,367.94,371.30,366.74,499.10,370.34,377.52,382.08,379.81,387.69,383.21,386.10,388.83,387.94,389.50,388.83,392.82,396.95,396.78,398.51,404.12,408.51,411.44,409.74,415.54,418.86,417.16,414.20,417.06,423.95,422.89,424.41,430.13,430.10,432.96,438.51,435.15,
1009.00,311.78,316.39,320.33,320.00,324.43,324.42,328.63,330.41,331.41,333.05,335.56,338.76,340.36,343.40,344.27,346.87,349.76,351.45,352.95,354.64,357.05,354.02,361.90,363.24,366.24,370.56,365.43,500.72,372.27,378.57,380.50,379.34,385.41,382.66,385.61,387.57,388.71,391.12,389.04,393.60,400.22,396.35,401.14,403.07,406.27,412.32,408.66,420.53,419.39,417.68,414.14,416.54,425.10,424.63,424.18,428.07,428.20,433.43,436.28,434.80,
1010.00,313.75,316.74,319.40,321.46,324.21,325.09,328.47,330.21,331.82,333.34,336.59,340.18,340.71,344.29,344.18,347.90,349.97,351.88,353.82,354.01,357.99,354.80,357.99,365.73,365.73,370.07,367.65,505.92,373.78,379.05,379.69,382.41,382.73,383.65,388.26,387.27,387.91,388.74,394.17,395.22,398.74,396.21,401.97,404.94,408.48,411.01,410.91,419.13,419.64,417.91,417.85,418.74,424.72,426.86,425.80,426.54,428.26,434.85,437.31,434.59,
1011.00,312.72,316.42,319.67,321.98,324.51,326.17,328.67,330.16,330.25,334.11,336.55,341.20,340.76,343.46,344.77,348.42,350.25,351.16,353.71,354.17,357.38,354.75,359.96,364.63,368.05,370.77,369.76,502.92,369.67,379.55,379.43,383.55,383.06,384.25,390.56,389.43,389.40,389.55,394.56,392.33,399.78,396.33,402.19,403.28,408.99,413.32,414.36,415.43,418.96,416.07,417.22,421.95,423.60,425.28,426.47,429.46,428.27,437.54,437.48,436.38,
1012.00,312.86,317.71,319.33,320.41,324.47,325.37,328.30,330.81,328.85,336.19,337.17,340.77,341.38,342.87,345.96,348.48,350.17,349.70,353.85,355.13,356.37,358.38,364.85,367.19,367.60,370.74,368.49,501.40,368.94,378.56,375.14,380.17,383.46,384.26,390.10,388.18,389.39,393.92,392.53,393.34,399.54,396.03,401.65,400.12,406.68,415.36,413.61,413.11,418.37,414.50,414.05,422.37,424.75,424.43,426.90,430.05,430.27,436.97,433.33,437.15,
1013.00,314.00,318.75,319.59,319.99,323.90,324.54,328.95,330.02,330.36,336.32,339.42,341.03,341.67,343.18,345.34,349.28,348.74,349.81,353.79,354.83,357.05,360.06,364.78,368.14,364.52,370.41,372.18,501.93,371.51,376.64,375.38,377.31,385.39,384.55,388.51,384.55,387.50,393.97,396.25,399.28,401.72,397.68,399.27,401.13,406.60,412.32,412.66,411.56,418.63,415.60,414.68,423.00,428.56,425.45,427.38,430.07,432.68,433.19,433.44,437.23,
1014.00,312.08,318.24,319.94,322.12,324.54,326.38,329.49,328.77,329.00,335.91,340.42,340.42,342.59,344.48,343.79,348.50,348.55,351.35,355.49,354.27,356.57,361.18,363.70,368.92,365.91,368.86,373.17,502.26,374.33,374.87,376.74,378.07,383.26,385.10,387.45,389.86,389.21,392.84,398.65,398.76,404.63,398.74,400.49,404.18,407.15,410.75,410.10,408.91,415.40,417.13,415.97,424.96,427.28,426.06,425.52,430.94,434.48,430.37,434.51,436.92,
1015.00,311.61,317.19,319.62,320.34,324.74,325.13,329.54,328.67,329.72,336.53,339.19,339.82,342.51,345.31,345.07,348.29,348.72,349.80,355.40,354.10,356.67,360.88,366.83,367.72,366.08,368.32,369.61,500.66,373.46,371.65,379.05,382.50,384.31,384.77,388.39,392.61,388.30,394.18,396.51,399.01,400.13,397.49,398.55,403.60,409.26,412.87,411.81,408.80,414.22,416.03,415.37,425.45,425.68,424.10,424.24,430.65,433.14,431.19,435.32,437.13,
1016.00,313.02,316.62,319.38,319.77,322.91,323.47,328.58,328.30,330.81,336.37,340.50,339.27,342.42,345.46,345.15,348.05,348.68,350.22,353.89,354.65,357.42,359.06,364.74,365.36,365.36,366.76,369.46,501.71,375.66,371.65,383.18,380.91,387.73,383.45,389.83,392.71,388.95,395.34,394.29,398.75,401.01,396.38,398.83,404.77,407.40,409.50,410.55,410.46,414.13,414.91,416.05,424.27,423.48,423.48,424.09,430.47,429.87,433.45,433.80,437.20,
1017.00,313.57,314.84,320.26,321.07,321.85,324.51,328.50,327.47,329.78,335.91,340.67,336.95,341.94,345.19,342.63,345.61,346.90,351.65,351.93,355.55,356.84,357.85,363.99,365.26,362.15,367.71,372.09,502.00,378.87,372.12,383.28,379.71,383.84,380.79,387.63,393.22,390.14,390.11,393.25,399.46,401.24,398.22,397.03,407.54,403.89,408.11,406.33,415.03,413.70,417.37,416.81,421.83,423.70,426.21,424.32,429.83,429.32,429.86,432.34,434.83,
1018.00,313.47,313.81,318.55,321.48,322.59,323.47,328.14,326.63,330.45,334.36,337.45,336.51,342.03,344.52,342.76,344.49,347.65,352.13,352.79,352.79,357.18,357.20,363.36,362.23,362.49,366.03,370.30,500.47,374.46,370.84,382.21,381.18,380.71,380.01,386.08,393.96,389.00,388.76,393.09,399.16,395.38,400.75,398.14,408.00,408.72,407.70,405.72,415.42,413.77,415.82,417.95,423.08,422.04,426.55,423.78,426.39,428.59,428.68,432.55,431.44,
1019.00,312.81,313.76,319.06,318.30,321.63,321.81,326.79,326.49,329.17,334.04,335.50,335.90,341.03,342.09,343.84,344.65,347.69,352.22,350.29,351.53,356.29,355.83,364.71,359.40,364.15,364.43,369.83,494.36,369.37,369.83,379.35,379.81,382.00,378.88,385.20,393.16,390.14,388.49,388.50,394.99,393.34,400.12,400.02,403.13,407.35,407.25,406.42,410.82,415.94,414.02,417.04,422.80,420.24,422.26,420.43,425.73,424.64,427.66,432.23,433.96,
1020.00,313.41,314.24,318.05,318.37,321.22,322.01,325.61,326.90,329.03,332.28,335.48,334.46,340.66,340.97,343.24,343.30,346.11,350.29,349.51,351.87,355.00,357.65,365.35,360.30,357.73,364.26,370.04,496.05,369.34,370.75,375.95,375.80,381.59,377.22,383.00,387.55,390.09,388.85,384.95,392.86,393.45,399.94,403.10,399.15,405.70,408.98,406.32,411.60,414.94,410.30,414.79,418.12,420.63,422.05,421.34,426.48,426.48,428.40,430.35,434.86,
1021.00,311.35,313.70,316.05,319.66,321.02,323.08,325.35,325.71,328.34,329.98,334.25,335.21,339.55,341.45,341.23,343.49,345.43,348.49,349.84,349.93,354.34,354.79,359.39,362.11,356.85,366.46,369.91,498.59,368.59,371.31,374.10,373.38,378.95,379.04,382.08,388.25,386.43,386.28,386.37,394.16,394.82,399.99,401.49,398.27,405.75,406.31,403.43,412.07,416.83,410.50,413.13,418.39,418.80,424.15,420.37,423.24,425.53,425.78,427.50,431.95,
1022.00,309.72,312.38,315.77,318.05,320.48,323.22,324.55,327.21,327.44,330.33,332.00,336.07,339.18,338.19,341.96,343.78,345.38,346.86,350.09,348.50,352.87,354.75,359.22,359.98,359.79,363.20,368.15,494.92,368.24,369.95,371.28,374.23,376.42,381.07,383.07,391.91,384.30,387.16,386.30,391.43,393.43,398.08,403.40,399.51,407.87,408.73,404.45,409.39,413.57,410.72,413.67,417.85,416.71,422.70,419.75,421.84,423.65,424.79,426.12,429.63,
1023.00,309.15,313.88,314.17,315.79,317.69,321.74,323.88,326.58,327.42,331.94,332.87,334.67,337.86,337.06,341.61,344.03,344.60,344.56,348.88,348.11,352.66,356.32,359.04,359.04,359.14,365.87,365.16,497.64,367.89,372.56,372.56,373.67,378.11,381.24,385.98,391.40,383.90,388.77,384.03,388.03,392.14,394.79,402.16,398.19,408.18,409.52,408.85,406.29,413.49,409.56,416.28,418.30,413.49,420.32,419.65,422.34,423.04,427.75,427.18,431.72,
1024.00,309.39,312.34,313.14,316.34,317.15,323.11,323.57,324.72,327.00,330.64,334.51,335.39,336.90,336.96,340.12,342.73,342.46,344.43,347.46,347.90,353.21,354.45,357.85,360.26,358.11,368.05,366.69,498.03,370.35,372.08,372.12,369.67,379.60,377.83,381.53,387.23,384.78,391.11,385.83,388.28,396.18,396.86,402.14,399.27,404.07,407.05,404.64,409.73,410.04,410.04,414.27,416.73,412.34,419.03,422.12,424.05,422.16,429.48,427.08,432.20,
1025.00,307.56,310.06,313.38,316.23,318.45,324.05,324.53,324.42,325.90,331.95,333.13,334.23,337.37,336.98,339.77,341.65,342.25,346.09,348.97,346.95,352.45,352.98,357.60,357.68,356.50,366.81,365.55,497.21,370.17,370.93,371.54,373.14,377.04,379.29,378.30,387.73,384.60,390.48,388.84,390.71,396.67,397.47,399.72,404.84,402.97,405.11,405.52,412.59,406.67,412.97,412.78,412.67,417.21,420.34,421.22,423.28,422.90,426.03,425.54,430.54,
1026.00,308.96,310.32,312.82,314.20,318.61,321.39,323.37,324.45,326.15,332.31,330.12,333.97,336.72,335.67,342.02,341.45,342.63,345.38,349.05,345.92,352.86,353.98,359.05,352.13,359.83,363.89,365.16,491.25,367.25,368.88,375.76,375.10,376.61,381.13,377.80,384.69,385.30,392.46,387.55,390.09,393.00,397.99,396.56,404.83,403.56,405.60,408.43,408.39,404.99,416.82,416.82,413.30,416.70,418.67,417.32,423.04,422.23,426.48,430.62,428.65,
1027.00,310.21,309.87,313.76,314.55,317.26,320.48,321.61,322.51,326.46,330.88,329.52,333.36,335.16,336.68,342.11,340.41,342.11,346.10,348.43,346.62,352.10,351.28,357.77,356.77,361.58,361.43,361.58,488.89,365.67,372.58,373.58,375.69,377.81,380.77,377.96,381.77,382.90,395.73,384.31,386.84,390.09,396.31,396.31,399.98,400.11,404.63,410.40,407.58,407.15,415.49,416.79,413.37,414.78,413.52,414.78,423.53,419.72,425.80,430.03,430.88,
1028.00,308.96,307.95,313.26,316.47,319.11,320.85,321.29,320.72,326.49,329.47,327.67,331.04,334.90,338.68,340.86,339.77,341.70,346.29,349.50,347.30,352.23,350.53,356.84,359.28,356.27,361.28,360.23,492.59,366.30,373.42,374.33,377.19,374.24,380.97,376.14,375.62,381.21,395.55,385.27,390.76,391.91,395.50,396.21,397.70,397.84,403.57,407.21,408.78,409.64,417.00,411.84,411.98,416.28,413.61,413.08,425.07,423.64,427.03,429.95,426.56,
1029.00,310.29,306.47,312.97,315.25,319.39,318.18,319.84,321.50,327.48,328.15,325.23,331.61,333.63,338.28,341.20,340.95,345.60,345.87,349.70,347.07,350.85,348.51,352.26,358.88,357.62,357.85,360.19,495.10,365.34,373.32,373.22,377.79,372.29,379.78,380.51,377.89,380.61,389.80,390.05,392.86,393.64,393.01,393.74,396.56,398.95,398.02,404.59,409.74,412.76,416.31,411.20,409.69,416.11,415.53,409.84,421.52,423.65,424.18,426.52,426.52,
1030.00,310.16,306.73,313.55,314.62,318.55,316.77,317.89,321.88,326.40,328.00,326.47,330.08,332.52,336.68,340.47,340.41,345.42,343.86,347.14,347.69,348.26,348.91,353.70,361.11,363.33,353.40,359.01,492.80,363.03,374.07,368.84,377.89,368.40,378.33,380.29,379.38,377.15,384.41,388.02,389.78,391.13,392.18,393.80,393.77,399.17,398.56,404.20,408.80,413.42,412.51,410.76,409.10,411.77,411.77,409.10,421.43,425.15,423.08,427.85,423.52,
1031.00,308.93,306.59,312.11,314.83,318.54,317.32,317.56,320.96,327.92,326.04,329.13,328.23,332.47,337.99,339.20,340.34,343.67,342.53,344.81,348.96,349.04,349.27,353.44,360.24,357.03,355.32,354.94,496.65,363.64,374.81,367.81,369.35,371.02,375.95,379.55,375.18,375.00,381.43,387.11,388.81,390.69,390.14,393.54,391.64,401.67,399.21,403.38,409.05,412.84,405.85,410.57,408.30,406.60,410.56,409.43,419.27,426.08,424.20,429.86,423.62,
1032.00,307.90,305.30,312.34,315.73,318.22,317.30,316.97,319.82,326.14,324.39,328.63,328.73,332.38,337.52,337.31,340.06,342.22,343.48,344.68,348.72,348.67,346.53,350.32,361.18,354.43,357.32,357.32,498.22,366.76,373.44,367.47,365.09,373.25,371.32,372.73,374.53,377.36,376.14,388.15,389.05,393.54,392.13,394.96,391.36,397.52,399.51,398.87,410.50,411.78,405.23,405.04,404.72,409.15,407.80,414.29,418.78,423.47,425.07,427.26,426.68,
1033.00,305.47,305.60,313.00,314.53,316.94,315.60,317.21,320.94,322.01,324.51,327.56,327.79,331.69,334.10,337.20,339.71,341.20,341.16,344.06,348.76,345.76,347.59,352.51,357.13,355.77,356.89,355.68,492.94,364.64,369.46,366.87,369.55,369.22,373.14,371.24,378.40,376.85,372.03,388.95,388.95,389.64,392.63,392.09,393.87,400.48,396.89,397.58,410.13,407.44,405.64,405.85,400.60,413.15,414.72,415.17,414.96,420.33,423.46,424.25,426.15,
1034.00,304.28,308.61,309.78,313.53,314.24,315.53,316.66,319.59,321.59,324.67,327.82,326.77,331.39,334.01,335.61,340.32,339.21,338.65,342.14,346.69,346.06,348.33,352.54,351.32,354.32,358.54,354.32,490.24,362.72,367.50,370.50,366.05,375.13,376.65,375.70,381.47,373.46,375.09,386.44,382.99,384.62,391.61,389.21,391.61,400.79,398.40,396.39,402.92,405.96,408.01,408.58,404.78,411.77,411.54,413.32,413.13,417.54,422.51,423.31,423.69,
1035.00,301.85,305.00,309.17,314.03,313.61,317.63,317.37,317.86,319.99,324.01,327.12,326.93,331.10,333.40,333.27,339.75,335.09,341.40,341.63,346.33,345.62,347.19,352.05,354.64,350.35,360.31,356.34,488.92,365.82,368.73,366.54,366.79,374.56,375.62,374.72,381.60,375.53,381.53,382.01,382.82,385.25,390.76,390.11,388.74,397.15,398.94,399.58,397.48,405.50,406.96,403.88,406.39,408.90,408.74,412.87,413.52,416.19,423.56,423.96,425.75,
1036.00,300.08,305.38,309.04,312.95,313.13,317.08,317.74,318.39,317.92,324.24,324.21,325.81,330.27,330.79,331.88,337.80,336.49,340.18,342.59,343.80,343.76,348.51,349.34,353.81,350.06,362.13,360.30,490.33,364.50,367.79,366.61,371.08,371.64,376.93,376.65,377.57,374.74,382.96,384.15,385.43,386.15,390.00,390.09,391.36,394.01,395.49,394.84,399.41,405.62,408.45,401.51,408.09,410.92,409.18,414.30,413.39,415.95,426.55,422.99,426.18,
1037.00,301.65,307.88,307.06,309.50,310.10,315.11,317.37,319.15,318.15,324.57,324.09,325.90,329.72,329.31,331.06,336.88,337.40,337.47,341.33,342.67,343.48,344.08,351.16,349.20,350.87,356.89,363.10,482.98,358.92,365.60,365.42,374.89,369.88,374.96,378.95,380.73,377.21,382.58,388.24,381.17,386.10,388.78,390.27,396.11,395.75,391.76,394.91,400.29,403.62,409.47,403.26,407.43,410.48,410.95,414.94,412.44,413.82,419.74,420.13,422.35,
1038.00,301.13,307.65,307.52,310.23,310.78,316.75,315.99,318.41,320.06,322.39,323.32,325.94,329.59,327.42,331.03,334.37,334.63,336.79,338.48,341.95,343.18,341.25,353.85,350.67,347.30,354.49,362.01,479.32,355.55,367.20,363.81,370.58,371.54,370.69,380.54,377.69,377.57,383.60,384.98,379.16,381.49,386.57,388.48,391.86,396.95,395.25,395.46,397.69,402.36,406.90,407.96,407.42,407.44,408.60,411.99,412.30,415.68,418.43,419.92,416.12,
1039.00,301.01,306.52,307.90,311.23,312.90,314.83,315.82,318.71,320.30,319.93,321.43,325.81,328.91,328.77,330.26,332.72,332.86,337.31,338.56,341.02,343.40,342.44,349.79,352.77,344.16,354.96,365.11,485.41,356.10,368.68,363.97,367.01,372.92,368.74,375.69,371.38,378.09,385.10,383.78,380.79,381.13,385.50,387.68,391.99,393.83,392.97,398.42,395.84,398.48,402.33,406.29,410.48,403.59,408.75,411.74,412.20,418.23,421.27,421.27,415.64,
1040.00,303.94,307.08,307.16,309.54,312.01,310.66,313.39,319.23,318.38,320.71,319.30,327.87,328.71,328.22,331.45,333.84,335.16,337.13,338.89,339.66,342.68,340.42,348.68,350.07,346.59,349.20,365.87,484.49,359.04,366.92,365.36,366.57,370.40,366.57,370.96,375.20,379.39,378.66,384.29,381.32,381.66,384.83,386.39,391.85,391.85,391.48,394.99,398.33,398.87,403.79,400.97,405.16,405.55,410.98,413.42,413.61,419.93,420.98,417.81,415.71,
1041.00,302.46,307.62,308.19,309.94,310.55,309.98,311.16,318.83,317.56,321.30,319.35,327.37,328.19,327.08,331.93,332.45,333.10,335.87,339.40,339.09,340.88,340.94,355.90,347.84,349.50,346.81,362.66,482.12,358.32,361.27,366.01,370.09,367.54,366.90,369.72,377.12,378.15,376.49,383.39,380.70,379.17,385.04,385.44,390.55,398.47,392.60,394.00,397.58,399.50,402.95,405.00,401.68,405.50,412.16,410.87,411.27,420.72,418.30,416.64,415.74,
1042.00,301.03,304.32,306.15,311.83,312.38,309.09,312.91,315.85,318.42,319.15,320.07,327.38,327.21,329.39,330.87,332.89,331.97,337.63,338.74,340.19,342.39,343.77,354.31,346.96,347.43,349.26,362.08,486.11,358.40,363.91,368.50,364.38,371.23,365.27,374.00,376.29,377.16,378.09,379.07,374.46,379.02,382.22,388.63,387.28,396.90,392.30,394.10,392.30,398.26,401.48,404.67,405.12,401.92,405.62,407.42,411.06,419.75,413.83,415.64,416.11,
1043.00,299.23,301.48,305.60,308.53,311.47,308.41,312.84,316.09,317.40,319.96,318.59,327.40,325.96,329.71,330.52,331.65,332.21,340.45,340.08,340.95,342.01,343.58,353.88,350.29,348.26,352.63,364.19,489.75,362.16,361.23,364.03,361.85,365.91,365.29,365.60,371.38,376.53,381.99,371.06,373.25,384.49,381.37,389.49,388.86,394.33,392.30,399.48,393.70,401.98,399.96,401.83,405.42,400.58,403.86,406.98,412.29,419.16,413.85,417.44,417.44,
1044.00,296.36,301.54,307.16,305.38,309.52,306.84,312.14,315.52,316.17,320.26,318.72,326.12,324.79,327.85,330.35,330.87,332.20,337.89,340.05,339.80,340.95,342.23,358.64,345.68,347.64,351.31,358.18,486.19,358.93,357.68,364.56,363.77,361.35,365.35,363.77,370.30,375.89,376.05,372.56,376.84,388.34,379.72,389.80,390.43,396.01,387.84,396.46,398.26,400.80,404.01,402.71,404.92,404.80,404.46,409.42,415.79,413.09,412.92,416.25,420.58,
1045.00,293.54,300.60,304.90,305.73,307.87,307.87,313.15,313.50,318.03,316.65,320.19,324.72,323.51,327.26,329.80,330.38,331.52,337.02,337.60,340.00,340.37,341.77,358.85,346.19,352.03,353.95,355.37,482.72,350.00,356.42,362.73,364.18,364.76,363.35,366.76,371.58,374.48,375.57,373.03,371.62,387.76,379.92,393.67,389.72,396.57,386.86,399.59,399.51,399.00,408.29,402.45,398.53,407.35,404.92,411.30,416.16,411.27,407.31,410.72,418.59,
1046.00,291.84,298.49,304.26,304.77,307.17,309.75,313.36,311.47,315.80,314.32,319.29,323.24,322.28,326.39,327.25,327.01,329.88,338.00,334.05,339.31,339.77,341.72,355.01,347.59,347.28,355.73,351.01,481.57,348.73,355.15,357.15,357.87,366.88,362.88,367.02,364.57,372.61,378.34,367.16,370.75,379.17,379.75,390.18,384.04,396.91,386.62,399.63,395.91,397.05,406.19,407.92,402.50,402.61,402.19,410.06,413.06,412.78,408.64,411.64,415.93,
1047.00,291.87,299.06,303.94,301.09,307.04,309.25,311.21,313.18,312.68,317.10,316.28,321.84,320.77,323.46,326.90,327.39,331.08,336.12,334.57,336.29,337.43,338.37,345.31,347.96,349.01,355.52,354.08,483.76,354.11,353.69,358.80,356.15,368.20,365.94,365.94,361.86,367.57,377.78,366.78,375.76,381.44,381.05,388.23,383.30,388.59,385.55,397.18,395.37,396.37,402.49,399.40,401.26,401.47,402.28,407.21,406.37,411.89,410.87,410.27,413.73,
1048.00,294.00,302.05,302.28,302.18,303.57,307.13,308.53,310.90,311.82,317.64,317.12,320.60,319.77,320.41,326.84,326.43,330.51,333.23,332.82,335.40,335.36,337.19,342.08,346.45,354.78,349.83,352.80,477.27,354.10,355.24,354.67,361.59,364.61,367.27,367.37,369.92,366.12,373.61,370.96,379.75,375.49,382.77,387.97,384.38,385.53,382.67,392.61,398.02,395.26,405.09,392.61,393.18,403.12,405.20,405.67,402.44,412.48,414.67,410.40,411.81,
1049.00,292.46,299.07,301.70,303.35,304.16,310.15,308.87,308.54,310.66,315.19,318.16,318.77,318.68,320.20,325.42,322.25,329.38,330.14,331.79,335.57,334.67,338.59,343.17,346.13,352.00,347.42,350.60,478.54,350.60,358.64,355.46,360.38,369.25,371.15,369.47,368.75,361.21,375.84,370.65,378.19,370.65,382.32,383.61,382.66,383.72,384.22,387.96,395.39,392.10,400.47,396.00,394.94,400.58,405.66,401.64,395.28,410.25,414.38,409.07,412.98,
1050.00,292.16,298.21,300.08,300.72,304.94,308.75,306.45,309.15,311.64,316.29,315.22,316.60,319.53,321.48,322.99,321.90,329.27,330.67,333.90,334.03,334.58,338.21,334.97,347.90,346.82,348.72,357.11,478.47,356.29,361.65,354.69,354.64,367.92,370.09,367.45,367.41,364.68,377.91,366.58,373.59,369.78,380.90,383.32,380.38,376.57,388.47,386.26,388.21,389.03,395.52,395.00,399.28,395.78,399.28,399.02,391.97,409.83,412.82,411.17,405.51,
1051.00,297.76,300.62,301.07,301.96,305.63,308.31,305.56,312.13,315.85,319.34,316.93,319.45,322.12,322.94,327.25,326.29,331.30,332.82,338.06,336.46,337.09,343.65,338.54,348.19,350.42,351.53,360.64,482.55,358.87,368.63,358.14,364.55,365.10,371.78,368.17,369.09,368.63,380.50,370.86,382.19,378.66,383.58,387.38,384.04,378.93,392.68,392.30,394.91,394.07,394.91,395.18,405.40,398.06,403.44,403.63,397.14,414.12,419.88,419.23,410.97,
1052.00,295.76,297.19,300.73,302.91,304.30,307.10,305.60,311.67,316.19,315.34,317.13,315.89,320.73,323.82,325.28,325.54,329.44,329.80,337.98,334.44,336.55,347.71,340.15,342.51,351.20,345.84,358.18,482.22,346.24,363.78,359.23,367.35,358.34,371.74,371.74,375.07,368.33,377.50,376.28,379.93,380.83,383.26,384.16,385.37,383.02,386.91,385.78,394.47,393.49,399.17,399.17,401.61,404.62,403.72,406.97,401.45,409.48,418.74,416.46,414.11,
1053.00,295.25,294.48,298.95,300.93,303.05,306.04,305.03,310.48,315.38,311.20,315.84,316.77,320.70,325.05,323.28,325.93,326.81,329.83,335.09,332.56,337.29,344.40,337.11,346.52,346.40,348.84,352.01,484.89,344.52,364.26,356.65,361.81,359.81,365.30,374.07,374.91,368.58,376.39,375.23,371.10,378.91,381.03,385.36,383.55,389.61,387.16,390.52,392.84,392.64,398.77,403.54,395.81,408.26,408.06,404.26,402.77,409.10,410.26,414.38,410.90,
1054.00,296.91,292.92,299.34,297.74,300.12,303.74,303.20,311.22,312.47,311.64,312.59,315.50,320.20,323.94,323.17,326.38,325.25,329.52,333.98,331.78,334.16,341.65,335.26,348.78,342.68,352.93,351.90,490.03,348.04,358.28,353.82,363.33,358.42,363.33,372.10,368.98,369.87,375.81,371.36,371.94,373.73,381.16,384.43,381.31,396.90,387.25,388.73,387.70,394.23,396.02,410.12,399.58,402.25,405.08,400.32,408.78,405.82,407.90,413.39,407.45,
1055.00,295.40,293.91,300.21,298.20,297.82,302.16,303.61,309.99,311.43,311.45,312.88,314.86,319.26,321.22,324.09,327.46,326.96,326.08,330.97,330.94,333.36,344.70,339.87,338.92,343.60,350.98,350.94,481.46,346.11,351.02,355.74,359.43,358.29,359.47,374.01,368.00,369.21,371.65,378.80,375.23,376.60,379.00,388.62,382.57,391.29,382.57,387.48,390.94,396.01,393.54,403.47,399.66,403.24,403.28,399.66,414.16,403.28,405.72,416.64,404.50,
1056.00,294.44,292.33,298.81,299.81,298.47,301.78,306.97,305.81,308.62,306.65,314.65,315.65,318.65,321.99,322.33,325.85,324.67,322.62,327.48,329.62,331.30,338.32,344.51,342.07,349.11,347.80,345.42,473.35,344.11,349.91,349.51,355.42,361.55,361.61,369.11,369.56,370.81,367.52,380.35,377.00,371.33,377.46,387.91,387.00,394.10,374.96,381.21,389.96,394.56,395.81,401.60,396.20,405.80,403.30,400.81,415.80,403.30,407.85,416.65,409.95,
1057.00,292.90,291.19,298.89,299.23,299.23,301.97,307.96,306.76,306.77,306.25,311.90,313.96,317.89,323.20,319.61,320.29,322.69,322.86,326.28,331.24,330.22,333.39,345.80,343.23,347.50,349.22,343.22,472.91,347.94,350.07,353.49,349.23,367.62,363.77,369.33,362.92,365.92,366.33,378.75,377.46,362.50,376.61,383.03,385.17,392.88,376.60,376.61,382.61,389.45,391.16,403.57,396.72,401.86,401.43,398.43,414.70,401.43,402.73,415.13,412.56,
1058.00,291.79,292.86,296.52,299.72,298.11,297.60,306.57,306.05,305.53,308.15,308.71,312.90,317.11,320.30,320.81,320.28,325.55,322.94,325.57,330.84,327.69,329.77,339.05,346.90,349.64,349.57,348.26,473.53,353.51,346.94,354.91,349.57,369.30,361.47,357.48,361.44,368.07,368.04,369.39,378.62,366.73,375.97,382.57,378.62,387.82,378.58,381.26,378.61,389.15,386.50,391.76,399.72,399.68,393.12,395.74,410.23,402.35,401.06,411.60,407.63,
1059.00,290.94,290.66,291.09,300.66,295.82,297.49,306.47,303.76,305.54,306.43,310.81,312.00,313.82,318.31,319.94,318.31,322.54,321.56,324.86,330.68,327.23,322.90,342.48,341.50,351.48,342.37,345.83,461.17,347.79,343.72,360.97,357.01,355.43,360.10,358.25,359.23,368.12,368.12,374.90,386.23,369.10,373.54,380.59,379.45,378.97,376.63,381.19,382.54,387.59,388.57,381.68,402.01,393.88,395.72,394.86,403.86,402.99,407.06,413.34,415.30,
1060.00,287.72,287.89,290.28,299.58,297.98,298.86,305.70,302.52,306.01,305.87,307.70,307.93,312.38,319.07,317.00,314.45,320.90,321.20,323.13,330.99,329.00,322.77,339.88,338.89,349.04,341.85,338.48,461.79,341.27,347.01,369.28,356.99,356.75,358.61,365.11,364.53,364.35,367.72,374.68,380.47,373.86,371.49,377.46,382.62,380.82,370.50,378.62,387.96,388.19,398.69,384.59,393.00,395.73,399.10,397.35,398.75,402.11,408.08,409.30,418.23,
1061.00,288.34,289.99,286.47,293.29,296.14,295.06,302.97,303.03,305.31,305.38,303.69,307.03,311.56,316.70,317.27,315.08,320.19,325.84,323.62,328.70,328.70,319.89,330.92,345.27,343.69,344.00,338.21,463.70,343.92,350.91,362.25,359.63,349.32,356.70,362.48,362.01,361.06,369.78,360.74,372.48,372.40,365.18,373.83,375.26,385.25,372.48,386.84,383.90,388.11,402.30,390.88,390.09,396.43,407.94,393.82,391.04,400.88,400.88,403.57,413.80,
1062.00,287.49,289.59,287.51,291.47,292.88,295.82,298.83,300.13,305.87,303.51,303.05,307.25,307.49,310.87,316.83,314.73,319.18,321.14,323.17,325.83,325.85,325.33,333.23,339.03,335.24,343.69,336.11,460.62,343.74,345.47,359.22,365.66,343.14,357.76,364.79,353.38,359.22,373.24,353.10,375.30,379.73,363.01,372.65,373.84,385.21,369.73,391.38,379.68,387.86,397.50,388.45,399.28,391.65,402.75,388.45,391.97,399.87,396.03,398.68,412.71,
1063.00,285.29,287.52,288.43,292.61,295.16,297.25,297.69,298.14,305.78,297.68,305.03,303.23,307.27,310.11,314.29,316.09,319.98,316.09,323.72,322.51,327.00,325.18,335.31,330.83,335.68,337.17,336.78,448.19,338.67,345.78,356.95,367.08,341.29,356.22,367.44,361.52,355.48,364.06,357.34,369.67,380.90,362.59,375.65,376.05,376.42,370.80,390.24,379.77,386.15,397.38,385.39,393.20,389.51,397.35,388.78,395.86,402.60,393.26,402.23,413.07,
1064.00,284.64,287.45,285.80,291.18,293.01,294.91,296.00,296.19,305.04,295.10,301.63,306.58,307.74,312.70,311.28,314.59,313.24,319.97,320.45,319.90,325.28,323.79,335.70,336.49,335.07,334.01,334.33,440.09,339.23,352.03,352.51,358.78,346.71,352.99,367.47,361.20,350.98,365.05,358.46,372.06,375.43,361.84,370.37,378.33,383.07,372.85,385.81,379.70,385.97,396.51,390.71,387.66,387.97,398.51,387.50,398.35,397.62,393.45,399.09,415.16,
1065.00,285.08,287.98,289.00,290.19,289.11,292.74,292.46,297.84,301.19,296.09,301.76,304.94,307.66,310.27,309.59,315.88,313.62,319.06,318.72,317.13,320.59,323.88,323.17,344.87,328.42,333.95,342.18,450.23,349.13,347.28,352.53,353.52,354.23,353.52,357.49,352.81,349.98,366.71,355.93,365.15,372.10,361.18,366.57,369.97,377.91,381.88,380.03,365.15,385.42,388.82,390.95,386.27,385.56,394.92,389.25,396.34,401.02,383.15,392.51,410.66,
1066.00,281.19,286.15,289.08,292.91,286.93,292.78,291.63,294.30,303.75,295.31,303.87,303.99,306.91,307.68,309.21,316.59,314.56,315.19,316.59,316.34,319.65,317.07,326.35,342.58,335.28,331.44,341.92,446.37,355.32,343.20,359.47,351.16,352.10,348.95,351.16,355.98,355.01,368.68,355.01,363.59,380.48,363.59,368.99,363.28,375.04,386.19,378.23,362.31,385.56,375.98,387.16,384.91,380.44,386.50,390.34,392.87,397.95,382.69,393.52,402.42,
1067.00,282.68,282.33,284.93,291.13,286.88,291.19,291.33,291.54,300.89,295.44,304.89,301.39,307.59,310.69,308.14,314.44,311.39,317.54,313.44,316.99,317.20,315.35,329.72,340.85,338.97,334.35,331.97,445.39,348.47,348.98,360.86,358.98,346.48,346.48,349.98,359.23,352.73,366.86,360.86,363.86,377.11,357.10,363.86,361.98,365.23,379.11,369.35,367.61,388.49,379.61,378.49,380.98,378.49,386.36,389.87,386.62,397.49,388.49,390.12,397.49,
1068.00,279.35,283.35,285.99,286.64,286.66,290.30,291.31,292.30,296.29,297.98,301.26,299.61,306.93,313.24,305.28,313.25,311.26,318.55,313.58,317.88,318.87,318.88,320.52,342.18,329.66,340.52,328.03,451.78,348.82,349.60,363.70,353.78,351.23,343.79,362.06,359.56,358.77,361.22,362.02,357.03,376.97,353.76,364.54,363.73,369.55,378.70,371.23,379.52,388.64,381.13,379.52,372.03,390.32,396.97,391.96,386.95,395.28,394.44,390.30,394.44,
1069.00,277.56,284.35,283.19,285.61,283.77,288.33,289.69,291.14,296.48,299.39,302.39,298.03,306.76,310.93,305.50,313.26,313.07,317.04,314.72,316.85,317.53,317.72,318.94,342.46,326.70,349.50,328.15,451.36,350.22,352.16,353.86,352.65,342.95,342.22,355.56,348.53,360.17,365.02,350.47,353.13,372.29,353.62,363.56,355.32,373.02,379.09,373.51,377.39,386.12,380.78,384.18,381.27,388.30,394.85,386.60,374.72,384.91,388.30,388.06,392.91,
1070.00,276.15,275.74,279.76,286.71,286.31,291.02,288.39,286.57,296.69,298.26,303.93,295.45,305.21,309.67,302.83,309.78,308.94,311.86,315.63,315.92,314.38,319.25,336.18,329.51,322.65,342.03,317.44,441.38,340.94,340.01,352.17,361.22,339.29,345.22,361.58,348.70,359.48,356.29,357.10,356.65,378.50,357.02,366.06,358.75,363.24,367.80,376.48,375.11,386.90,377.13,381.61,386.54,386.17,386.54,386.17,373.01,384.44,387.91,395.22,388.92,
1071.00,273.77,274.39,279.28,281.15,286.79,289.95,287.82,287.59,293.91,300.26,299.02,291.55,305.29,311.20,299.60,308.53,308.53,311.07,314.62,316.98,318.09,319.87,331.54,324.87,320.87,337.43,316.09,437.24,330.54,340.99,343.32,359.55,344.99,345.77,360.99,354.66,358.77,348.54,361.55,352.32,374.00,361.77,364.33,365.33,361.21,363.11,374.00,380.33,388.22,376.00,374.00,382.89,383.89,390.00,383.89,372.44,385.67,388.00,400.11,389.44,
1072.00,278.31,278.44,276.38,278.69,278.88,285.25,284.52,287.44,293.80,304.54,298.24,293.26,304.86,306.51,300.36,309.89,308.31,314.33,314.33,315.79,315.85,322.55,324.69,333.32,315.74,337.28,326.03,442.44,336.80,335.94,332.13,348.21,346.55,344.56,356.13,345.68,353.99,349.71,359.45,353.67,359.45,368.24,357.79,370.22,370.22,362.78,368.72,372.52,383.13,379.17,382.65,380.83,387.96,390.26,389.94,377.35,382.65,382.97,403.01,393.74,
1073.00,278.39,272.67,278.64,283.12,279.93,288.69,286.50,288.69,293.52,300.99,298.80,291.48,302.48,297.45,299.74,305.72,308.70,307.71,312.04,315.97,313.73,320.17,329.88,325.53,324.28,332.12,335.98,446.86,341.95,332.62,337.84,342.95,351.29,345.19,345.57,339.71,350.41,359.75,349.42,356.01,360.62,369.08,359.25,368.96,367.21,373.31,369.08,362.98,384.01,374.68,386.25,380.28,388.62,389.49,388.62,376.05,387.74,377.42,398.94,390.98,
1074.00,277.73,273.43,280.31,281.00,282.13,286.43,285.66,288.62,293.13,295.32,298.01,291.09,299.72,295.61,300.49,305.55,308.43,304.31,310.25,315.97,314.14,315.47,331.04,325.03,338.88,325.58,339.15,441.48,339.42,331.50,341.79,346.34,340.87,345.15,337.96,348.98,351.35,353.98,351.80,360.63,358.54,370.74,357.54,367.37,366.64,375.47,368.10,363.54,383.85,369.28,381.48,386.49,376.93,376.66,390.77,384.31,388.86,373.83,397.50,387.22,
1075.00,282.82,277.41,280.50,277.41,279.71,282.85,287.62,293.01,289.25,293.84,295.50,293.86,297.80,297.75,299.37,303.31,305.63,305.63,307.96,315.84,314.27,315.37,332.88,330.92,337.14,329.08,338.93,446.52,336.85,344.74,348.60,335.13,344.63,352.40,338.81,352.64,346.70,356.49,352.64,362.25,354.48,364.44,354.48,372.10,364.39,366.40,356.73,370.03,380.05,374.06,376.08,376.37,374.29,376.19,391.80,385.87,391.80,372.28,397.56,385.87,
1076.00,279.22,278.93,285.86,281.03,277.85,284.00,289.61,293.89,288.27,291.23,294.17,293.39,295.24,296.58,301.09,301.63,307.24,302.73,308.32,316.07,310.20,316.62,318.58,332.65,331.30,333.31,347.38,454.88,345.33,341.32,354.04,319.28,351.34,349.99,340.06,348.03,355.35,359.35,345.33,356.65,345.98,362.05,357.35,376.08,368.67,379.39,366.02,374.08,380.04,373.38,383.35,369.37,382.05,384.05,392.76,392.76,395.42,388.71,398.12,389.36,
1077.00,275.72,277.39,284.73,284.18,283.65,285.85,289.39,290.17,290.17,286.96,297.90,294.36,294.56,296.79,301.97,301.15,303.28,299.22,309.60,313.96,306.85,311.27,328.97,323.40,333.72,330.28,337.82,450.37,346.09,332.33,354.28,320.86,337.82,349.45,334.38,339.21,359.03,359.61,348.13,365.17,348.13,359.03,361.08,371.32,369.92,380.16,372.71,370.58,378.12,369.92,384.26,371.97,378.77,386.31,395.23,387.62,391.72,380.74,387.04,392.45,
1078.00,275.87,278.36,282.59,278.28,284.99,285.80,283.37,289.31,285.80,287.53,293.35,295.00,292.57,303.36,298.32,297.51,300.09,299.23,309.29,311.75,307.65,317.64,334.16,321.62,340.43,323.91,327.89,451.21,338.47,330.31,359.44,330.05,338.61,357.22,342.65,344.94,359.44,355.06,357.28,367.47,361.46,361.40,369.76,367.87,353.17,373.87,375.96,374.01,376.23,359.51,369.83,369.63,374.14,378.32,396.93,388.64,392.82,382.57,384.66,390.73,
1079.00,273.89,280.38,285.64,277.25,285.64,282.23,282.42,289.57,285.45,290.90,287.21,292.99,293.32,300.85,298.10,297.25,303.03,302.18,310.38,309.86,307.87,316.11,323.82,326.30,332.35,327.13,322.51,449.65,337.79,332.70,352.85,331.39,343.84,355.81,347.15,352.37,359.59,354.50,356.16,366.82,354.98,356.63,363.99,370.26,362.90,364.69,369.43,380.44,378.79,365.51,374.40,361.38,377.48,377.48,395.02,388.15,387.80,387.32,389.45,392.41,
1080.00,270.31,276.20,280.97,277.91,286.16,282.48,280.74,282.09,290.31,289.89,291.38,293.34,292.92,295.33,298.34,294.66,299.91,300.55,308.16,307.06,301.20,314.24,325.05,324.62,320.21,340.27,325.12,453.41,346.30,334.87,342.51,346.23,337.04,351.77,344.69,346.86,348.54,355.00,351.21,369.66,344.69,348.54,347.42,358.85,364.26,368.61,364.26,378.42,377.30,366.92,378.92,359.91,386.49,382.14,396.87,391.96,387.05,395.75,383.83,397.93,
1081.00,270.98,269.12,277.44,270.89,288.53,285.07,280.90,276.38,284.44,285.87,291.99,290.31,292.33,293.14,294.65,289.59,299.60,296.05,309.72,303.52,304.66,319.82,333.75,307.59,323.96,338.40,327.75,446.98,334.40,330.39,347.26,359.20,331.97,341.47,331.97,352.76,347.69,356.13,345.47,371.85,352.12,345.47,347.48,345.90,356.34,371.64,363.20,376.28,374.07,366.99,365.63,362.06,384.08,379.86,396.01,383.15,380.72,389.58,375.86,400.87,
1082.00,271.69,266.27,277.61,265.37,286.41,278.68,281.72,275.39,285.74,285.74,283.44,287.87,293.79,290.76,291.49,287.96,299.38,299.95,305.22,301.52,305.13,307.26,329.26,312.80,328.02,327.60,325.34,440.77,317.75,340.94,334.59,357.39,333.14,339.32,332.11,361.48,343.62,347.12,354.71,373.21,349.59,342.60,340.77,348.95,354.71,358.63,359.44,377.51,369.71,361.27,360.67,380.58,370.95,364.17,390.04,382.03,376.28,377.51,369.50,396.82,
1083.00,268.18,262.82,272.04,267.11,275.90,275.02,280.90,271.12,285.16,286.43,282.74,287.92,293.98,285.86,295.68,289.76,298.24,303.02,304.51,298.59,300.43,305.49,319.31,320.73,313.37,331.36,331.36,453.49,316.12,339.61,332.25,343.24,344.75,333.58,339.16,356.18,331.28,340.49,364.51,374.17,344.66,343.33,339.16,355.74,359.90,348.38,347.94,382.94,364.95,372.40,352.99,377.36,372.40,363.62,385.25,383.39,377.89,373.73,377.45,387.99,
1084.00,264.68,254.18,267.34,269.38,274.54,281.60,279.56,270.16,280.33,282.71,286.93,280.51,295.86,281.45,292.73,293.98,298.68,295.39,304.16,295.86,301.98,298.17,319.28,309.88,311.42,325.18,334.58,451.73,319.28,337.32,324.75,335.74,343.60,330.65,324.37,346.34,335.74,341.59,351.42,358.86,347.49,347.11,342.79,355.74,359.24,349.46,347.87,368.26,358.86,367.88,361.59,385.87,375.31,373.35,384.33,379.63,369.03,377.28,384.71,390.61,
1085.00,263.63,255.07,263.05,262.13,270.19,276.92,275.54,271.31,282.34,279.38,283.26,280.46,296.25,281.88,289.52,293.32,295.71,295.33,297.13,298.21,301.05,288.04,314.46,306.10,318.11,308.60,327.61,436.92,313.30,322.91,334.92,344.52,327.61,333.76,327.81,342.12,333.56,337.12,352.97,349.22,361.53,354.12,345.67,354.23,355.07,343.07,350.57,354.02,356.53,362.38,355.17,388.99,364.78,365.93,380.44,373.33,369.68,363.73,384.09,376.69,
1086.00,262.81,261.34,258.76,262.44,262.81,271.64,268.70,276.93,279.38,281.96,280.98,278.52,296.07,282.57,287.97,291.04,292.02,293.99,295.71,302.46,300.86,291.84,308.40,314.55,303.19,309.03,324.67,442.21,307.18,327.13,346.16,331.11,324.67,339.71,341.55,350.76,329.89,325.59,354.74,333.56,368.56,352.29,351.98,350.76,342.16,339.71,351.98,361.19,351.68,348.92,344.62,390.96,361.19,366.10,374.38,364.56,371.62,365.80,390.35,366.71,
1087.00,254.78,257.09,258.09,266.37,262.75,277.65,267.14,276.41,284.39,280.03,280.37,272.86,291.25,278.66,289.48,293.03,294.03,289.48,293.50,300.77,295.21,276.51,305.75,324.83,302.06,319.06,323.50,449.86,315.96,326.17,336.81,336.06,314.95,345.52,348.03,350.12,323.50,328.52,342.42,334.88,352.47,348.03,351.88,350.54,352.47,351.72,344.93,363.10,357.49,358.67,353.64,378.18,361.77,370.64,366.79,353.64,378.18,373.74,389.40,358.08,
1088.00,258.40,261.91,255.59,260.97,262.80,272.12,264.44,272.07,286.26,273.71,283.22,275.35,285.89,280.08,290.01,287.34,287.72,286.69,291.00,302.56,292.87,272.59,328.10,313.80,306.55,320.01,320.48,434.88,318.96,312.86,330.78,346.24,303.50,339.09,345.77,336.52,319.90,337.46,333.94,324.58,354.91,344.72,350.34,342.14,347.29,366.27,349.76,355.02,352.44,360.75,355.02,371.53,373.52,379.73,366.38,353.50,387.93,386.40,387.46,361.69,
1089.00,261.25,266.36,259.91,256.96,261.30,266.70,261.30,275.88,278.38,271.82,277.04,275.10,279.33,286.61,284.61,278.27,282.44,283.50,285.67,300.41,299.02,287.89,317.94,299.02,314.46,317.10,317.38,420.58,304.31,309.31,333.23,344.09,306.53,338.10,335.88,340.88,327.67,333.52,335.60,327.67,357.02,348.81,356.59,345.60,349.09,375.51,362.02,349.37,354.23,359.80,351.31,375.09,365.37,370.51,357.30,351.59,383.44,378.44,373.29,370.23,
1090.00,255.98,259.65,264.32,259.56,258.15,263.23,259.56,270.07,278.33,277.99,269.65,273.33,272.99,282.42,286.00,282.75,281.67,287.09,287.09,293.26,297.27,291.09,307.36,318.20,317.37,320.08,316.32,416.40,302.55,315.71,320.91,329.04,313.61,337.18,341.55,337.40,329.04,334.46,344.26,333.41,345.31,346.97,353.44,343.21,349.68,358.03,351.78,347.80,346.14,366.77,350.73,373.46,366.99,356.98,355.32,360.52,388.68,376.18,379.72,358.03,
1091.00,259.00,256.78,260.50,260.13,261.60,260.50,260.12,263.47,276.45,273.85,273.11,276.45,272.74,272.38,283.52,277.95,275.34,278.33,286.47,285.73,289.44,290.37,317.24,311.72,318.20,325.61,319.11,423.97,320.94,311.72,312.65,321.93,332.11,329.33,341.39,322.85,333.92,333.96,344.22,333.98,331.20,351.59,353.44,350.66,361.79,359.01,353.44,354.39,349.74,373.88,353.44,358.09,372.94,362.72,354.37,371.99,388.70,375.72,384.05,357.16,
1092.00,256.85,252.30,262.58,253.35,261.48,254.58,261.46,263.72,268.26,274.09,269.32,271.69,267.19,271.71,276.21,277.40,274.00,274.07,281.95,280.85,288.84,291.02,308.27,296.91,331.11,313.75,322.54,413.67,331.05,302.50,302.67,319.69,328.08,322.60,322.43,316.83,339.67,345.21,328.25,336.93,322.48,353.89,353.89,348.12,362.57,356.74,359.54,342.24,348.24,371.02,368.22,356.63,379.58,368.16,359.65,382.49,373.93,367.99,373.81,365.36,
1093.00,251.22,248.44,258.79,247.99,256.18,249.61,260.58,262.47,264.08,280.34,267.03,269.48,268.31,265.09,270.37,275.50,270.82,282.51,276.67,278.11,286.58,289.39,299.97,302.19,322.52,310.55,317.51,405.62,327.39,309.85,308.04,313.47,320.43,328.50,327.11,325.58,332.12,332.82,334.35,339.78,332.12,345.62,348.96,343.40,348.13,341.59,355.51,335.46,349.66,358.01,360.52,346.74,369.71,363.16,357.32,381.81,367.20,347.43,354.39,364.28,
1094.00,248.02,237.04,252.23,247.76,255.20,254.83,260.30,254.63,260.30,280.38,267.17,266.02,266.28,253.17,270.24,273.83,270.50,279.81,282.46,274.09,277.68,290.97,293.96,314.12,301.50,308.92,323.10,416.62,333.50,308.92,310.48,293.18,314.25,322.31,340.26,341.05,332.07,312.69,321.80,331.29,326.22,336.62,353.01,344.04,338.05,328.43,341.18,343.26,356.00,344.82,342.61,343.39,343.39,357.56,352.36,386.70,358.35,332.98,344.95,370.96,
1095.00,241.68,232.26,251.34,242.19,261.12,252.57,258.91,247.91,253.79,271.26,263.45,260.02,261.12,252.05,264.79,273.58,273.35,274.81,278.87,273.58,274.57,271.99,301.95,307.77,298.31,304.71,311.12,404.38,332.22,304.71,290.62,291.51,295.55,308.07,335.28,323.05,326.11,308.66,307.77,328.87,311.72,329.46,338.63,348.39,338.63,335.87,319.99,347.20,360.02,339.52,348.09,325.81,336.16,348.39,350.85,375.60,350.85,324.24,347.80,360.91,
1096.00,241.61,237.29,240.57,234.22,249.99,242.28,253.05,246.03,243.07,267.82,256.12,259.87,255.44,257.16,259.29,266.68,268.03,274.85,265.43,271.67,273.39,269.82,298.17,301.29,296.22,282.83,290.50,391.80,308.06,291.67,311.56,310.39,288.81,302.72,324.83,318.33,318.33,307.80,307.27,316.64,330.81,326.26,343.29,345.25,324.57,343.56,318.33,337.32,357.47,332.50,343.82,323.14,334.20,348.37,346.68,368.79,346.68,338.48,343.56,368.00,
1097.00,237.84,227.77,235.86,233.31,237.03,247.67,245.72,246.76,237.37,267.39,251.05,256.73,254.64,258.81,260.08,265.42,266.93,273.77,265.65,265.08,276.08,281.65,273.84,310.01,284.84,278.46,283.67,394.64,285.42,308.58,310.92,309.17,298.44,306.56,309.75,329.46,314.11,290.63,321.92,311.77,339.02,331.48,341.04,354.96,326.27,335.83,319.90,329.46,343.96,323.09,333.23,337.27,310.34,337.00,335.83,352.36,344.81,336.42,337.85,367.12,
1098.00,228.67,227.37,234.95,235.80,239.93,250.35,244.07,242.54,240.16,251.65,250.42,250.19,254.48,254.48,259.30,265.36,264.44,261.38,259.23,257.09,263.14,260.38,263.63,316.10,272.25,280.48,285.84,399.18,292.35,316.28,311.31,305.94,288.14,305.37,315.13,313.99,299.25,286.42,324.90,297.71,327.01,334.66,331.41,353.62,329.30,321.64,293.50,333.70,336.77,329.87,331.41,330.26,307.09,318.39,330.83,343.28,356.87,339.64,335.81,350.36,
1099.00,231.99,235.98,229.33,231.89,230.56,235.88,239.15,239.35,234.55,242.53,249.08,255.21,249.18,257.45,255.82,255.73,259.10,247.75,257.15,252.45,258.58,261.33,273.89,281.83,276.17,277.21,284.35,386.67,290.51,312.24,307.38,310.95,297.40,295.62,293.34,304.05,295.62,307.38,318.64,275.67,320.67,333.97,320.43,347.02,340.87,332.19,304.05,335.26,320.43,332.19,337.79,324.00,320.92,322.71,325.54,332.19,357.24,343.94,335.51,338.83,
1100.00,223.88,227.02,228.33,231.48,223.46,235.13,233.12,240.06,230.26,237.06,240.20,248.22,244.00,257.60,250.52,248.08,253.38,244.93,254.03,245.22,258.53,262.15,258.75,275.39,288.99,256.76,282.90,378.45,276.80,318.89,309.74,317.25,292.75,296.50,282.90,309.39,301.89,307.05,319.24,281.84,319.94,330.14,322.64,324.40,339.99,327.10,309.74,314.55,306.70,326.74,344.10,324.40,336.59,329.44,320.30,320.30,369.89,350.54,327.10,343.74,
