Date,2024/11/25,2024/11/25,2024/11/25,2024/11/25,2024/11/25,2024/11/25,2024/11/25,2024/11/25,2024/11/25,2024/11/25,2024/11/25,2024/11/25,2024/11/25,2024/11/25,2024/11/25,2024/11/25,2024/11/25,2024/11/25,2024/11/25,2024/11/25,2024/11/25,2024/11/25,2024/11/25,2024/11/25,2024/11/25,2024/11/25,2024/11/25,2024/11/25,2024/11/25,2024/11/25,2024/11/25,2024/11/25,2024/11/25,2024/11/25,2024/11/25,2024/11/25,2024/11/25,2024/11/25,2024/11/25,2024/11/25,2024/11/25,2024/11/25,2024/11/25,2024/11/25,2024/11/25,2024/11/25,2024/11/25,2024/11/25,2024/11/25,2024/11/25,2024/11/25,2024/11/25,2024/11/25,2024/11/25,2024/11/25,2024/11/25,2024/11/25,2024/11/25,2024/11/25,2024/11/25,
Time,12:00:00,12:01:00,12:02:00,12:03:00,12:04:00,12:05:00,12:06:00,12:07:00,12:08:00,12:09:00,12:10:00,12:11:00,12:12:00,12:13:00,12:14:00,12:15:00,12:16:00,12:17:00,12:18:00,12:19:00,12:20:00,12:21:00,12:22:00,12:23:00,12:24:00,12:25:00,12:26:00,12:27:00,12:28:00,12:29:00,12:30:00,12:31:00,12:32:00,12:33:00,12:34:00,12:35:00,12:36:00,12:37:00,12:38:00,12:39:00,12:40:00,12:41:00,12:42:00,12:43:00,12:44:00,12:45:00,12:46:00,12:47:00,12:48:00,12:49:00,12:50:00,12:51:00,12:52:00,12:53:00,12:54:00,12:55:00,12:56:00,12:57:00,12:58:00,12:59:00,
Memo,EKO 711,EKO 711,EKO 711,EKO 711,EKO 711,EKO 711,EKO 711,EKO 711,EKO 711,EKO 711,EKO 711,EKO 711,EKO 711,EKO 711,EKO 711,EKO 711,EKO 711,EKO 711,EKO 711,EKO 711,EKO 711,EKO 711,EKO 711,EKO 711,EKO 711,EKO 711,EKO 711,EKO 711,EKO 711,EKO 711,EKO 711,EKO 711,EKO 711,EKO 711,EKO 711,EKO 711,EKO 711,EKO 711,EKO 711,EKO 711,EKO 711,EKO 711,EKO 711,EKO 711,EKO 711,EKO 711,EKO 711,EKO 711,EKO 711,EKO 711,EKO 711,EKO 711,EKO 711,EKO 711,EKO 711,EKO 711,EKO 711,EKO 711,EKO 711,EKO 711,
Sensor,MS-711,MS-711,MS-711,MS-711,MS-711,MS-711,MS-711,MS-711,MS-711,MS-711,MS-711,MS-711,MS-711,MS-711,MS-711,MS-711,MS-711,MS-711,MS-711,MS-711,MS-711,MS-711,MS-711,MS-711,MS-711,MS-711,MS-711,MS-711,MS-711,MS-711,MS-711,MS-711,MS-711,MS-711,MS-711,MS-711,MS-711,MS-711,MS-711,MS-711,MS-711,MS-711,MS-711,MS-711,MS-711,MS-711,MS-711,MS-711,MS-711,MS-711,MS-711,MS-711,MS-711,MS-711,MS-711,MS-711,MS-711,MS-711,MS-711,MS-711,
Exposure Time(msec),20,20,20,20,20,20,20,20,20,20,20,20,20,20,20,20,20,20,20,20,20,20,20,20,20,20,20,20,20,20,20,20,20,20,20,50,50,50,50,50,50,50,50,50,50,50,50,50,50,50,50,50,50,50,50,50,50,50,50,50,
Sensor Temp.(deg),24.6,24.6,24.6,24.5,24.6,24.6,24.6,24.6,24.6,24.6,24.6,24.5,24.5,24.5,24.6,24.6,24.6,24.6,24.6,24.7,24.7,24.6,24.5,24.6,24.7,24.6,24.7,24.6,24.7,24.7,24.6,24.6,24.7,24.6,24.6,24.6,24.5,24.6,24.6,24.6,24.6,24.5,24.6,24.7,24.7,24.6,24.6,24.6,24.6,24.6,24.6,24.5,24.6,24.5,24.5,24.5,24.6,24.5,24.6,24.6,
Power(V),5.9,5.9,5.9,5.9,5.9,5.9,5.9,5.9,5.9,5.9,5.9,5.9,5.9,5.9,5.9,5.9,5.9,5.9,5.9,5.9,5.9,5.9,5.9,5.9,5.9,5.9,5.9,5.9,5.9,5.9,5.9,5.9,5.9,5.9,5.9,5.9,5.9,5.9,5.9,5.9,5.9,5.9,5.9,5.9,5.9,5.9,5.9,5.9,5.9,5.9,5.9,5.9,5.9,5.9,5.9,5.9,5.9,5.9,5.9,5.9,
Wavelength(nm),Irradiance(W/m2/um),Irradiance(W/m2/um),Irradiance(W/m2/um),Irradiance(W/m2/um),Irradiance(W/m2/um),Irradiance(W/m2/um),Irradiance(W/m2/um),Irradiance(W/m2/um),Irradiance(W/m2/um),Irradiance(W/m2/um),Irradiance(W/m2/um),Irradiance(W/m2/um),Irradiance(W/m2/um),Irradiance(W/m2/um),Irradiance(W/m2/um),Irradiance(W/m2/um),Irradiance(W/m2/um),Irradiance(W/m2/um),Irradiance(W/m2/um),Irradiance(W/m2/um),Irradiance(W/m2/um),Irradiance(W/m2/um),Irradiance(W/m2/um),Irradiance(W/m2/um),Irradiance(W/m2/um),Irradiance(W/m2/um),Irradiance(W/m2/um),Irradiance(W/m2/um),Irradiance(W/m2/um),Irradiance(W/m2/um),Irradiance(W/m2/um),Irradiance(W/m2/um),Irradiance(W/m2/um),Irradiance(W/m2/um),Irradiance(W/m2/um),Irradiance(W/m2/um),Irradiance(W/m2/um),Irradiance(W/m2/um),Irradiance(W/m2/um),Irradiance(W/m2/um),Irradiance(W/m2/um),Irradiance(W/m2/um),Irradiance(W/m2/um),Irradiance(W/m2/um),Irradiance(W/m2/um),Irradiance(W/m2/um),Irradiance(W/m2/um),Irradiance(W/m2/um),Irradiance(W/m2/um),Irradiance(W/m2/um),Irradiance(W/m2/um),Irradiance(W/m2/um),Irradiance(W/m2/um),Irradiance(W/m2/um),Irradiance(W/m2/um),Irradiance(W/m2/um),Irradiance(W/m2/um),Irradiance(W/m2/um),Irradiance(W/m2/um),Irradiance(W/m2/um),
300.00,10.39,11.01,9.68,11.37,10.28,10.73,9.86,10.77,10.21,10.61,9.98,9.68,9.36,9.62,9.54,9.93,9.68,9.52,10.39,10.43,10.00,9.88,9.00,10.14,9.22,9.46,8.25,9.12,10.53,9.92,9.48,8.70,9.28,10.44,8.48,7.41,8.19,7.95,8.04,7.65,7.96,7.81,7.77,7.73,7.49,7.52,7.33,6.89,7.20,7.55,6.91,7.05,7.08,7.07,6.99,6.94,7.08,6.46,6.71,7.06,
301.00,11.13,11.73,11.21,12.15,11.13,11.13,10.57,11.59,10.99,11.88,10.53,11.17,10.36,10.95,10.15,10.42,9.69,10.85,11.35,11.35,10.67,10.89,8.99,11.17,9.90,10.75,9.60,9.94,11.17,9.97,10.36,8.81,9.62,10.95,9.56,8.30,8.54,8.64,8.62,8.20,8.23,8.33,8.54,8.37,8.31,7.88,8.21,7.88,8.09,8.24,7.40,7.75,7.22,7.49,7.53,7.35,7.70,7.12,7.19,7.45,
302.00,12.75,12.63,12.59,12.92,13.05,12.76,11.78,12.18,11.93,12.50,11.19,12.65,12.06,11.92,12.07,10.93,10.36,11.95,12.62,12.19,10.95,12.20,10.49,11.66,11.46,11.25,10.77,11.31,11.26,11.06,11.20,9.37,10.19,11.37,10.63,8.97,9.75,9.47,9.44,9.19,8.91,8.85,9.46,8.96,9.02,8.80,8.86,8.63,8.53,8.74,8.11,8.51,7.73,7.95,8.28,8.01,8.18,7.55,7.95,8.22,
303.00,14.70,14.00,13.69,14.00,15.41,13.65,12.91,13.52,12.51,13.28,13.18,13.24,12.71,12.71,13.94,12.61,11.44,12.85,12.69,12.69,12.69,13.26,11.77,12.64,13.21,12.01,11.60,12.06,11.85,12.83,11.98,10.52,11.34,12.06,11.20,9.57,10.68,10.12,10.22,10.16,10.07,10.16,10.21,9.66,9.76,9.72,9.28,9.23,9.45,9.58,9.20,9.41,8.94,9.18,9.31,8.71,8.75,8.47,8.80,8.95,
304.00,16.08,15.60,15.74,14.99,16.81,14.18,14.89,15.32,14.12,14.32,15.28,14.70,14.79,14.81,14.94,13.56,12.95,14.61,14.07,14.13,13.76,14.28,12.37,14.43,14.42,13.56,13.83,12.37,13.71,13.38,12.55,11.66,12.03,12.90,11.99,11.06,11.38,11.01,11.40,11.11,10.94,11.29,11.06,10.85,10.88,10.41,10.45,10.45,10.51,10.65,9.98,10.47,9.72,10.03,9.92,9.52,9.41,9.40,9.61,9.10,
305.00,18.03,17.82,17.82,16.12,19.02,16.33,16.55,16.83,16.62,15.91,16.55,16.90,17.61,16.05,16.76,15.55,14.07,16.40,16.40,15.27,14.92,16.33,14.42,14.85,15.98,15.20,15.27,13.93,14.92,14.49,14.42,13.50,13.22,13.79,13.64,12.33,12.98,12.39,12.64,12.75,12.39,12.10,12.30,11.96,12.22,11.68,11.71,11.57,11.37,11.60,11.00,11.54,10.52,10.83,10.80,10.58,10.10,10.24,10.24,9.95,
306.00,20.80,20.15,19.18,18.31,20.47,18.44,18.44,18.85,18.63,18.49,18.99,18.95,19.21,18.44,18.02,17.89,16.73,18.29,17.36,17.10,17.24,17.78,16.68,16.59,17.94,16.44,17.00,16.49,16.13,16.87,16.35,15.75,15.11,15.38,15.85,13.66,14.60,13.77,13.78,14.16,13.99,13.62,13.45,13.17,13.26,13.07,12.75,12.79,12.73,12.86,12.38,12.73,12.27,12.32,12.12,11.82,11.10,11.49,11.46,11.30,
307.00,23.04,22.62,22.31,20.82,22.83,20.90,21.38,22.46,21.79,20.72,21.92,21.69,21.52,20.98,20.47,20.05,20.17,20.86,19.66,19.68,19.63,19.33,18.66,19.14,19.82,18.87,19.70,17.80,19.43,18.29,17.96,17.81,17.19,17.48,17.59,15.96,16.23,15.55,15.55,15.77,15.78,15.44,15.01,15.04,14.88,14.80,14.57,14.25,14.22,14.59,13.85,14.23,14.01,13.78,13.26,13.33,12.63,12.82,13.11,12.46,
308.00,26.84,26.04,26.56,23.56,25.90,24.74,24.84,25.75,25.25,23.94,24.71,24.21,25.50,23.53,23.25,23.93,22.34,24.44,23.52,22.58,22.59,22.62,21.68,21.41,21.82,22.21,22.20,20.67,22.44,20.37,21.06,20.40,19.34,20.88,20.28,18.62,18.73,18.36,18.13,18.40,18.30,17.77,17.42,17.66,17.45,17.14,16.82,16.47,16.30,16.41,15.95,16.19,15.72,15.41,15.10,15.30,14.57,14.53,14.62,14.20,
309.00,31.53,30.82,30.12,28.92,29.70,30.07,29.48,29.97,29.60,29.38,28.62,28.60,29.40,27.87,26.78,27.84,26.59,28.85,27.28,26.08,26.31,26.70,25.69,24.96,25.24,25.69,25.32,25.04,24.84,23.71,24.98,24.33,23.17,23.89,24.49,21.75,22.17,21.81,21.21,21.62,21.43,20.68,20.46,20.55,20.18,20.02,19.64,19.50,19.14,19.16,18.98,18.82,18.58,18.15,17.79,17.84,17.22,17.32,17.18,16.78,
310.00,36.44,36.03,35.33,34.72,35.03,35.80,34.98,35.07,34.95,34.46,33.52,34.09,33.64,32.61,32.48,32.18,32.30,33.24,31.60,31.07,30.52,30.41,30.51,30.24,29.78,29.86,29.91,29.00,29.56,28.40,28.65,28.65,27.87,27.93,28.09,26.03,26.15,25.60,25.05,25.26,25.12,24.46,24.31,24.07,23.46,23.85,23.17,23.01,22.39,22.54,22.34,22.34,22.02,21.33,21.14,21.05,20.45,20.21,20.39,20.03,
311.00,42.07,41.97,42.12,40.51,41.15,41.15,40.76,40.71,39.87,39.35,39.15,38.76,39.47,37.40,37.84,38.13,37.05,38.13,36.88,35.87,35.96,35.66,35.30,35.02,34.63,34.65,34.36,33.32,34.53,33.37,33.32,33.05,32.46,33.19,31.74,30.48,30.44,30.08,29.66,29.49,29.66,28.97,28.65,28.51,27.86,27.68,27.06,26.79,26.18,26.35,26.10,25.99,25.73,24.96,24.78,24.30,24.05,23.68,23.55,23.36,
312.00,48.70,48.70,48.17,47.76,47.34,47.69,46.98,46.59,46.03,46.61,44.68,45.48,45.73,44.35,43.36,43.96,42.72,44.04,42.91,41.16,41.43,41.71,40.79,41.16,39.86,40.30,40.05,39.04,39.65,38.20,38.83,38.24,37.63,37.62,37.32,35.60,35.55,35.22,34.67,34.38,34.36,33.75,33.66,33.14,32.50,31.96,31.66,31.73,30.84,30.82,30.50,30.36,29.78,29.29,29.02,28.35,28.26,27.95,27.44,27.32,
313.00,55.75,55.89,55.14,55.75,54.43,55.14,54.17,53.42,53.32,53.56,51.13,53.31,51.75,51.38,50.76,49.80,50.36,49.94,49.18,47.82,47.62,47.49,47.95,47.47,46.97,45.78,46.48,45.39,45.29,44.78,44.77,43.82,43.79,42.73,42.83,41.24,41.37,40.75,40.32,39.82,39.68,38.90,39.09,38.17,37.43,37.29,36.71,36.61,35.69,35.59,35.44,35.39,34.76,33.93,33.78,33.10,32.72,32.28,31.85,32.16,
314.00,63.42,63.37,63.39,63.22,62.76,61.99,61.57,60.99,60.15,59.74,59.03,59.78,58.82,58.39,57.97,57.64,57.15,56.30,55.82,54.84,55.24,54.07,54.43,54.51,54.36,51.82,52.76,51.98,52.12,51.87,50.35,49.79,50.19,49.63,48.31,47.58,47.66,46.76,46.49,45.99,45.92,45.26,44.99,44.33,43.37,43.03,42.35,41.92,41.21,41.26,41.06,40.73,40.39,39.54,39.14,38.14,37.81,37.58,36.95,37.25,
315.00,71.83,71.42,71.71,71.18,70.83,69.44,69.44,69.07,68.07,67.85,66.49,67.30,66.53,66.89,65.24,65.45,64.39,63.58,63.25,62.64,63.06,61.68,61.24,62.05,60.88,59.21,60.30,58.81,59.14,58.21,57.20,56.52,56.35,56.20,55.13,54.46,53.90,53.19,53.21,52.32,52.24,51.56,51.27,50.70,49.71,49.06,48.71,48.11,47.52,47.36,46.83,46.48,45.95,45.30,44.59,43.78,43.38,43.35,42.27,42.18,
316.00,80.75,80.45,79.66,79.90,79.96,78.57,78.27,77.24,77.18,76.81,74.57,76.39,74.87,75.54,74.02,73.36,72.45,71.84,72.02,70.99,70.81,69.90,69.41,69.05,68.69,67.05,68.08,66.62,66.33,65.53,64.57,63.90,63.90,63.23,62.68,61.81,61.38,60.72,60.53,59.75,59.29,58.37,58.30,57.50,56.53,56.02,55.61,54.78,53.93,53.71,53.37,53.06,52.19,51.63,50.87,50.29,49.66,49.37,48.26,48.28,
317.00,90.48,89.95,88.74,88.86,89.54,87.36,87.16,86.22,85.70,85.25,84.57,84.69,83.59,84.00,83.11,82.23,81.05,79.87,79.91,79.96,79.91,78.29,77.85,77.12,77.25,74.98,76.11,74.70,73.77,74.05,72.30,72.19,72.15,71.54,70.73,69.28,69.24,68.38,67.96,67.38,66.99,66.07,65.47,64.71,63.95,63.55,62.70,61.52,60.97,60.81,60.54,60.05,59.43,58.64,57.98,57.09,56.26,56.07,54.82,54.81,
318.00,99.12,99.15,97.83,97.99,98.44,95.74,95.96,94.82,94.40,93.80,93.52,93.38,92.21,92.95,90.91,90.30,89.30,88.22,88.08,88.81,87.96,86.40,84.81,85.56,84.62,83.15,84.50,81.89,82.11,81.05,79.39,80.03,79.34,78.94,78.35,77.19,76.39,75.75,75.36,74.29,74.07,73.48,72.64,71.82,71.17,70.28,69.92,68.59,68.06,68.03,67.32,66.78,66.00,65.29,64.41,63.67,62.98,62.67,61.31,60.61,
319.00,107.21,107.43,105.99,105.51,106.35,104.29,103.67,102.47,102.95,102.46,100.89,101.74,100.51,100.51,98.93,97.73,96.27,96.28,96.88,96.28,94.92,93.97,92.52,91.89,91.31,91.17,91.53,88.66,89.08,87.77,87.19,87.30,85.97,85.95,85.61,84.31,83.49,82.81,82.26,81.01,80.91,79.94,79.41,78.24,77.99,76.97,76.63,75.09,74.35,74.21,73.40,72.99,72.08,71.15,70.53,69.94,69.16,68.24,67.08,66.40,
320.00,116.32,116.06,113.85,114.07,114.42,113.14,112.04,110.82,110.85,110.60,109.54,109.79,108.72,107.64,106.96,105.92,104.62,104.57,104.50,103.63,102.46,102.07,100.42,99.84,99.70,98.81,98.52,97.31,95.46,95.83,95.45,94.95,93.64,93.15,93.20,91.25,91.12,90.34,89.18,88.18,87.94,87.09,86.31,85.11,84.60,83.78,83.08,81.86,81.09,80.76,80.16,79.27,78.84,77.76,77.34,76.08,75.47,74.71,73.56,72.86,
321.00,125.23,124.60,123.11,123.28,122.65,121.82,121.28,119.56,120.17,118.83,118.22,118.24,116.41,116.17,115.32,114.15,113.39,112.54,112.38,112.47,110.62,110.19,108.31,108.74,108.09,107.09,106.54,104.66,104.31,103.97,102.97,102.63,101.64,100.46,100.28,98.96,98.58,97.86,96.54,95.32,95.28,94.50,93.53,92.51,91.71,91.10,90.21,88.87,88.46,88.07,87.11,86.20,85.86,84.47,84.06,83.03,82.09,81.37,80.60,79.25,
322.00,135.74,134.76,134.14,132.85,132.70,132.15,131.14,129.50,130.61,128.45,127.45,128.02,126.73,125.63,124.74,124.34,122.84,122.39,122.30,121.80,120.32,119.53,117.79,117.70,117.69,116.64,114.92,113.59,113.87,113.31,112.60,111.41,110.28,110.25,108.51,108.09,107.43,106.73,105.37,104.15,104.11,102.92,102.16,101.20,100.24,99.21,98.46,97.09,96.59,96.20,95.01,94.15,93.65,92.21,91.96,90.58,89.70,89.02,88.10,86.88,
323.00,149.19,147.48,145.78,145.17,144.56,144.13,143.03,141.69,141.75,140.89,138.97,139.59,138.39,136.99,135.77,136.29,134.67,134.15,133.33,132.26,131.83,131.38,130.00,128.81,128.75,128.26,125.43,125.33,124.21,124.51,123.72,122.50,121.28,120.94,119.21,118.34,117.77,117.29,115.37,114.54,114.20,113.09,112.20,111.27,109.82,108.85,107.94,106.81,106.08,105.54,104.38,103.36,103.01,101.46,101.31,99.63,98.71,98.08,97.05,95.83,
324.00,162.43,160.23,159.09,159.07,157.63,157.51,157.10,154.89,154.84,153.97,151.89,152.64,149.98,149.60,148.87,149.02,147.84,145.98,144.84,145.19,144.02,143.51,142.54,141.42,141.09,139.73,137.97,136.95,136.44,136.56,134.52,134.15,133.37,131.59,130.15,129.65,128.87,128.41,126.62,125.55,125.01,123.84,123.06,122.12,120.14,119.38,118.29,117.24,116.27,115.82,114.46,113.57,113.10,111.62,111.29,109.49,108.48,107.64,106.95,105.67,
325.00,176.17,174.23,173.28,172.12,171.79,170.72,170.87,168.93,168.32,166.64,165.51,165.41,163.58,162.97,161.68,162.17,160.55,158.27,158.20,157.72,157.27,156.19,154.70,153.84,153.77,151.88,150.30,148.90,149.25,148.46,146.02,145.63,145.09,143.95,141.35,141.61,140.71,139.78,138.22,137.22,136.75,135.60,134.39,133.68,131.47,130.14,129.27,127.75,127.04,126.69,125.18,124.45,123.84,121.82,121.46,119.79,118.70,117.64,116.69,115.80,
326.00,191.19,189.39,187.90,186.59,186.34,185.41,184.62,182.57,182.03,181.38,179.44,179.33,178.51,177.21,175.34,176.52,174.19,172.26,171.44,170.86,170.51,169.71,168.24,167.23,166.29,164.87,163.27,162.04,161.28,160.85,159.39,158.55,157.36,156.10,154.60,154.23,152.96,151.95,150.75,149.48,148.57,147.48,146.37,145.29,143.13,141.59,140.68,139.49,138.39,138.08,136.32,135.67,134.64,133.13,132.30,130.58,129.70,128.57,127.05,126.10,
327.00,204.48,202.54,200.75,200.53,199.67,199.36,198.17,195.84,195.62,194.95,192.89,192.40,191.04,190.19,188.76,188.76,187.37,185.17,184.42,183.97,182.70,182.55,181.09,179.69,178.98,176.64,176.11,174.30,173.49,173.10,170.69,170.41,169.26,166.46,166.34,165.92,164.35,163.43,162.11,160.72,159.69,158.33,157.43,156.06,153.65,152.32,151.41,150.29,148.97,148.54,146.76,146.32,145.00,143.37,142.30,141.09,139.73,138.20,136.98,136.15,
328.00,215.15,213.21,212.49,210.92,211.30,210.33,208.89,207.12,206.74,204.98,204.35,202.60,201.92,200.47,199.72,199.46,197.54,195.23,194.99,195.19,193.09,193.16,190.87,190.13,189.47,185.93,186.10,184.36,183.49,183.06,180.98,179.94,179.46,176.21,175.47,175.42,174.23,172.87,171.63,170.37,169.01,167.61,166.71,165.25,163.08,161.69,160.50,159.16,157.67,157.41,155.76,155.21,153.89,152.32,151.09,149.67,148.03,146.63,145.35,144.80,
329.00,224.67,223.66,222.32,220.23,220.80,219.38,217.12,216.24,216.17,214.39,213.79,211.31,211.77,209.87,208.31,209.01,206.29,204.39,204.06,203.75,202.16,202.23,199.23,199.33,197.57,195.14,194.93,192.98,192.02,191.47,190.20,188.39,187.07,185.06,184.41,183.72,182.05,180.74,179.78,178.32,176.89,176.05,174.54,173.03,171.13,169.54,168.25,167.09,165.62,165.21,163.67,162.92,161.22,159.69,158.36,156.92,155.29,153.94,152.57,151.45,
330.00,232.22,231.85,230.17,228.86,228.51,227.67,224.11,223.05,224.32,223.02,221.13,219.79,219.21,218.01,216.57,216.12,213.59,212.39,212.51,211.92,209.54,209.18,206.90,205.61,204.64,202.61,202.03,199.87,199.51,197.85,197.61,195.57,193.79,191.64,191.28,190.31,188.73,187.63,186.53,185.00,183.29,182.24,181.09,179.19,177.75,176.45,174.83,173.69,171.88,171.44,170.10,169.30,167.06,166.19,164.62,163.33,161.28,159.95,158.61,157.32,
331.00,237.81,237.21,235.66,234.25,234.79,232.89,229.71,229.07,229.76,227.66,227.01,224.57,223.80,222.76,222.14,220.73,219.14,218.20,218.02,217.41,214.74,214.92,212.25,210.78,209.79,207.70,207.06,205.49,204.60,203.29,203.00,200.48,199.13,197.06,196.31,194.79,193.74,192.43,191.08,190.14,188.29,187.19,185.87,184.10,182.52,181.28,179.65,178.07,176.19,175.88,175.03,173.80,172.08,170.73,169.53,167.89,165.54,164.46,163.23,161.93,
332.00,241.64,241.95,239.72,238.67,238.12,236.64,234.09,233.08,233.12,231.24,230.74,228.11,227.06,226.35,225.70,224.83,222.57,221.67,221.55,220.89,218.03,218.12,215.41,214.44,212.80,211.82,211.12,208.58,208.45,206.78,206.15,203.77,202.17,200.80,199.78,198.08,196.95,195.67,194.34,193.25,191.35,191.00,189.03,187.54,185.91,184.43,182.61,181.19,179.49,178.85,178.19,176.90,175.02,174.02,172.39,170.88,168.70,167.47,166.50,164.52,
333.00,242.55,243.47,240.81,240.00,239.24,237.97,236.06,234.67,235.25,233.39,231.08,230.03,228.82,228.47,227.43,226.50,223.25,223.72,223.95,221.69,219.32,218.39,216.88,215.26,213.46,214.33,212.42,210.16,210.34,207.73,207.85,205.12,203.04,202.86,201.71,199.57,198.44,197.21,196.03,194.59,193.13,192.11,190.40,188.94,187.73,185.74,184.47,182.80,181.01,180.23,179.81,178.35,176.33,175.34,173.51,172.32,170.22,168.87,167.71,165.65,
334.00,243.53,243.80,241.35,240.59,240.06,239.03,237.28,235.41,235.67,234.03,231.40,230.86,229.57,229.30,228.27,226.55,224.23,225.53,224.79,222.01,220.07,219.00,218.27,215.87,214.65,215.26,212.89,211.98,210.68,208.89,208.81,205.80,203.93,203.24,202.36,200.01,199.62,198.24,196.85,195.68,194.17,192.50,191.41,189.82,188.34,186.32,185.12,183.54,181.82,181.14,180.69,179.17,177.52,176.32,174.31,173.12,171.31,169.80,168.47,166.47,
335.00,244.40,244.81,242.08,241.52,240.23,240.24,239.26,236.99,236.08,234.80,232.79,231.73,229.85,229.87,229.02,227.25,225.80,226.49,225.15,222.88,220.52,219.42,219.87,217.55,215.85,216.18,214.17,213.11,211.55,210.51,208.68,206.60,205.44,203.78,203.25,201.46,200.75,199.37,197.84,196.71,195.33,193.52,192.25,190.75,189.24,187.00,185.90,184.52,182.94,182.13,181.34,180.05,178.62,177.15,175.05,174.21,172.35,170.69,169.90,167.60,
336.00,245.96,246.29,243.96,242.53,241.65,241.53,241.18,239.40,237.99,236.73,234.62,233.53,232.22,231.31,230.42,229.09,227.30,228.10,226.86,224.29,221.98,219.65,221.20,218.42,218.08,217.65,215.41,214.53,213.64,211.86,209.64,208.20,207.07,206.20,204.30,203.44,202.73,201.22,199.49,197.94,196.86,195.13,194.02,192.51,191.04,188.52,187.85,186.11,184.82,183.67,182.86,181.44,180.07,178.29,176.20,175.22,173.98,172.11,171.17,169.09,
337.00,249.02,248.14,246.41,245.13,244.50,244.03,242.74,241.38,240.87,239.09,236.22,236.15,235.47,233.98,232.75,231.46,229.48,230.82,229.30,225.61,224.80,222.65,223.79,220.89,220.65,220.12,217.58,217.14,214.95,213.74,212.05,210.49,209.35,207.98,206.76,205.51,205.02,203.28,201.79,200.15,199.25,197.19,196.07,194.74,193.02,190.90,189.91,188.21,187.00,185.91,185.00,183.28,182.31,180.21,178.41,177.12,175.91,174.69,172.92,170.96,
338.00,253.79,252.32,250.95,250.27,248.79,248.23,246.82,245.25,244.76,243.29,241.21,240.77,238.99,237.85,237.16,235.35,234.61,234.68,232.84,230.08,229.11,226.89,227.96,225.34,225.02,223.70,221.61,220.52,218.49,217.93,215.41,213.94,213.59,211.62,210.31,209.45,208.75,206.73,205.43,203.96,202.86,200.78,199.78,198.46,195.82,194.68,193.21,191.53,190.76,189.73,188.07,186.70,185.68,183.47,181.86,180.37,179.44,177.89,176.75,174.44,
339.00,259.08,258.03,256.54,255.42,254.28,253.24,252.74,250.53,250.70,248.45,246.98,245.63,244.54,242.90,242.20,240.43,240.06,239.39,237.81,235.35,234.48,231.60,232.49,230.22,230.14,228.63,226.18,224.47,223.94,222.67,220.07,218.17,219.00,217.24,214.56,214.57,213.43,211.26,209.95,208.63,207.50,205.33,204.23,203.22,200.47,199.42,197.97,195.84,195.20,194.16,192.44,190.91,189.91,187.72,186.40,184.33,183.38,182.14,180.58,178.81,
340.00,264.34,262.31,261.60,260.61,259.30,257.52,256.24,254.73,255.48,253.03,251.34,249.91,250.14,247.55,246.28,245.91,243.66,243.66,241.90,239.11,239.42,236.69,235.80,235.14,234.08,233.26,230.25,228.91,228.21,226.69,224.91,222.36,222.53,221.67,219.51,218.32,217.07,215.20,214.03,212.73,211.29,209.26,208.26,207.08,204.45,203.43,201.91,199.66,198.86,198.12,196.16,194.55,193.50,191.22,189.99,187.81,187.01,186.06,183.88,182.24,
341.00,266.96,264.79,263.44,263.88,261.19,260.36,258.31,256.38,257.91,256.19,253.93,253.00,252.66,250.85,248.79,248.31,246.30,245.64,244.33,241.79,241.59,239.72,238.30,237.18,235.96,235.47,232.62,231.31,230.67,229.10,227.34,224.24,224.87,223.36,222.00,220.55,219.20,217.20,216.02,215.07,213.48,210.92,210.39,208.77,206.25,205.57,203.72,201.85,200.82,200.15,197.99,196.69,195.20,193.40,191.94,190.01,189.02,187.88,185.77,184.23,
342.00,267.72,265.58,264.64,264.07,263.09,261.88,259.94,257.38,258.44,257.01,255.74,253.67,253.47,251.61,250.55,249.19,247.41,246.45,245.25,243.77,242.79,240.43,239.55,238.46,236.60,236.48,233.85,232.35,232.34,230.73,228.89,225.33,226.39,224.65,222.32,221.65,220.22,218.33,216.81,216.12,214.37,211.92,211.67,209.53,207.51,206.87,204.85,202.66,201.57,201.04,198.95,197.91,196.35,194.50,193.29,191.05,189.87,188.51,186.78,185.88,
343.00,269.15,267.10,266.24,264.86,264.50,263.12,261.08,258.98,259.03,257.98,256.36,254.18,254.92,252.43,250.96,250.70,248.05,247.54,245.61,244.94,243.93,242.02,239.92,239.48,238.32,237.33,235.61,233.74,233.86,232.03,230.06,226.65,226.55,225.34,223.62,222.70,220.90,219.41,217.96,217.04,215.21,213.31,212.57,210.84,209.15,207.50,205.86,203.76,202.38,201.74,200.06,198.88,197.48,195.67,194.09,192.16,190.63,189.74,187.57,186.81,
344.00,269.92,267.06,266.17,264.74,264.48,263.38,261.24,259.72,258.75,258.30,256.46,255.15,255.19,253.60,251.89,251.40,248.08,248.06,246.43,245.52,243.55,242.79,240.32,239.30,238.52,237.46,236.44,234.20,234.50,232.08,230.07,227.11,226.69,224.87,224.68,223.02,221.35,219.83,218.18,217.08,215.50,213.73,213.05,211.10,209.46,207.48,206.32,204.39,202.52,201.95,200.39,199.41,197.60,196.00,194.35,193.00,191.15,190.05,187.99,186.88,
345.00,269.68,267.12,266.12,264.22,264.73,263.65,262.06,259.77,259.06,257.50,256.03,254.99,254.93,253.03,252.70,251.05,248.66,248.37,246.95,245.86,243.54,243.20,241.58,238.77,238.69,236.90,236.25,234.40,233.93,232.41,230.13,227.11,227.29,224.99,224.46,223.08,221.73,220.03,218.37,217.17,215.70,213.90,212.95,211.12,209.38,207.74,206.26,204.19,202.34,201.68,200.72,199.39,198.03,196.29,194.70,193.12,191.23,190.02,188.19,187.12,
346.00,271.05,268.56,267.99,265.42,266.07,264.28,263.63,261.71,259.85,258.14,257.08,255.60,255.16,253.73,253.71,252.41,249.89,249.53,247.46,246.91,245.17,244.06,242.43,240.92,240.27,238.27,237.81,235.43,234.93,234.18,230.66,228.47,228.35,225.99,225.60,224.03,222.66,221.35,219.52,218.01,216.67,215.56,213.75,212.33,210.62,208.49,207.14,204.94,203.07,202.66,201.73,200.36,199.03,197.32,195.86,193.98,191.93,191.11,189.54,188.09,
347.00,273.99,272.21,271.32,269.12,268.78,266.71,266.90,265.24,263.21,261.84,259.92,258.47,258.23,257.82,256.12,255.14,252.74,252.72,250.85,249.88,248.13,246.79,244.94,243.46,242.90,240.77,240.94,237.84,237.89,236.24,233.43,230.93,230.87,228.94,228.52,226.82,225.59,223.81,222.05,220.63,219.16,218.07,216.30,214.89,213.20,210.79,209.88,207.93,205.56,205.15,204.20,202.69,201.30,199.52,198.13,196.30,194.47,193.61,191.58,190.05,
348.00,277.60,276.10,275.58,273.27,272.85,270.41,270.50,268.80,267.91,265.58,263.62,262.52,262.45,261.92,260.14,258.27,256.77,256.16,255.08,252.45,252.10,251.15,249.43,246.68,246.34,244.39,243.71,241.89,240.30,239.42,237.00,235.15,234.64,232.30,231.68,229.91,229.23,227.21,225.20,223.91,222.67,221.10,219.41,217.82,216.13,214.02,212.79,210.92,208.72,208.13,207.30,205.78,204.21,202.27,201.15,199.02,197.66,196.49,194.23,192.82,
349.00,280.55,280.22,279.59,278.00,276.59,274.06,274.37,272.78,271.19,268.86,267.68,265.81,265.45,264.80,263.56,261.99,260.58,259.17,257.83,256.06,256.06,254.04,253.31,250.76,249.93,247.83,247.15,245.36,243.01,242.78,240.41,238.79,238.11,235.81,234.65,233.06,232.41,230.29,228.54,227.04,225.88,224.55,222.42,220.86,219.11,217.51,215.62,213.74,212.18,210.99,210.18,208.81,207.07,205.12,203.71,201.76,200.54,199.57,197.01,195.57,
350.00,284.76,284.83,284.38,282.82,280.97,278.49,278.95,277.38,275.85,274.52,272.58,269.92,269.85,269.60,267.82,265.84,265.13,263.56,261.70,260.34,260.14,258.23,257.07,254.97,253.88,252.60,251.57,249.41,247.80,246.83,244.48,243.37,241.84,240.07,238.39,237.07,236.38,234.00,232.44,230.96,229.67,228.32,226.43,224.94,223.15,221.16,219.82,217.86,216.13,214.60,213.59,212.52,210.43,208.65,207.27,205.23,204.10,202.92,200.43,198.96,
351.00,291.49,291.52,291.16,289.55,288.14,285.94,285.19,283.54,283.09,281.56,279.18,277.12,277.44,275.97,274.57,272.40,271.35,270.09,268.26,266.46,266.79,264.77,263.86,261.20,260.03,258.87,257.65,255.51,253.49,252.56,251.23,249.60,247.52,246.16,244.43,242.76,242.02,239.79,238.27,236.85,235.37,233.73,232.04,230.77,228.57,226.75,225.49,223.73,221.84,219.96,219.10,217.92,215.70,213.96,212.21,210.48,209.40,208.06,205.33,203.77,
352.00,298.02,297.77,297.26,296.08,293.74,292.24,291.31,289.38,288.94,287.76,285.62,283.88,283.22,281.83,280.73,278.46,277.72,275.72,273.56,272.68,272.50,270.63,270.07,266.99,265.57,264.67,262.97,261.52,258.87,257.47,256.79,254.86,253.04,251.48,250.40,248.14,247.21,244.95,243.74,241.92,240.62,238.73,237.11,235.81,233.22,231.67,230.36,228.52,227.02,225.08,223.79,222.65,220.42,218.77,216.62,215.05,214.22,212.36,210.11,208.21,
353.00,301.62,301.20,300.82,299.68,297.00,296.11,295.33,293.39,292.40,291.33,289.07,287.60,286.42,285.79,284.35,282.09,281.79,279.34,277.20,276.91,275.25,273.02,273.11,270.34,268.59,267.79,266.19,264.12,262.77,260.75,259.48,257.99,256.24,255.12,252.74,251.55,250.16,247.99,246.89,245.28,243.69,241.76,240.00,239.00,236.30,234.69,233.54,231.48,230.11,228.06,226.77,225.57,223.54,221.63,219.67,218.03,216.49,214.56,212.90,210.86,
354.00,302.48,301.59,301.50,299.61,297.86,296.82,295.45,293.12,293.97,292.26,289.40,287.91,287.83,286.12,285.00,282.93,282.18,280.11,277.88,276.99,275.80,273.94,272.85,270.84,269.17,268.00,266.55,264.86,263.46,261.49,259.84,257.86,255.89,255.93,253.40,252.03,250.42,248.68,247.42,245.90,244.10,242.00,240.17,239.45,237.04,234.78,233.91,231.80,230.54,228.49,227.03,225.66,224.00,222.23,220.06,218.23,216.87,214.49,213.19,211.31,
355.00,299.93,298.53,297.70,295.80,294.07,293.95,291.75,289.83,289.74,288.82,286.01,285.58,284.05,283.18,281.19,280.11,278.54,276.71,275.17,273.91,271.84,270.81,269.17,267.49,266.02,265.02,263.38,261.43,260.15,257.67,256.69,254.81,253.15,252.52,251.03,249.33,247.50,245.89,244.31,243.06,241.08,239.14,237.31,236.38,233.96,231.95,230.86,229.06,227.87,226.18,224.43,223.01,221.28,219.63,217.41,215.81,214.42,211.88,210.65,208.86,
356.00,294.91,293.18,292.99,290.47,289.21,288.97,287.50,285.15,284.85,283.41,281.85,280.60,278.79,277.93,276.96,275.06,274.08,271.74,270.47,269.66,267.19,266.96,264.93,262.68,262.18,260.40,259.03,257.64,255.84,253.34,251.90,249.96,249.11,248.33,246.60,245.43,243.71,241.77,240.06,239.06,237.00,235.16,233.41,232.19,229.99,228.29,226.91,224.84,223.84,222.25,220.83,219.28,217.90,215.91,214.23,212.04,210.74,208.11,207.08,205.61,
357.00,290.72,288.70,288.78,285.34,285.54,284.46,283.46,280.90,280.35,278.74,277.39,276.10,274.87,273.28,272.60,271.47,269.98,267.85,266.30,265.64,263.53,263.27,260.69,259.19,259.02,256.55,255.04,254.02,252.32,250.56,247.96,246.00,245.55,245.12,242.75,241.63,239.98,238.37,236.71,235.60,233.58,232.02,229.89,229.12,227.12,225.17,223.58,221.70,220.55,218.87,217.96,216.15,215.11,213.25,211.24,209.23,207.75,205.33,204.36,202.71,
358.00,287.58,285.32,284.76,282.04,281.70,281.01,279.27,277.22,277.01,275.28,273.97,272.61,271.34,269.67,268.42,267.96,265.75,264.81,262.52,262.21,260.16,260.08,256.88,256.19,255.71,253.98,252.15,250.55,249.02,247.39,245.41,242.61,242.38,241.49,240.34,238.62,236.85,235.31,233.80,232.45,230.41,228.98,227.42,226.29,224.23,222.31,220.65,219.28,217.68,216.16,214.99,213.30,212.06,210.77,208.27,206.64,205.36,202.98,201.68,200.27,
359.00,287.56,285.13,284.91,282.76,281.69,281.67,279.70,277.82,277.08,275.79,274.23,273.83,270.47,269.48,269.04,267.71,266.08,265.23,262.87,262.66,261.00,261.19,257.77,256.69,256.37,254.54,252.38,250.98,248.80,247.99,245.88,243.15,243.04,241.41,240.52,238.75,237.67,235.60,234.05,233.09,230.85,229.44,227.84,226.51,224.36,222.94,220.99,219.74,217.67,216.63,215.39,213.93,212.29,210.65,208.80,206.93,205.60,203.57,202.28,200.58,
360.00,293.73,290.94,291.63,289.45,288.35,287.11,285.78,283.94,283.12,281.07,280.62,279.18,275.80,275.25,275.04,273.87,272.71,270.80,268.30,268.28,267.55,266.23,263.67,263.19,262.41,259.95,257.72,256.51,254.24,254.56,251.47,248.55,248.38,247.07,245.31,243.68,242.98,240.64,239.44,238.00,236.10,234.46,232.81,231.69,229.53,228.11,225.75,224.48,222.67,221.54,220.28,218.86,217.30,215.56,213.18,211.54,210.28,208.10,206.96,204.77,
361.00,300.47,298.74,298.28,296.91,295.40,293.78,292.52,290.96,290.02,288.46,286.43,286.38,282.73,282.80,281.17,280.42,278.97,277.92,275.03,275.00,273.37,272.39,269.42,269.83,267.96,266.01,264.41,262.36,261.11,260.63,257.64,254.92,253.99,253.49,251.80,249.78,248.54,246.45,245.30,243.61,241.77,240.10,238.69,237.24,235.09,233.63,231.31,230.11,228.36,227.06,225.59,224.17,222.31,220.74,218.09,217.03,215.39,213.10,211.85,209.78,
362.00,308.70,307.11,306.27,306.00,303.66,302.76,300.63,299.36,298.67,297.20,295.04,295.06,291.32,291.11,289.46,288.28,286.49,285.78,283.71,282.24,281.30,280.58,277.87,277.37,275.43,273.52,272.13,269.98,268.38,267.30,265.64,262.86,261.41,260.41,258.81,257.11,256.04,253.71,252.63,250.96,248.87,246.93,245.74,244.07,241.92,240.24,238.24,236.67,235.04,233.72,231.93,230.75,228.47,226.61,224.38,223.24,221.38,219.34,217.83,215.99,
363.00,321.18,319.79,319.23,318.97,316.58,315.26,313.83,312.12,310.51,309.55,307.84,307.20,304.28,303.54,301.99,300.81,299.45,297.31,296.02,294.35,293.67,292.52,290.59,289.39,287.21,284.84,283.92,282.05,280.21,278.68,277.17,274.65,273.19,271.80,270.03,267.98,267.11,264.58,263.20,261.66,259.74,257.75,256.32,254.42,252.00,250.75,248.33,246.62,245.03,243.89,241.96,240.82,238.38,236.30,234.33,233.02,230.77,229.01,227.28,225.30,
364.00,335.31,334.94,334.15,333.29,331.48,329.18,328.47,326.67,324.01,323.44,321.74,320.98,318.78,318.28,315.68,314.43,313.30,310.48,309.49,307.89,306.14,304.87,303.60,302.76,299.96,297.48,297.03,294.76,293.74,291.52,289.53,287.34,285.89,284.16,282.01,280.35,279.00,276.77,275.10,273.14,271.54,269.48,268.01,265.87,263.52,261.92,259.55,257.96,256.50,255.03,252.83,251.54,249.59,247.10,245.20,243.82,241.13,239.29,237.43,235.86,
365.00,346.71,346.71,345.37,344.20,343.36,341.12,340.33,337.65,335.63,334.88,332.35,332.60,331.21,329.37,326.62,325.17,323.15,321.43,320.76,318.06,316.82,315.76,314.21,312.54,310.49,307.43,307.16,305.47,304.12,301.30,299.63,297.25,296.02,294.41,291.80,290.14,288.59,286.54,284.61,282.93,280.98,279.17,277.61,275.38,272.99,270.90,269.02,267.23,265.35,263.86,261.98,260.21,258.19,255.64,254.02,252.35,249.71,247.80,245.69,244.46,
366.00,357.68,356.80,355.59,354.47,353.48,351.60,350.32,347.74,345.51,344.87,343.24,341.94,341.17,338.78,336.16,334.95,333.10,331.15,330.59,327.68,326.54,324.83,323.95,321.87,320.04,317.88,316.78,314.72,312.60,309.81,309.15,306.91,305.34,303.16,301.46,298.54,297.33,295.06,293.18,291.43,289.77,287.56,285.86,283.65,281.06,278.94,276.82,275.34,273.31,271.95,269.80,267.90,265.70,263.57,261.89,259.80,257.39,255.68,253.53,251.81,
367.00,365.71,364.94,363.71,362.73,360.91,358.87,358.55,356.45,353.11,352.41,351.03,349.29,348.03,346.38,344.34,342.12,341.01,338.38,338.01,336.00,333.22,331.23,331.15,328.86,327.33,325.11,323.94,321.46,319.62,317.86,315.45,314.05,312.72,309.99,307.63,305.22,303.78,301.56,299.24,297.74,295.98,293.90,291.85,289.74,287.01,284.98,282.68,281.38,279.30,277.84,275.92,273.85,271.54,269.32,268.01,265.79,263.32,261.05,259.25,257.27,
368.00,369.67,369.13,367.83,366.00,365.28,362.30,362.66,360.59,357.87,356.02,354.30,353.51,351.65,349.62,348.29,346.09,344.18,342.19,341.85,339.57,337.07,334.50,334.44,332.39,331.24,328.49,327.62,324.78,322.72,321.42,318.89,317.30,315.53,313.58,310.43,308.41,306.85,305.02,302.53,300.76,299.01,297.07,294.56,293.17,290.26,288.05,286.03,284.21,282.61,280.84,278.89,276.45,274.62,272.17,270.77,268.58,266.53,263.81,262.53,259.99,
369.00,369.86,368.53,366.60,364.99,364.32,361.70,361.52,359.78,357.35,355.73,353.64,352.58,351.13,348.41,347.43,345.55,342.99,341.85,341.12,338.89,336.60,333.70,333.88,331.87,330.37,328.77,327.04,323.78,322.37,320.32,318.79,316.76,314.37,312.64,310.50,307.88,305.82,304.48,302.07,300.38,298.13,296.26,294.54,292.44,289.89,287.63,285.75,284.04,281.92,280.41,278.73,276.19,273.77,271.91,270.01,267.97,266.62,263.63,262.04,259.48,
370.00,365.11,363.65,362.14,360.40,358.95,356.70,356.51,355.97,352.21,351.26,349.78,347.76,346.29,343.95,343.67,341.01,339.02,336.99,336.74,335.21,332.58,329.23,329.76,328.06,326.12,324.49,322.85,319.10,318.51,316.35,314.58,312.30,309.91,308.23,306.50,303.90,301.81,300.49,298.12,296.72,294.25,291.94,290.65,287.99,285.90,283.93,282.23,280.40,278.33,276.75,274.98,272.67,270.13,268.27,266.53,264.66,263.04,260.15,258.27,256.07,
371.00,355.86,354.78,353.63,350.88,350.41,347.44,347.82,347.79,344.17,342.07,340.90,338.76,337.93,335.44,335.24,332.91,331.25,328.69,328.12,326.71,324.86,320.97,321.53,320.16,318.09,315.83,314.23,311.52,310.80,309.28,306.98,303.86,302.37,300.72,298.39,296.65,294.26,293.14,291.07,289.37,287.35,284.90,283.43,281.46,279.38,276.97,275.70,273.48,271.74,270.03,268.61,266.04,263.93,262.03,260.02,258.47,256.80,253.81,251.91,249.92,
372.00,347.42,345.91,345.20,342.13,342.01,339.23,338.59,338.03,335.90,333.24,331.42,330.04,330.15,326.83,326.42,324.69,322.52,320.56,319.74,317.93,316.97,313.02,312.76,312.35,309.94,308.13,306.40,304.17,303.41,301.42,299.18,296.14,293.67,293.05,291.28,289.43,286.77,285.44,283.98,282.22,280.38,277.86,276.53,274.23,272.42,270.36,268.84,266.78,264.92,263.40,261.86,259.28,257.40,255.56,253.27,252.07,250.41,247.45,245.62,243.96,
373.00,341.54,339.77,338.52,336.53,335.70,333.81,332.28,331.26,329.15,327.25,325.84,324.28,324.22,321.38,320.61,318.24,316.83,315.12,314.02,312.05,310.94,308.00,307.34,306.49,304.47,302.54,300.17,299.05,298.06,296.30,293.91,290.93,288.32,287.65,286.43,284.30,281.97,280.19,278.97,277.43,275.67,272.92,271.91,269.04,267.54,265.74,264.13,262.12,260.15,258.54,257.04,254.88,252.68,250.96,249.04,247.56,245.91,243.03,241.09,239.72,
374.00,341.63,340.25,339.59,337.19,336.64,334.20,333.16,331.39,329.84,327.19,327.03,324.62,324.67,321.59,321.10,318.53,317.60,315.73,314.10,312.60,312.09,309.64,308.06,307.05,305.33,302.52,300.34,300.48,297.95,297.04,294.33,291.91,289.81,288.78,286.76,284.63,282.59,280.50,279.35,277.91,276.45,273.74,272.02,269.95,268.21,266.28,264.64,262.25,260.77,258.95,257.65,255.43,253.47,251.55,249.87,248.29,246.19,243.39,241.72,240.21,
375.00,351.08,349.96,348.62,346.65,345.73,343.50,341.94,339.90,339.42,335.91,335.45,333.39,333.27,330.59,329.40,327.27,326.13,324.86,322.80,321.33,319.97,317.72,316.94,315.26,313.51,311.23,309.09,309.00,306.44,305.01,302.16,300.08,297.96,296.67,294.73,292.51,290.17,287.85,286.91,285.00,283.99,281.34,279.38,277.64,275.50,273.52,271.60,269.32,267.85,266.18,264.61,262.46,260.49,258.39,256.90,255.01,252.85,250.03,248.66,246.87,
376.00,364.03,363.03,361.01,359.82,358.34,356.56,354.56,352.07,351.38,348.77,347.89,346.47,345.34,343.22,341.95,339.19,337.51,337.09,335.17,332.69,331.40,329.77,328.82,326.61,324.67,322.95,320.28,319.82,318.09,315.84,313.06,311.12,308.97,307.39,305.23,303.19,300.95,298.58,297.49,295.36,294.22,291.59,289.80,287.53,285.21,283.56,281.77,279.28,277.43,275.92,274.11,272.15,270.03,267.87,266.27,264.09,261.77,259.37,257.63,255.92,
377.00,375.90,374.82,372.77,371.28,370.89,368.22,366.54,363.90,363.31,360.44,360.32,358.37,356.79,354.97,353.21,350.26,349.63,348.88,346.54,343.73,342.48,341.76,340.24,337.85,335.24,333.77,330.99,330.66,328.43,325.96,324.51,322.01,319.83,317.66,315.71,313.01,310.83,308.65,307.39,305.17,303.80,301.23,299.61,297.36,294.72,293.00,291.08,288.70,286.52,285.29,283.27,281.23,279.17,277.07,275.16,273.11,270.51,268.48,266.15,264.46,
378.00,384.92,383.61,382.26,380.22,378.93,376.39,375.10,373.08,372.03,368.99,368.49,366.59,364.83,363.03,361.74,359.44,358.14,357.15,354.73,352.27,350.18,349.16,348.23,345.82,343.15,341.69,339.17,337.94,336.43,333.78,331.21,329.46,328.08,324.93,322.59,320.59,317.85,315.99,314.14,311.94,310.54,308.16,306.36,304.28,301.65,299.65,297.48,295.42,293.30,292.07,289.94,287.78,285.47,283.79,281.46,279.48,276.78,274.56,272.28,270.67,
379.00,382.96,381.57,379.84,378.31,376.69,374.82,373.06,371.49,370.35,368.00,366.08,364.53,362.98,362.26,360.22,357.87,356.34,355.55,353.48,350.54,347.42,346.48,346.03,344.18,341.05,339.60,337.09,335.89,334.85,331.97,329.88,327.11,325.92,323.76,320.62,319.03,316.26,314.35,312.68,310.54,308.70,306.30,304.82,302.94,299.98,297.89,296.16,294.29,291.77,290.46,288.27,286.15,284.12,282.32,279.94,277.89,275.36,273.40,270.85,269.21,
380.00,367.58,365.81,364.26,362.91,361.76,359.90,358.58,356.66,355.53,353.38,351.03,349.71,348.83,347.42,345.45,343.81,341.77,341.28,339.05,335.82,333.28,332.65,331.44,330.60,327.15,325.97,323.57,322.36,321.04,318.67,316.72,313.83,312.32,310.55,308.02,305.97,303.35,301.88,300.27,298.08,296.13,294.11,292.68,290.61,287.80,286.04,284.21,282.44,280.17,278.72,276.60,274.46,272.60,270.96,268.80,266.70,264.44,262.59,259.97,258.44,
381.00,349.11,347.63,346.21,345.11,343.77,341.93,340.99,339.45,337.19,335.89,333.54,332.24,331.08,329.88,328.61,326.54,325.06,324.04,321.94,319.65,316.92,316.29,315.11,313.96,311.18,309.92,307.99,306.65,304.74,303.40,301.00,298.50,297.27,294.94,293.06,290.93,288.50,287.09,285.12,283.65,281.70,279.77,278.09,276.45,273.62,272.12,270.11,268.54,266.61,265.00,262.84,261.20,259.17,257.52,255.44,253.87,251.59,249.63,247.25,245.79,
382.00,334.13,333.30,332.02,330.49,328.93,327.54,326.65,325.55,322.80,321.91,319.10,317.69,317.37,316.03,314.78,312.97,311.05,309.88,308.48,306.29,303.87,302.53,301.69,300.58,298.57,297.01,295.08,293.37,291.98,290.96,288.19,285.54,284.97,283.20,280.65,278.95,276.79,275.25,273.17,272.02,270.17,268.33,266.30,265.09,262.32,260.78,259.19,257.39,255.50,254.06,252.15,250.44,248.75,246.95,245.15,243.09,241.05,239.09,237.27,235.53,
383.00,323.19,322.45,320.44,319.09,318.02,317.02,314.80,314.50,311.88,310.99,307.94,307.13,307.00,305.39,303.75,302.57,299.82,299.16,297.80,295.57,294.11,292.66,291.31,290.72,288.32,286.98,285.29,283.75,281.99,280.69,279.01,276.27,274.49,273.63,272.02,269.43,267.49,266.18,264.31,263.24,261.29,259.50,257.81,256.28,253.75,252.29,250.74,248.92,246.82,245.76,243.84,242.18,240.64,238.62,236.87,235.20,233.08,231.54,229.51,227.74,
384.00,318.75,318.24,316.43,314.77,313.63,312.62,310.71,310.19,307.50,306.72,304.49,303.76,302.62,300.96,299.80,298.47,295.91,295.08,293.96,291.45,290.63,289.35,287.54,285.76,284.93,283.75,281.60,279.88,278.58,276.51,275.03,272.78,271.00,269.36,268.73,266.01,264.15,262.72,261.07,260.03,258.09,256.15,254.49,252.79,249.99,249.33,247.47,245.43,243.70,242.46,240.71,239.14,237.22,235.54,233.81,232.18,229.97,228.52,226.85,225.04,
385.00,324.17,323.83,322.46,320.38,319.31,317.96,316.35,316.11,313.12,311.85,310.41,308.80,307.85,305.96,305.64,303.11,301.68,300.39,299.45,296.99,296.24,294.73,292.98,290.90,290.42,288.71,286.30,284.87,283.28,281.34,280.27,277.83,276.98,274.75,273.19,270.96,269.54,267.73,265.67,264.83,262.81,260.88,259.09,257.50,254.64,254.05,252.29,249.73,247.81,247.06,245.07,243.83,241.77,240.09,237.83,236.61,234.18,232.81,231.27,229.16,
386.00,335.23,334.42,333.09,331.32,330.31,328.63,326.65,326.32,324.37,322.46,320.97,319.24,318.59,316.25,315.46,313.84,311.77,310.55,309.44,306.99,306.17,304.78,302.86,300.96,300.31,298.44,296.31,294.39,293.39,291.00,289.75,287.14,286.16,284.34,282.47,280.14,278.36,276.64,274.85,273.69,271.75,269.88,268.01,266.38,263.43,262.80,260.69,258.13,256.27,255.31,253.57,252.11,249.77,248.07,245.98,244.69,242.05,240.52,239.39,236.75,
387.00,349.20,348.04,346.37,345.32,343.77,341.95,340.15,339.30,337.48,335.78,334.35,333.04,331.31,329.77,328.38,326.51,324.16,323.60,322.38,319.79,318.59,317.41,315.20,312.99,312.25,310.27,308.63,306.68,305.71,302.55,301.42,299.12,298.06,295.49,294.12,291.54,289.72,287.90,286.02,284.73,282.90,280.61,279.21,277.33,274.28,273.67,271.27,268.75,266.91,265.50,263.60,262.38,259.88,257.89,255.88,254.48,251.90,250.38,249.03,246.54,
388.00,364.43,363.37,362.24,361.39,359.78,357.42,356.57,354.65,353.07,351.35,350.40,348.12,346.58,344.09,343.24,341.13,339.46,338.55,336.92,334.39,333.19,332.26,330.20,327.36,326.68,324.50,323.02,321.06,319.19,316.16,315.04,313.05,312.02,309.11,307.83,304.67,302.86,300.90,299.11,297.75,295.63,293.46,291.84,290.17,286.82,286.16,283.87,281.04,279.03,277.57,275.47,274.30,271.79,269.74,267.73,266.18,263.33,261.81,260.61,257.73,
389.00,378.32,377.02,375.92,374.42,373.34,370.96,369.66,367.17,366.50,364.33,363.31,361.02,360.00,356.68,355.22,354.26,352.38,351.16,349.41,347.46,345.79,344.36,342.45,339.71,338.76,337.03,335.44,332.98,331.31,328.66,326.57,325.04,323.41,320.74,319.22,315.68,314.21,312.01,309.75,308.45,306.59,304.50,302.65,300.87,297.89,296.64,294.21,291.75,289.59,288.14,285.75,284.59,282.18,279.45,277.80,276.39,273.32,271.29,270.06,267.25,
390.00,380.92,380.05,378.08,377.35,375.60,374.03,371.80,369.40,368.96,367.33,365.99,364.19,362.66,359.89,357.36,356.87,354.24,353.65,351.88,350.17,347.83,346.72,344.65,341.95,340.34,338.85,337.89,335.10,333.85,330.67,328.61,327.17,325.01,322.83,321.55,317.89,316.13,314.04,312.14,310.69,308.75,306.38,304.73,303.05,300.25,298.48,296.35,294.11,291.79,290.23,288.19,286.47,284.26,281.24,280.38,278.22,275.31,273.20,271.62,269.15,
391.00,375.08,374.04,373.04,371.10,369.82,368.59,366.31,363.90,364.20,361.27,360.38,358.75,356.71,353.87,351.61,351.06,348.76,349.07,346.82,344.24,342.46,341.81,339.59,336.77,335.22,333.69,332.27,329.98,328.11,325.25,323.77,322.70,319.61,318.18,316.96,313.06,311.37,309.58,307.56,306.12,303.79,301.66,300.10,298.40,295.65,293.85,291.68,289.75,287.45,285.94,283.69,282.07,280.23,277.03,276.01,273.86,271.29,269.15,267.38,265.29,
392.00,369.39,368.49,367.93,365.11,364.43,363.04,360.67,359.39,358.81,355.66,355.07,353.08,351.38,348.28,346.67,346.18,344.23,344.08,341.15,339.32,337.47,336.56,335.05,331.98,330.92,329.29,327.18,325.36,323.59,321.10,318.91,318.06,315.07,314.11,312.40,308.59,306.95,305.11,303.32,301.58,299.48,297.58,295.83,294.03,291.57,289.54,287.59,285.67,283.47,282.22,279.80,278.24,276.18,273.21,272.13,270.37,267.76,265.39,263.61,261.90,
393.00,359.80,359.96,359.03,355.76,355.59,354.44,351.74,350.82,349.88,347.39,345.91,344.47,342.70,340.79,338.41,337.61,336.00,335.87,333.19,331.24,328.84,327.57,326.56,323.93,322.76,321.57,318.96,317.44,316.56,313.81,311.35,309.84,307.72,307.12,303.99,301.39,299.63,297.52,296.13,294.30,292.45,290.30,288.52,287.00,284.85,282.56,280.83,278.81,276.98,275.49,273.16,271.69,269.78,266.79,265.83,263.91,261.31,258.99,256.94,255.83,
394.00,348.40,348.73,347.64,344.93,344.90,343.43,341.45,340.28,339.01,336.38,334.44,333.74,332.15,330.53,327.87,327.08,325.54,325.66,322.90,320.37,318.73,317.40,316.46,314.21,312.11,311.32,309.10,307.81,306.12,303.78,301.64,300.32,298.01,297.72,294.80,292.33,290.16,288.44,287.61,285.32,283.54,281.41,279.84,278.25,276.36,273.84,272.45,270.20,268.60,266.94,264.91,263.44,261.48,258.87,257.62,255.84,253.34,251.02,249.15,248.04,
395.00,353.77,353.42,352.54,350.02,349.91,347.73,346.41,345.69,342.96,340.67,339.25,338.44,336.57,334.87,333.23,332.09,330.94,329.72,327.29,325.40,324.04,322.59,321.41,318.60,317.72,316.37,314.15,312.80,310.83,308.41,306.23,305.31,303.29,302.11,299.51,296.99,294.73,292.53,292.03,289.42,288.15,285.73,283.98,282.35,280.28,278.03,276.42,273.95,272.75,270.67,268.80,267.46,265.45,262.70,261.03,259.44,257.26,254.92,253.21,251.78,
396.00,380.23,380.15,378.31,376.83,375.49,373.43,372.42,371.35,368.03,366.29,364.53,363.04,361.97,360.88,359.05,356.57,356.31,353.81,351.75,350.83,348.51,346.43,345.18,343.02,341.77,340.11,338.13,336.54,334.47,332.06,328.90,327.33,326.83,324.83,321.52,319.20,317.04,314.15,313.35,310.76,309.77,306.94,304.78,303.26,301.30,298.97,297.27,294.18,292.69,290.86,288.93,287.51,285.55,282.56,280.90,278.90,276.18,273.98,272.13,270.66,
397.00,412.40,412.44,409.30,408.95,407.01,405.39,403.64,402.10,399.58,397.72,395.32,393.87,393.18,391.17,388.84,387.50,386.02,383.09,381.66,380.38,378.43,375.73,373.89,372.30,370.27,368.93,367.25,364.92,362.69,360.24,356.78,355.28,354.06,351.86,348.90,345.85,343.52,340.85,339.52,336.72,335.73,332.48,330.16,329.00,326.51,324.34,322.17,318.71,317.23,315.11,312.96,311.49,309.31,306.32,304.36,302.43,299.25,296.67,295.21,293.03,
398.00,450.58,449.70,447.15,446.67,444.23,442.90,440.86,438.68,435.87,434.20,432.34,429.95,428.88,427.12,424.55,423.58,421.26,417.94,416.70,415.40,413.19,410.76,408.26,406.36,404.52,402.94,401.40,397.95,395.97,393.39,389.48,388.75,386.45,383.79,381.16,377.20,374.87,371.87,370.36,367.24,365.95,362.94,360.53,358.63,355.85,353.74,351.13,347.69,346.13,343.74,341.79,339.82,337.44,334.19,332.06,329.58,326.74,323.93,322.46,319.58,
399.00,496.86,495.65,492.94,492.99,489.24,487.65,486.19,483.44,480.25,478.45,476.56,473.50,472.64,470.71,468.73,466.71,464.17,460.64,458.79,457.89,455.31,453.89,450.32,447.83,446.45,443.87,441.81,439.14,436.30,434.32,429.51,428.43,426.37,423.31,419.92,415.12,412.61,409.68,407.34,404.59,402.82,399.39,396.92,394.59,391.46,389.69,386.51,382.71,380.90,378.44,376.38,374.16,371.58,368.05,365.88,363.10,360.12,356.87,354.93,352.09,
400.00,538.85,537.37,534.66,533.76,530.62,528.39,527.05,523.68,521.67,519.43,516.04,513.02,512.93,510.22,507.47,506.01,502.88,499.91,497.30,496.11,493.44,491.60,488.43,485.99,483.82,481.02,479.16,476.23,473.44,471.24,465.45,464.38,461.59,458.94,455.11,449.62,446.56,443.89,440.90,438.23,436.29,432.60,430.11,427.61,424.45,422.05,418.60,414.90,412.80,410.06,407.67,405.28,402.42,398.98,396.52,393.68,390.40,386.62,384.54,381.69,
401.00,566.12,564.50,561.34,560.00,557.26,554.74,552.83,550.37,547.77,545.55,541.43,539.45,539.13,535.67,532.11,531.68,527.73,525.46,522.68,520.11,517.42,515.83,512.34,510.00,507.57,505.17,503.12,499.77,497.49,494.42,488.56,487.78,483.73,481.19,478.39,471.90,468.01,465.78,463.04,459.96,457.27,453.98,451.69,448.90,445.26,442.45,438.84,436.20,433.43,430.45,427.76,424.99,421.98,418.58,416.13,412.89,410.25,405.87,403.68,400.53,
402.00,580.72,578.58,576.68,574.98,571.40,569.68,568.41,564.84,561.80,559.56,555.43,553.90,552.38,549.24,546.72,544.67,541.43,539.19,536.93,532.73,530.76,529.50,526.35,523.13,520.70,518.19,515.59,512.63,510.04,506.98,501.94,500.34,496.65,493.51,491.09,484.07,479.83,477.50,475.17,472.15,468.67,465.51,463.35,460.17,456.72,453.85,449.98,447.68,444.56,441.51,438.78,436.16,433.00,429.55,427.18,423.46,421.15,416.85,413.91,411.10,
403.00,584.54,582.79,579.99,577.90,574.80,572.48,572.36,569.35,566.45,562.12,559.15,557.22,556.02,551.85,549.87,547.81,545.04,542.66,540.10,535.95,534.34,532.65,529.63,526.94,523.46,521.35,518.44,516.19,512.94,510.69,505.26,502.55,499.62,496.91,494.29,486.99,482.85,480.55,478.27,475.45,471.95,468.39,466.33,463.40,459.96,457.06,453.19,450.79,447.53,444.62,441.39,438.76,435.78,432.40,429.82,426.53,423.99,419.71,416.56,413.93,
404.00,581.80,580.27,577.04,575.23,571.89,570.34,568.92,566.79,563.67,559.69,556.48,555.44,553.28,549.49,547.16,545.07,542.09,540.44,538.31,533.67,531.84,528.99,527.14,524.87,520.14,519.38,516.45,513.67,511.23,507.69,502.81,500.22,496.78,494.70,492.15,485.20,481.13,478.46,476.79,473.47,470.16,466.24,464.61,461.54,458.36,454.97,451.48,449.39,446.37,443.20,439.88,436.95,434.31,430.68,428.22,424.79,422.17,418.33,415.06,412.20,
405.00,578.91,577.03,573.78,573.07,568.66,568.33,566.07,563.76,560.44,556.50,555.02,552.82,550.21,547.10,544.56,542.52,539.02,537.99,536.02,529.75,529.66,526.56,524.37,522.09,516.70,516.61,513.48,511.16,508.30,504.77,500.85,497.46,494.49,491.87,489.95,482.71,478.96,476.41,475.11,471.55,467.78,464.31,462.64,459.68,456.35,453.23,449.63,447.68,444.01,441.81,437.90,435.05,432.39,428.71,426.29,422.81,420.02,416.77,413.29,410.29,
406.00,577.88,575.70,573.42,572.04,567.82,567.51,565.95,562.68,559.53,555.39,554.87,551.71,548.19,546.31,544.28,542.12,538.25,536.34,534.15,529.42,529.56,525.93,523.94,521.25,516.31,515.71,513.12,511.02,507.14,503.87,501.04,497.52,494.37,492.04,489.20,481.84,478.61,475.96,474.69,471.11,467.57,463.66,462.39,459.20,456.13,453.34,449.65,447.03,443.73,441.71,437.90,435.03,432.10,428.49,425.95,422.95,419.47,416.62,413.16,410.25,
407.00,578.34,576.17,573.81,571.54,568.24,567.51,565.19,562.04,559.25,556.51,555.56,551.96,548.35,546.71,544.37,542.46,538.68,536.64,533.80,530.33,529.57,525.73,523.93,521.36,516.57,515.89,513.41,510.93,507.65,504.40,501.35,497.34,494.76,493.14,488.79,482.11,479.53,476.25,474.91,471.70,467.94,464.03,462.85,459.58,456.46,453.56,450.40,447.55,444.39,442.22,438.72,435.07,432.81,428.73,426.46,423.57,419.74,416.94,413.67,410.64,
408.00,581.41,578.53,576.80,575.22,571.43,570.81,567.96,564.11,561.98,560.39,558.05,554.93,552.41,550.32,547.66,545.48,541.42,540.18,537.23,533.19,532.45,529.15,526.19,524.37,520.03,518.03,516.03,513.64,509.99,506.50,504.79,500.90,497.75,496.33,491.38,485.11,482.71,479.58,477.75,475.15,470.73,466.63,465.44,462.44,458.83,456.18,453.16,450.35,447.00,444.70,441.33,437.85,435.62,431.67,429.16,426.39,422.42,419.32,415.93,413.30,
409.00,589.17,585.41,584.15,582.45,579.20,578.05,575.71,571.93,569.21,568.05,565.55,561.69,559.37,557.32,554.70,553.21,548.84,547.62,544.31,540.14,539.36,536.55,533.45,530.64,527.67,524.79,523.30,520.11,516.07,512.88,512.23,508.19,505.07,502.00,498.90,491.75,489.50,486.19,483.79,481.28,476.87,473.10,472.11,469.19,464.92,462.36,459.21,456.52,453.02,450.38,447.50,443.80,441.24,437.38,434.94,431.60,428.24,424.72,421.95,418.60,
410.00,597.25,594.55,592.91,589.38,587.43,585.33,584.21,580.44,576.88,576.03,572.82,569.40,567.06,564.67,563.47,560.64,557.24,554.61,551.70,549.00,546.70,544.30,540.97,538.02,536.14,532.48,530.36,526.36,522.79,520.35,519.01,514.76,512.81,509.36,505.29,498.84,496.89,492.97,490.24,488.21,483.76,479.92,478.66,475.64,471.03,469.06,465.82,462.60,459.17,456.30,453.79,450.18,447.92,443.75,440.92,438.32,434.44,430.57,428.04,424.89,
411.00,604.44,602.03,599.83,596.61,595.13,592.34,590.92,587.96,584.35,583.93,579.60,576.48,574.55,571.56,570.02,567.36,563.95,561.46,559.14,555.58,553.58,551.41,547.45,545.09,542.71,539.43,536.27,532.00,528.73,527.56,525.15,520.85,519.07,515.75,511.72,505.24,503.24,499.20,496.42,494.59,490.46,486.25,484.73,481.86,477.16,474.94,471.98,468.58,465.19,461.95,459.39,455.90,453.82,449.36,446.38,443.94,440.32,435.86,433.52,429.86,
412.00,611.44,609.20,607.11,604.82,603.20,600.01,598.66,595.67,592.20,590.53,586.54,583.62,582.26,579.09,577.16,574.57,571.22,568.91,566.25,562.21,560.12,558.43,554.65,552.05,549.07,546.18,543.50,539.12,535.05,534.07,530.94,527.44,525.42,521.22,518.59,511.96,509.41,505.59,503.27,500.88,496.82,492.80,491.48,488.04,483.41,481.18,477.97,474.87,471.35,467.76,465.55,461.80,459.49,455.29,452.23,449.58,445.88,441.62,439.27,435.49,
413.00,619.78,618.48,615.65,612.82,610.86,608.04,606.50,603.87,600.01,598.03,595.00,591.93,589.25,586.68,585.55,582.27,579.62,575.89,573.20,569.87,568.03,566.21,562.46,559.31,556.22,553.91,551.06,547.08,542.20,541.97,537.11,533.87,532.93,527.32,525.72,519.58,516.19,512.50,510.23,507.33,503.73,499.98,498.33,494.65,490.54,487.42,484.81,481.42,477.65,474.31,472.06,468.51,466.02,461.21,458.61,455.50,452.15,448.03,445.92,441.17,
414.00,624.82,624.18,621.37,617.92,616.37,612.96,611.55,609.46,605.21,603.58,600.12,596.51,594.81,591.56,590.56,587.77,584.99,580.22,577.61,575.21,574.14,570.69,567.09,564.31,561.19,558.47,555.61,552.15,547.36,547.62,541.15,537.67,537.68,532.69,529.71,524.37,520.63,517.24,514.84,512.19,508.52,504.90,502.48,498.83,495.32,492.25,489.48,485.47,481.86,479.21,476.15,473.00,470.37,465.33,462.72,460.52,456.66,452.41,449.73,445.60,
415.00,626.02,625.55,622.23,620.48,617.98,615.54,612.84,610.61,607.28,605.29,601.34,598.04,596.84,593.80,591.22,589.42,586.70,582.16,578.74,576.40,573.86,571.50,568.37,565.96,562.35,560.20,558.04,554.05,549.46,549.64,543.19,539.19,538.57,534.00,531.32,525.87,521.70,518.75,516.70,513.66,510.26,506.22,504.24,500.31,497.38,493.89,490.89,487.51,484.15,480.99,477.76,474.31,471.78,466.61,464.36,461.76,457.90,453.72,451.07,447.00,
416.00,625.28,624.84,621.30,620.44,616.72,614.61,612.84,609.56,605.92,604.29,601.53,597.64,595.91,593.97,591.51,588.66,585.53,582.41,578.60,575.90,573.29,570.24,567.93,564.52,560.68,558.89,557.46,554.38,549.99,548.49,542.21,538.89,537.33,533.35,530.52,525.81,521.14,518.59,516.37,513.36,509.67,506.03,503.52,499.89,496.91,493.33,490.55,487.29,483.90,480.41,477.56,473.76,471.53,466.81,464.25,461.22,457.56,453.93,450.68,447.10,
417.00,625.33,624.02,621.38,619.56,615.62,613.47,613.16,609.66,604.82,603.44,600.36,596.08,595.15,593.25,590.60,587.78,584.75,581.88,577.95,575.94,572.82,570.46,567.08,563.61,560.89,558.27,557.20,553.44,549.60,547.83,542.83,537.99,536.70,533.63,530.04,525.24,521.27,518.15,515.64,513.14,509.57,505.78,502.79,499.70,496.81,493.48,490.43,486.80,483.24,480.43,476.87,473.82,471.51,466.62,464.22,460.79,457.62,453.71,450.44,446.86,
418.00,625.87,624.37,621.65,619.91,615.86,613.62,612.46,609.43,604.78,602.62,599.18,595.60,595.14,593.65,590.49,587.34,584.19,581.88,578.12,576.21,572.48,569.77,567.62,563.45,560.66,557.74,557.66,553.41,550.36,548.02,542.95,538.71,536.90,533.80,530.37,524.96,521.63,518.28,515.72,513.42,509.76,506.14,503.02,500.23,497.00,494.18,490.00,486.87,483.49,480.51,477.27,473.89,471.93,467.04,464.59,461.27,457.70,453.63,450.43,447.11,
419.00,627.13,624.57,622.32,619.99,615.79,614.10,612.55,609.00,605.65,602.64,599.46,597.01,595.69,594.44,591.15,587.35,583.70,582.50,579.54,575.84,572.25,570.27,567.26,564.20,560.93,557.62,557.58,553.36,550.84,547.40,543.76,539.69,537.02,533.74,530.08,525.35,522.10,518.68,516.34,514.34,510.27,506.44,503.61,501.29,497.47,494.83,490.21,488.08,483.80,481.02,477.94,474.89,472.70,468.25,465.23,461.66,458.03,453.86,451.03,447.96,
420.00,628.10,624.80,623.26,620.34,616.34,613.93,613.73,609.34,606.31,602.78,599.53,598.14,596.34,594.04,592.09,587.36,584.05,582.49,580.69,576.72,573.26,571.26,567.35,564.66,560.76,558.41,557.58,553.53,551.08,546.60,544.52,540.40,537.23,534.08,531.69,526.14,522.91,519.24,517.02,514.90,510.88,506.78,504.41,501.52,497.74,495.50,490.96,488.28,484.16,481.05,478.58,475.50,472.36,468.92,465.91,462.33,458.61,454.38,451.61,448.12,
421.00,628.73,625.71,624.89,620.50,617.49,614.88,614.47,610.63,608.17,603.64,599.67,599.26,597.20,594.61,592.82,588.71,585.56,583.22,581.31,577.88,573.91,572.39,569.93,564.74,563.08,559.67,558.83,554.18,552.13,547.87,545.13,540.75,539.24,534.72,532.52,527.59,524.90,520.30,517.73,515.92,511.59,507.69,505.56,502.54,498.81,496.89,491.52,489.22,485.39,482.26,479.08,476.67,472.94,469.76,466.80,463.40,458.96,454.80,452.55,449.43,
422.00,630.69,627.53,625.98,621.02,619.21,615.79,614.90,610.92,609.04,605.58,601.22,601.08,599.18,596.00,594.10,589.60,586.81,584.10,583.25,578.99,575.83,572.97,570.32,567.13,564.18,561.82,558.65,556.29,553.83,548.35,545.61,543.26,541.04,536.33,533.77,529.08,526.15,522.08,518.95,517.09,512.96,509.29,506.75,504.29,500.44,497.66,492.89,490.79,486.85,483.51,480.63,477.78,474.11,471.26,467.57,465.41,460.05,455.52,453.74,450.53,
423.00,629.60,625.91,625.86,620.43,620.62,615.28,615.81,610.91,609.37,606.05,601.81,601.87,598.60,595.33,593.55,590.19,586.58,584.75,583.41,577.40,575.77,573.55,569.33,566.78,563.90,562.40,558.94,556.01,553.27,547.55,545.53,542.89,539.43,535.63,533.94,529.22,526.01,522.03,519.35,516.97,512.78,509.28,507.51,503.68,500.44,498.38,493.38,491.05,487.13,484.00,480.88,477.63,473.81,470.67,467.73,465.19,460.04,456.13,453.63,450.54,
424.00,626.69,623.42,623.66,616.86,617.59,612.27,613.68,607.99,605.85,603.03,600.45,598.54,595.21,593.13,591.28,587.09,584.33,582.34,580.94,574.95,573.48,570.09,567.20,563.59,561.64,560.26,557.00,553.52,551.02,546.28,542.14,540.37,537.40,533.06,532.17,527.11,524.07,519.66,517.43,514.50,510.83,507.55,505.66,501.25,498.18,496.21,491.67,489.02,485.39,482.04,478.86,475.13,471.43,468.62,466.08,462.86,457.81,454.56,451.86,448.50,
425.00,623.81,621.16,621.14,613.93,614.65,610.11,610.84,604.93,602.92,601.34,598.08,595.09,592.07,590.86,588.45,584.63,581.53,580.32,578.88,572.38,571.63,567.73,565.30,561.53,560.25,557.86,554.47,551.28,548.76,544.75,539.72,538.96,535.68,530.93,528.72,525.28,522.31,517.87,515.19,512.84,508.76,505.95,503.39,499.95,496.66,494.20,489.73,487.12,483.54,480.52,476.70,473.15,470.04,467.16,464.10,461.10,456.35,452.84,450.31,446.78,
426.00,619.26,615.69,616.31,610.20,611.13,605.62,605.74,599.70,598.24,596.87,593.40,591.14,588.78,585.71,583.73,580.13,576.45,575.92,574.12,567.58,567.70,563.89,560.51,557.44,555.80,553.94,550.47,546.44,544.24,540.89,535.80,534.91,530.38,526.19,524.80,521.32,518.05,513.66,512.32,509.16,505.36,502.66,500.09,496.71,493.25,490.43,486.29,483.48,480.34,477.35,473.57,469.80,467.06,463.50,461.34,457.93,453.41,449.62,446.86,443.09,
427.00,606.34,604.07,603.13,598.53,597.16,593.98,593.03,587.15,585.87,583.67,581.73,578.58,575.47,573.81,571.90,568.74,564.75,564.49,562.41,556.39,555.73,552.57,550.16,545.58,544.02,541.94,540.04,534.95,533.35,530.96,524.49,523.25,519.44,514.68,514.35,511.38,507.91,502.97,502.62,499.52,495.14,492.43,490.68,486.41,483.16,480.19,476.94,474.08,471.29,467.79,463.81,460.01,457.78,453.86,452.14,448.15,444.64,441.21,438.42,434.24,
428.00,589.68,588.44,587.29,582.20,580.21,577.98,576.29,570.76,569.77,568.03,565.14,561.98,560.07,558.96,556.17,552.74,549.96,548.50,546.90,542.77,541.78,538.20,536.12,531.83,529.98,526.86,524.71,520.57,518.36,516.57,511.14,508.86,505.97,501.96,500.30,498.21,494.27,490.18,489.10,486.14,481.64,479.21,476.59,473.95,470.21,466.30,464.42,461.34,458.81,455.41,450.79,448.19,445.67,442.66,439.75,436.48,433.21,429.16,426.34,423.03,
429.00,579.56,578.50,576.45,574.20,570.79,569.02,565.79,561.44,561.21,558.54,554.58,553.57,551.06,548.53,544.86,543.31,540.99,539.50,536.65,534.14,532.10,529.75,527.67,523.57,521.39,518.01,516.30,511.22,510.58,508.53,503.31,500.31,497.26,494.04,491.91,490.43,486.64,482.19,480.79,478.11,474.00,471.39,468.61,466.65,462.98,458.27,456.95,453.84,451.52,448.01,443.32,441.16,438.75,435.37,432.66,430.09,426.28,421.94,419.25,416.66,
430.00,579.18,577.28,575.95,575.02,569.51,568.28,564.86,561.59,559.98,557.43,555.41,554.02,550.82,549.74,544.74,542.52,540.17,538.87,536.17,533.45,530.86,528.64,527.47,522.87,520.59,517.46,516.21,511.57,510.85,507.77,502.96,499.09,496.80,493.05,491.92,490.13,486.16,481.86,480.59,477.73,473.91,471.13,468.15,466.37,462.30,457.69,456.53,453.36,451.55,447.77,443.45,440.83,438.98,435.52,432.60,429.95,426.03,422.01,418.94,416.62,
431.00,584.99,583.48,581.69,580.43,574.71,574.19,571.27,567.58,564.76,563.38,561.65,558.85,555.35,555.82,550.55,548.05,547.05,544.89,541.04,538.22,536.29,533.72,533.04,529.20,525.91,523.67,521.25,517.27,514.67,512.11,507.93,504.49,502.03,498.59,497.85,494.89,491.51,487.28,485.00,482.34,478.59,475.82,472.94,471.11,466.85,462.41,461.46,457.88,455.61,452.14,447.93,445.63,443.57,440.61,436.67,433.56,430.49,427.09,423.65,420.84,
432.00,601.00,598.48,597.65,595.73,590.90,589.94,586.55,583.72,580.45,578.75,576.66,573.18,570.91,569.74,564.99,562.73,561.68,559.50,554.41,552.84,550.62,548.00,547.35,542.82,540.95,537.68,535.37,532.02,529.06,526.49,521.09,518.34,515.95,512.94,510.73,507.67,504.58,500.73,497.30,494.98,492.20,488.26,485.68,483.96,479.53,475.14,473.56,469.72,467.67,464.15,460.11,458.10,455.34,452.90,448.78,445.30,442.48,438.77,434.66,432.69,
433.00,626.07,622.97,621.26,621.44,615.07,614.84,610.54,608.21,604.26,602.40,600.62,598.14,594.48,593.95,588.46,586.86,584.75,583.71,578.49,575.27,572.60,569.66,570.28,565.31,564.36,560.76,557.70,554.04,552.91,548.08,543.50,540.37,537.81,535.26,531.10,527.83,526.06,521.14,518.18,515.86,513.30,508.51,505.90,504.11,499.24,494.51,493.62,489.83,487.59,483.37,479.80,477.25,474.51,471.94,468.25,464.10,460.51,457.21,453.83,450.56,
434.00,649.74,645.83,644.52,644.17,638.86,637.92,635.06,631.82,627.41,625.70,623.84,620.64,617.16,616.38,612.09,610.16,607.29,605.32,601.00,596.50,594.93,591.70,590.59,588.76,585.71,584.17,579.31,576.07,572.51,567.64,564.24,561.53,559.03,556.04,550.78,547.40,545.39,541.63,538.79,535.71,532.93,527.63,525.76,523.64,518.31,514.20,512.66,508.32,506.33,501.72,498.65,495.39,491.76,489.91,485.38,481.47,478.22,475.14,471.32,467.62,
435.00,661.39,658.25,657.02,654.59,652.10,649.91,646.57,643.63,640.17,637.61,636.32,631.13,628.39,626.72,622.69,623.33,619.10,616.91,611.31,607.86,607.05,602.49,602.47,598.77,597.32,595.87,589.99,586.91,584.11,579.60,574.58,572.05,569.42,567.51,560.93,557.60,555.79,552.19,548.98,545.96,543.33,537.64,535.77,533.37,529.04,524.64,522.56,518.30,516.16,510.98,508.03,505.54,501.07,498.90,494.43,489.95,487.65,484.38,480.26,477.15,
436.00,667.26,665.29,663.37,661.09,658.53,656.24,651.99,648.90,647.21,643.23,642.43,637.22,635.09,633.29,628.78,628.67,624.76,623.48,617.86,614.93,612.14,607.45,606.95,604.87,602.17,601.37,594.88,591.95,590.44,585.39,580.00,577.11,575.42,573.25,565.09,563.09,561.32,557.70,553.92,551.51,548.22,542.50,539.92,538.31,534.34,530.09,527.59,523.54,521.65,516.12,513.15,510.13,506.03,503.37,498.78,495.30,492.16,488.65,484.71,481.93,
437.00,671.97,669.42,667.61,666.42,663.76,662.17,656.67,653.38,652.14,648.82,646.91,642.95,640.46,638.59,633.60,633.02,628.40,627.72,623.29,618.88,617.30,611.84,610.31,610.52,606.40,606.17,599.83,596.31,594.64,588.91,585.93,581.96,580.28,577.43,569.95,567.66,565.68,561.71,558.72,556.41,551.78,547.14,543.82,542.55,538.48,535.03,531.25,527.38,525.24,520.09,517.42,514.20,510.09,506.56,502.20,499.84,495.24,491.79,488.52,484.98,
438.00,676.32,673.51,672.47,669.97,669.44,666.02,661.28,657.62,656.28,651.70,651.86,647.21,645.45,641.88,637.46,637.77,632.32,630.58,625.46,623.15,621.67,615.82,614.24,613.63,609.31,608.88,603.44,599.20,596.85,592.18,588.62,586.54,583.77,579.30,575.19,571.36,569.35,565.10,562.06,559.53,554.96,550.65,547.95,545.33,541.72,539.68,534.59,530.38,528.20,523.08,521.05,517.42,513.57,509.67,504.39,502.85,498.26,494.88,491.23,487.78,
439.00,680.71,679.45,677.90,674.27,673.87,670.87,666.32,661.55,660.99,656.59,656.20,651.95,649.75,646.91,642.83,643.02,637.38,635.86,629.74,628.72,626.42,621.28,620.70,616.63,613.16,611.83,606.45,603.09,600.35,596.38,592.60,589.76,587.90,582.78,579.00,575.65,573.79,568.95,565.87,563.96,558.89,554.66,551.03,548.29,544.87,544.28,538.18,533.92,531.45,527.52,524.76,521.10,518.07,513.51,507.99,506.43,501.62,498.52,494.36,491.29,
440.00,691.33,689.83,687.79,685.55,683.88,680.71,678.10,671.03,671.40,666.74,665.62,662.27,661.90,656.50,652.59,651.66,647.93,644.95,639.74,639.73,635.83,632.10,630.05,626.70,622.98,620.92,616.46,612.18,609.94,605.65,601.56,598.95,596.34,592.24,587.79,584.57,582.56,577.64,574.52,572.06,567.44,563.27,559.47,556.86,553.73,552.69,546.58,542.11,539.43,536.00,532.13,528.78,526.62,520.95,515.96,514.32,508.74,505.76,501.73,498.08,
441.00,706.49,703.93,702.65,699.27,698.55,695.12,693.21,686.15,685.33,681.68,680.55,677.08,675.62,671.02,665.83,666.38,661.17,658.29,654.98,653.23,649.67,646.98,644.48,639.38,636.35,632.82,630.20,625.82,625.38,619.32,615.10,611.79,608.92,604.69,602.78,597.65,595.53,589.59,587.83,584.42,580.22,576.10,572.82,569.11,565.37,564.58,558.45,554.43,551.34,547.79,544.27,540.70,538.72,532.84,528.19,526.01,520.33,517.76,513.29,509.42,
442.00,720.32,718.90,717.34,712.06,712.37,707.47,708.03,698.69,697.62,695.23,694.79,691.02,687.73,684.12,679.91,680.05,675.81,671.14,668.56,665.48,662.06,660.74,657.97,651.67,648.35,644.66,641.46,637.55,636.61,632.19,626.58,623.07,619.91,615.29,613.87,609.18,606.66,601.71,599.50,595.28,592.04,587.65,584.02,580.28,576.23,575.40,570.30,565.77,562.40,558.85,554.65,551.27,549.38,543.75,539.28,536.65,531.25,528.52,523.54,520.23,
443.00,729.77,729.95,727.02,720.96,720.87,715.80,717.24,709.41,707.57,706.15,703.21,698.98,696.27,692.56,689.88,686.86,684.72,680.68,677.83,674.12,670.52,669.71,666.30,660.15,657.11,654.70,650.20,646.85,646.27,642.16,634.61,630.89,628.41,624.67,621.80,617.48,614.61,609.98,606.92,603.10,599.70,595.45,591.77,589.17,584.43,582.48,577.96,573.23,570.61,566.69,562.05,558.73,556.05,550.54,547.23,543.61,538.52,535.31,530.49,527.36,
444.00,737.31,736.70,732.61,729.03,727.12,723.07,723.85,716.25,714.66,712.42,709.84,705.70,703.34,699.73,696.75,692.19,691.08,687.77,685.40,680.37,675.46,675.63,671.57,666.62,663.69,661.80,656.64,653.28,653.88,648.55,641.46,637.28,633.64,630.83,628.92,623.56,620.54,616.43,612.38,608.94,605.16,601.77,598.36,595.46,590.48,587.41,583.76,579.89,576.61,571.94,567.91,564.42,561.53,555.56,553.56,549.45,544.37,539.78,536.13,532.29,
445.00,742.83,742.19,739.26,734.91,731.52,728.71,729.26,720.72,718.80,717.67,715.86,711.95,706.98,705.16,703.77,698.09,696.03,693.86,691.80,683.74,681.05,682.19,676.98,673.42,668.60,667.58,662.99,658.97,658.38,653.39,648.13,643.90,639.00,634.82,634.46,628.79,625.36,622.01,617.65,614.36,609.74,607.19,603.70,600.22,594.51,592.10,588.94,584.82,580.90,576.25,573.03,569.42,565.30,560.14,557.91,554.21,549.44,544.00,540.78,537.35,
446.00,748.69,748.52,746.07,740.66,737.46,734.25,735.50,729.16,724.84,723.83,720.66,716.82,712.60,710.04,709.18,703.12,702.35,698.77,695.97,688.91,687.66,687.32,682.48,678.68,675.38,673.26,667.63,664.59,662.80,658.97,654.01,649.17,645.88,640.72,637.91,634.45,630.13,627.85,622.82,619.60,615.18,612.21,608.24,605.79,599.61,597.44,593.92,589.49,585.81,581.30,577.60,574.07,569.67,564.40,562.38,558.66,553.60,548.25,545.35,542.20,
447.00,759.91,759.64,756.06,753.26,747.07,745.42,745.17,739.86,735.52,732.89,729.52,728.16,724.55,721.78,719.83,712.43,712.70,709.79,706.20,699.86,697.37,696.34,692.28,689.56,684.83,683.11,677.45,675.38,672.80,668.96,663.93,659.21,654.96,650.74,647.08,643.82,639.57,636.53,631.71,629.39,624.03,621.21,617.23,614.59,608.71,606.43,602.04,597.83,595.09,590.34,586.78,582.46,578.11,572.63,570.76,566.78,561.77,556.09,553.51,550.14,
448.00,773.82,772.96,769.86,768.66,759.96,759.81,759.04,752.69,748.55,745.71,743.52,742.47,738.72,736.22,732.62,726.77,725.66,722.52,720.61,711.08,711.57,709.84,705.41,702.92,698.19,694.58,690.90,688.49,684.95,680.31,677.20,672.20,667.37,662.42,658.21,655.93,651.22,649.01,643.93,640.99,636.23,633.38,628.31,625.65,620.42,618.74,612.98,609.14,605.95,601.61,597.73,593.47,589.03,583.82,581.62,578.22,572.25,566.48,563.81,560.67,
449.00,786.03,783.94,782.57,779.65,772.63,771.48,771.42,765.96,760.63,757.94,755.34,752.79,750.42,747.77,743.25,739.57,737.43,733.73,730.94,721.40,723.91,721.61,716.45,713.53,710.43,705.76,702.25,699.37,695.24,690.33,687.95,683.31,679.88,673.34,669.03,666.64,661.20,658.33,654.12,650.70,646.47,643.78,638.86,635.50,630.40,629.14,622.74,618.30,615.94,611.14,606.96,603.71,598.59,593.74,590.72,586.96,581.87,576.22,573.02,570.22,
450.00,792.32,791.68,789.11,784.97,779.51,779.69,776.65,773.51,767.79,763.74,760.68,757.99,757.04,753.62,748.94,744.65,744.16,739.12,736.53,728.65,729.27,726.63,722.88,718.30,716.25,711.44,705.84,704.59,700.64,696.21,692.93,687.31,685.74,679.22,673.71,671.36,666.12,663.61,659.37,655.75,651.64,648.49,643.74,640.67,635.73,634.13,626.65,622.96,621.34,616.48,611.48,608.14,604.30,598.63,595.77,591.85,586.99,581.46,577.90,575.47,
451.00,793.70,794.90,789.13,787.56,781.56,782.60,777.92,773.98,768.98,765.39,763.08,759.77,760.32,756.23,751.44,746.42,743.96,741.17,738.92,729.62,730.49,728.66,723.15,720.82,717.81,712.98,707.68,706.15,701.43,696.90,693.64,688.94,687.25,682.06,675.16,671.86,667.62,665.50,660.78,657.13,653.12,649.54,644.95,643.01,638.11,635.35,628.32,624.57,622.43,617.71,612.55,609.68,605.77,600.10,597.14,593.44,588.39,582.13,579.51,576.73,
452.00,792.02,792.67,788.37,784.92,781.98,781.45,776.60,773.48,769.13,764.81,763.56,757.86,759.06,754.31,748.16,746.09,743.14,740.55,736.62,728.95,729.35,728.63,722.16,719.68,715.68,712.29,706.87,704.54,700.39,694.30,692.30,688.78,686.65,682.26,675.38,670.88,666.87,664.37,659.55,655.93,652.25,648.55,645.13,642.70,637.27,634.50,627.76,624.41,621.45,616.09,611.91,608.92,605.89,599.19,596.82,592.31,587.49,582.03,579.17,576.31,
453.00,789.20,791.07,786.46,781.10,779.39,778.90,774.20,770.85,765.60,762.86,760.50,755.53,755.53,753.07,746.82,744.28,742.46,736.78,734.66,728.30,726.92,726.23,720.98,717.31,712.22,708.63,704.39,701.22,698.46,692.05,690.22,685.19,684.52,679.07,672.18,669.55,664.99,662.33,658.21,654.20,650.97,646.48,643.69,640.72,634.55,631.74,625.77,623.29,619.44,613.96,610.08,607.27,604.89,597.21,594.40,590.11,586.43,580.90,578.17,574.67,
454.00,789.53,792.70,786.77,780.44,780.25,779.87,772.97,770.76,765.45,764.80,760.04,756.26,756.08,753.18,746.70,743.28,741.93,736.48,735.12,730.78,728.11,726.07,721.45,718.98,712.02,708.06,704.24,700.60,698.21,692.56,689.99,684.86,684.01,681.22,672.78,670.04,666.63,663.90,659.70,655.16,652.29,646.60,643.14,641.86,635.31,632.52,626.25,623.54,620.20,615.23,610.66,607.18,605.73,597.75,594.19,590.71,585.97,581.54,579.44,575.36,
455.00,793.22,794.54,789.76,785.98,784.08,782.27,776.67,774.54,770.09,768.53,763.63,760.76,759.25,756.57,750.28,747.50,745.23,741.06,738.36,733.31,729.44,728.04,724.15,722.01,715.49,711.41,708.51,706.18,702.53,695.75,693.07,687.74,685.47,684.76,678.10,674.68,670.47,666.45,663.48,658.53,656.16,650.45,647.24,645.15,639.07,636.26,630.37,627.33,623.90,618.17,614.98,611.05,608.52,601.30,597.63,593.78,588.74,584.61,582.15,577.49,
456.00,799.73,798.52,796.48,790.79,788.00,785.55,782.84,780.26,775.42,772.63,769.83,766.33,761.72,761.23,757.04,754.23,751.22,745.37,742.96,738.15,734.74,733.91,728.79,725.77,719.73,715.36,713.91,710.99,707.12,701.70,698.31,692.01,688.77,688.01,682.68,679.69,675.44,670.11,668.90,663.62,660.82,654.65,652.05,648.80,642.95,640.37,635.05,631.71,628.25,622.57,619.61,615.44,612.49,605.66,601.83,597.67,593.81,589.78,585.51,581.69,
457.00,803.78,803.79,800.98,794.82,792.43,787.40,787.17,785.53,780.65,778.38,772.75,769.71,766.09,764.68,762.30,758.69,755.39,749.78,746.25,742.47,740.16,736.86,732.91,728.72,724.55,720.50,718.60,714.49,709.96,706.92,703.21,695.71,693.51,692.50,685.52,683.11,679.46,674.12,673.10,667.36,665.57,658.12,655.02,652.46,647.19,644.46,639.08,635.43,631.38,627.31,622.63,619.23,615.38,610.24,605.11,601.29,597.43,593.65,588.87,584.46,
458.00,808.31,806.63,804.74,799.69,797.72,791.66,791.49,790.15,786.78,783.37,776.69,774.71,771.05,767.39,764.78,762.30,758.68,754.77,749.01,747.45,741.86,739.21,736.35,732.18,728.74,726.17,722.55,718.89,714.52,711.83,705.35,700.09,697.11,696.35,690.67,687.05,683.06,677.24,676.36,671.25,668.79,661.27,658.53,656.61,651.35,648.57,643.12,638.86,635.51,630.87,626.77,622.78,618.88,613.91,608.98,605.10,600.44,596.67,591.79,587.55,
459.00,812.05,810.50,809.96,803.78,799.65,794.48,796.02,793.20,789.58,784.67,783.10,779.99,773.55,771.99,769.91,768.35,762.43,759.58,754.67,749.79,745.37,743.29,740.45,734.77,731.69,730.11,727.27,722.89,718.24,715.90,709.98,703.76,699.12,697.57,693.94,689.86,685.53,680.86,679.82,674.96,671.15,664.43,661.53,659.26,654.61,651.30,646.03,642.50,638.48,633.83,629.69,625.66,621.11,617.18,611.71,609.01,603.64,599.92,593.72,589.89,
460.00,816.59,814.25,814.48,806.00,804.90,797.79,798.59,796.32,791.74,788.35,786.59,782.21,778.31,775.35,773.09,770.14,766.85,763.82,757.46,754.44,750.89,747.56,742.87,736.89,734.36,733.83,730.90,723.19,719.08,717.18,715.40,707.85,705.08,700.50,696.26,692.09,689.58,684.18,682.42,677.53,674.21,667.26,663.51,662.35,657.12,654.43,648.70,645.29,639.91,636.14,631.61,627.75,623.86,620.74,614.22,611.80,606.45,603.11,596.46,592.29,
461.00,819.16,818.20,817.53,810.47,809.19,802.93,800.11,800.04,795.99,792.81,788.36,785.92,782.68,777.12,774.09,772.80,771.17,768.07,760.66,759.65,753.74,749.73,748.41,740.51,739.03,737.63,732.97,725.68,723.02,722.17,716.74,712.64,709.80,703.68,700.80,695.14,693.00,688.52,684.56,681.05,677.20,671.63,667.07,665.17,660.45,658.42,651.49,648.99,643.34,639.78,634.54,630.58,627.05,623.55,617.42,615.22,609.19,605.77,599.94,594.73,
462.00,822.66,820.87,819.27,813.75,810.98,808.14,802.15,802.21,797.26,794.66,792.56,789.68,786.27,781.74,777.38,774.48,773.99,770.47,766.50,761.60,756.92,753.25,750.20,744.90,743.42,740.71,735.00,728.07,727.49,724.40,720.62,716.17,712.03,705.87,704.04,698.59,696.53,691.94,688.45,684.14,679.51,674.92,670.04,667.37,662.35,659.73,654.84,651.46,646.76,642.28,637.45,633.20,629.29,625.20,619.85,618.62,611.69,608.05,601.92,597.28,
463.00,821.88,819.61,819.58,813.67,810.16,808.30,802.61,801.93,797.08,793.75,792.25,789.32,785.34,781.28,776.49,774.95,773.83,769.64,765.43,759.94,759.11,754.57,748.52,745.04,742.57,740.95,734.86,727.99,725.27,722.94,720.75,716.39,712.29,705.42,705.42,697.89,696.93,691.80,688.63,683.93,679.18,675.12,670.55,666.81,661.51,659.69,654.49,651.02,646.08,641.64,636.81,632.68,628.61,624.93,620.23,618.31,611.26,608.11,601.66,596.95,
464.00,819.12,816.86,815.62,810.45,808.46,805.68,798.35,798.29,794.78,792.33,787.62,784.22,782.29,778.53,772.90,771.27,772.05,765.87,761.16,757.30,755.60,750.00,745.78,739.50,739.70,738.36,731.36,724.19,722.98,721.12,715.33,713.99,710.42,702.74,702.80,695.31,694.24,689.36,685.50,681.52,677.34,672.63,668.11,663.76,658.48,656.53,652.18,648.57,644.36,638.72,634.31,631.31,626.77,622.30,618.86,615.51,609.51,605.83,599.61,594.83,
465.00,814.15,813.24,808.82,806.84,803.03,801.09,794.59,792.95,790.29,788.37,782.62,782.21,778.66,775.67,766.39,766.65,766.39,760.29,757.73,754.11,751.15,744.51,741.14,737.38,736.49,733.02,726.22,720.50,721.07,718.32,709.28,711.02,705.34,701.61,697.19,692.51,690.11,685.87,681.17,678.71,673.26,668.44,664.75,660.26,655.06,652.25,648.63,644.54,642.11,636.66,630.85,627.93,623.06,617.99,615.31,611.89,606.45,602.73,596.97,592.35,
466.00,810.60,808.14,806.44,804.31,799.92,797.38,793.52,787.80,787.32,785.28,777.58,780.38,775.11,773.50,763.24,763.81,761.77,757.04,753.90,748.09,747.69,741.52,734.92,734.86,731.58,732.63,722.85,718.74,718.18,712.85,706.62,707.53,700.39,697.73,694.24,689.63,687.44,682.13,679.16,675.12,671.13,665.35,662.18,657.96,652.04,649.10,645.90,641.66,639.32,632.77,628.70,624.92,620.34,615.09,612.44,609.67,602.45,599.32,593.79,590.10,
467.00,807.86,805.61,804.17,800.25,796.56,792.40,791.44,784.31,784.39,782.39,774.46,776.54,770.69,768.93,760.28,761.01,759.16,752.99,748.67,744.74,745.07,738.58,733.53,730.25,727.85,726.57,720.32,715.11,715.84,710.63,702.94,704.70,695.89,694.77,691.17,686.78,684.66,679.06,676.11,673.04,668.17,662.11,660.22,655.16,649.11,647.12,642.83,638.66,635.75,628.89,626.84,622.32,617.74,613.61,610.76,605.92,600.41,597.81,591.18,588.24,
468.00,807.34,805.88,801.91,797.97,794.33,791.17,788.81,782.26,781.13,782.34,773.23,775.27,769.67,768.53,760.23,758.18,757.58,752.44,748.22,744.20,743.14,738.53,732.79,729.76,726.26,725.52,718.27,712.99,716.10,709.43,703.37,703.49,694.39,695.51,686.99,686.01,683.48,678.41,674.45,671.91,667.20,662.08,658.46,654.85,648.36,646.68,641.54,637.74,633.73,628.43,625.92,621.88,616.31,613.01,609.13,605.02,599.34,597.20,591.59,587.71,
469.00,806.72,804.51,800.95,799.97,794.83,790.84,789.97,782.77,781.29,782.11,771.88,777.10,769.88,766.59,760.14,758.37,755.61,754.06,747.80,744.79,741.98,740.18,732.17,730.81,725.57,725.57,719.07,715.46,717.22,709.64,705.61,703.38,693.87,695.86,687.88,686.05,683.84,678.06,673.73,671.60,667.71,662.76,658.99,656.27,649.88,647.45,642.37,637.20,633.22,628.64,626.09,620.67,616.89,613.05,609.31,604.82,598.61,596.92,592.41,587.93,
470.00,807.72,804.62,802.83,800.62,793.92,791.28,791.03,785.94,782.24,781.64,774.86,777.39,768.44,766.95,762.57,760.82,756.87,754.85,748.67,743.57,743.79,742.64,733.59,732.95,724.43,725.74,720.65,717.85,719.15,710.41,708.01,704.26,694.41,695.17,690.83,686.51,684.38,678.61,675.61,672.75,667.97,664.26,659.80,656.86,651.05,648.71,644.00,638.90,634.01,629.13,627.49,621.34,618.96,613.08,610.61,605.85,598.91,597.50,592.82,589.33,
471.00,809.00,809.81,804.28,800.55,794.98,792.87,789.77,787.44,783.66,782.67,777.33,777.37,771.08,768.52,765.38,761.83,760.12,755.68,751.00,744.80,746.96,745.30,737.21,735.24,725.76,727.46,723.96,719.02,718.08,711.43,712.69,704.33,697.46,696.60,689.87,687.97,685.42,680.13,676.61,673.68,668.98,665.51,660.58,658.14,653.20,649.50,644.77,640.32,634.71,631.28,628.10,622.29,620.93,614.51,612.39,606.54,600.82,599.65,595.09,590.36,
472.00,810.59,811.20,806.87,802.49,798.78,798.07,791.08,789.67,787.85,785.59,778.63,780.11,775.27,769.07,765.69,762.48,761.35,759.11,753.28,748.91,745.94,746.99,740.82,735.74,729.10,732.42,726.86,722.90,719.57,713.66,711.42,706.27,700.82,700.49,691.67,690.12,686.59,682.02,676.90,675.13,670.75,668.08,662.10,661.63,657.83,651.63,646.11,643.14,637.76,633.61,630.11,623.47,623.35,615.13,614.66,608.94,603.06,600.42,597.64,591.63,
473.00,814.31,809.99,808.86,806.07,799.97,800.73,793.14,791.75,791.73,785.13,784.23,781.05,776.52,772.04,766.15,765.19,761.80,761.06,758.14,753.12,746.32,746.92,742.54,739.05,733.81,732.74,729.03,726.36,721.16,713.52,712.78,706.07,703.05,702.75,695.39,692.51,688.96,684.26,679.72,676.34,672.92,669.07,664.46,663.00,659.75,652.07,649.94,644.94,641.40,635.40,632.82,625.80,626.31,616.51,615.92,611.31,604.86,601.35,598.10,593.52,
474.00,814.82,813.24,811.37,806.63,801.83,803.17,796.60,790.75,792.88,787.18,786.65,780.70,776.76,772.29,769.95,766.96,762.86,760.87,760.25,753.18,749.85,749.96,745.00,742.26,736.17,733.84,730.62,728.00,720.57,713.12,714.98,708.65,705.80,702.84,694.87,694.14,690.62,684.66,682.43,677.81,672.76,670.18,666.55,663.22,660.45,653.91,651.37,646.65,642.54,635.98,633.50,627.36,626.91,617.79,616.68,612.31,606.22,602.49,598.28,594.01,
475.00,815.18,815.00,812.04,808.17,804.29,805.03,797.64,792.46,795.05,789.51,786.74,781.57,778.98,773.07,771.96,767.71,764.94,761.25,760.32,755.89,750.34,749.24,748.50,740.00,738.89,735.75,731.50,729.66,722.08,715.99,713.59,709.52,708.41,703.43,696.04,696.11,693.38,685.84,682.81,678.97,676.31,671.80,668.70,664.78,662.12,655.25,652.00,646.53,644.02,636.85,634.41,628.95,628.06,620.74,617.86,613.06,607.44,604.05,599.83,594.07,
476.00,819.43,815.06,813.97,812.01,807.66,810.32,800.22,795.74,796.00,790.65,789.27,786.02,782.37,778.60,773.62,769.85,764.77,764.87,763.40,760.50,752.11,750.53,751.75,741.92,742.02,734.88,733.27,732.19,725.88,718.21,713.35,713.22,710.42,705.33,699.25,698.84,695.01,687.42,684.31,681.54,678.77,673.67,670.51,666.48,663.27,657.39,655.05,648.64,646.45,639.70,636.49,631.87,628.82,622.60,618.65,614.37,608.98,605.00,601.16,596.68,
477.00,822.97,818.52,818.52,817.08,810.44,811.81,806.17,798.16,794.93,792.24,792.60,788.12,783.44,782.36,776.93,774.76,766.52,768.88,767.76,761.71,757.48,753.40,753.04,747.67,742.54,737.23,737.07,735.59,727.78,719.99,719.39,715.41,713.34,705.01,703.42,702.04,698.26,690.35,688.45,684.46,682.01,676.06,673.62,668.02,664.25,660.05,657.86,650.19,648.23,642.90,638.80,634.83,631.12,625.43,620.21,616.24,610.74,607.44,603.75,598.80,
478.00,823.62,823.59,823.21,817.57,817.84,813.64,811.47,802.88,800.06,796.86,792.67,791.86,786.59,784.47,780.17,779.76,771.63,772.34,767.75,762.75,761.99,756.66,755.92,748.47,743.16,741.30,741.01,739.18,731.00,724.57,722.14,718.91,715.72,705.43,706.83,704.73,700.75,691.80,690.37,688.47,684.79,678.67,676.40,671.26,667.42,663.72,659.90,653.73,650.60,645.76,641.22,637.09,632.96,627.96,622.57,617.30,614.29,610.30,605.47,601.75,
479.00,829.54,827.19,825.99,821.31,822.40,819.09,811.40,807.81,805.15,798.38,794.95,798.44,791.88,791.79,784.50,781.74,777.76,775.86,771.05,767.46,764.23,758.52,759.13,753.21,746.10,746.39,744.36,738.74,735.82,729.19,724.45,720.69,718.26,711.04,708.56,708.39,703.63,696.73,693.15,691.86,688.50,681.33,678.56,673.93,670.32,667.22,662.20,657.56,654.69,649.93,644.99,640.53,635.61,632.04,625.46,619.87,618.44,613.97,608.78,604.62,
480.00,834.87,829.56,829.97,825.93,825.73,822.35,816.24,810.08,808.86,799.93,798.57,804.02,796.44,795.33,789.52,785.89,777.56,780.28,775.18,769.32,768.92,763.31,759.62,757.36,749.98,750.04,747.56,741.55,739.08,731.75,727.06,722.97,721.15,714.38,711.11,710.64,706.21,700.46,696.18,694.76,690.52,683.81,680.68,677.81,673.03,670.18,665.88,660.79,656.83,652.63,647.74,642.63,638.05,634.04,628.91,623.36,620.69,616.23,611.62,607.24,
481.00,832.90,828.50,827.95,824.18,825.12,819.50,816.87,812.16,810.07,801.90,798.71,801.50,793.68,792.15,787.99,786.53,778.20,776.98,773.60,767.87,768.22,762.21,757.57,755.65,749.47,750.54,746.29,739.77,740.76,732.03,727.43,722.48,720.59,714.23,712.34,709.20,705.76,699.47,695.90,694.17,689.33,683.39,680.92,677.01,673.11,670.38,664.50,659.83,655.88,651.26,648.09,641.86,639.05,633.45,628.83,623.43,621.23,616.51,610.73,606.45,
482.00,826.95,825.75,822.84,817.74,819.72,814.90,809.52,807.39,807.11,796.91,791.09,796.98,786.78,786.29,783.59,780.19,774.45,769.84,768.14,762.40,760.91,758.51,752.84,749.87,742.99,745.12,741.65,731.44,735.63,728.82,722.09,717.63,715.36,709.98,705.58,703.67,701.43,694.74,690.66,689.50,685.70,678.93,675.61,671.93,668.81,665.07,659.49,656.03,652.29,647.45,642.88,637.70,634.80,629.82,625.31,619.90,617.23,613.44,606.10,602.81,
483.00,816.39,813.99,808.11,808.06,805.90,805.02,795.68,794.68,794.18,784.74,779.23,783.95,775.53,774.28,773.67,767.33,760.23,757.31,756.95,752.69,750.18,746.29,742.90,740.25,734.47,734.74,731.19,721.05,725.32,718.21,709.94,706.84,705.77,702.15,694.13,692.76,691.13,685.91,680.72,679.12,675.99,668.81,665.62,662.06,660.50,654.46,649.69,645.99,643.15,637.93,632.13,628.91,625.96,620.52,616.58,612.07,607.98,604.02,597.99,594.04,
484.00,798.39,793.76,791.29,791.65,788.68,787.99,780.84,779.71,777.69,767.44,762.66,765.66,758.50,756.28,754.88,750.63,741.37,742.26,741.81,735.49,733.77,728.81,726.64,722.86,720.46,718.26,713.87,708.52,710.72,702.76,696.23,691.30,690.32,687.05,682.68,677.13,676.37,669.72,666.11,664.12,660.55,654.20,651.27,647.72,645.87,639.72,635.34,631.20,628.99,623.34,618.48,615.44,613.55,605.73,603.87,600.37,595.27,590.80,584.64,581.73,
485.00,779.63,779.41,775.32,773.45,772.11,770.57,764.58,763.76,759.94,752.46,748.43,748.78,740.76,739.99,739.71,735.24,728.50,725.32,725.78,719.99,720.04,717.51,712.21,707.10,704.65,701.90,701.85,693.20,693.58,687.84,683.94,677.15,675.04,673.00,669.16,664.39,661.69,655.93,653.69,651.35,646.36,641.07,638.91,633.96,633.06,626.25,622.13,619.60,616.13,611.29,605.72,603.43,601.09,594.01,591.51,587.89,584.42,578.69,573.02,570.11,
486.00,770.93,772.28,765.83,763.46,762.28,759.80,754.89,752.95,749.84,744.58,737.98,738.57,732.89,730.43,731.04,724.92,718.50,716.16,717.70,711.42,712.35,707.31,704.61,697.55,697.25,696.09,693.69,685.80,684.62,679.90,674.89,668.96,668.60,665.35,659.53,656.83,654.70,648.99,645.62,642.68,639.50,633.41,630.30,627.90,625.98,618.48,615.47,612.73,609.51,604.42,597.48,596.39,593.50,587.91,584.00,580.10,577.37,571.66,567.14,563.29,
487.00,769.15,765.34,760.90,762.54,761.53,757.08,751.97,750.03,747.81,741.50,735.62,735.74,733.42,728.11,728.47,721.28,716.11,714.74,714.80,710.71,709.07,703.18,702.46,695.77,695.40,695.13,688.88,684.77,683.71,675.87,672.26,666.31,666.61,663.43,660.34,655.36,651.17,647.07,643.31,640.70,636.73,631.47,627.87,626.49,623.46,617.24,614.42,610.58,608.57,601.92,596.46,594.75,592.66,585.89,582.08,578.11,576.21,569.56,565.39,561.79,
488.00,773.72,770.05,765.93,766.61,765.53,759.09,760.11,754.24,750.18,747.28,744.95,740.21,738.24,733.33,733.85,727.97,722.24,719.65,720.97,712.65,713.05,709.77,705.98,700.48,699.73,701.89,693.77,690.57,686.67,679.50,678.00,670.54,669.72,667.10,664.45,659.69,654.92,651.64,648.84,645.35,640.30,636.63,632.00,630.28,625.83,622.21,618.75,615.15,611.64,606.66,601.00,598.85,596.93,589.51,586.50,583.67,579.75,573.55,569.29,565.92,
489.00,784.24,781.97,774.61,774.86,774.46,766.88,769.81,763.46,758.58,761.12,754.61,749.60,748.41,743.53,743.06,738.96,733.82,727.97,727.24,723.25,723.36,719.28,714.48,707.33,707.48,712.47,703.51,700.05,693.81,687.57,686.97,678.86,679.54,675.93,672.15,668.12,663.89,660.73,657.07,653.15,649.74,645.38,641.04,639.61,633.65,630.41,627.29,623.53,619.33,614.65,609.38,607.51,604.44,597.49,594.73,590.54,586.79,581.13,577.12,574.66,
490.00,793.08,788.63,782.07,783.11,783.11,777.18,776.44,770.87,768.65,769.73,761.78,758.42,757.18,751.24,749.90,746.18,741.99,734.50,734.09,731.92,727.94,724.11,722.68,716.43,714.66,721.59,709.50,706.46,701.30,695.30,692.19,686.98,684.29,682.64,677.99,674.77,670.80,668.05,662.81,660.02,656.63,651.98,648.62,646.36,640.31,637.39,633.84,629.73,626.51,620.83,616.05,614.61,610.37,603.83,600.40,595.84,593.57,587.21,582.78,581.11,
491.00,798.92,792.39,788.79,789.87,786.58,783.33,780.85,773.19,772.11,771.37,769.26,764.85,763.43,760.15,755.80,754.01,745.69,740.94,740.56,735.89,730.85,731.53,728.20,724.68,720.30,724.66,714.84,712.36,705.79,698.55,697.87,689.54,687.02,689.82,683.36,679.42,675.67,673.78,668.28,665.80,661.03,656.97,653.36,649.87,644.22,641.60,637.98,634.22,631.28,625.52,620.18,619.43,613.93,607.97,605.80,601.47,596.38,591.75,587.84,584.35,
492.00,801.01,797.12,793.45,791.37,789.55,784.96,786.65,776.38,776.57,775.42,774.34,766.14,766.48,763.40,757.83,757.56,751.85,743.66,742.08,739.30,735.57,735.63,728.86,729.50,722.04,726.83,717.35,717.11,708.16,700.17,702.26,694.53,691.86,691.24,686.90,681.92,679.00,676.85,672.23,668.38,662.90,660.25,657.00,652.47,647.85,645.01,641.50,636.91,632.62,627.89,623.64,622.03,617.09,610.01,609.17,604.86,598.98,593.46,590.78,587.35,
493.00,806.11,799.68,796.88,792.88,794.21,789.23,786.80,779.65,782.56,777.58,773.57,769.82,769.21,765.94,759.99,760.23,756.35,747.36,743.60,743.72,738.14,739.35,732.80,731.70,724.06,726.00,719.45,716.90,712.66,705.13,704.88,698.21,693.96,692.76,688.99,685.32,681.78,679.79,673.82,671.92,665.66,662.60,660.13,655.27,650.47,647.55,643.52,640.23,635.81,629.69,626.29,624.45,618.38,613.19,611.14,606.29,601.67,596.00,593.37,589.88,
494.00,810.23,804.38,801.10,795.99,796.18,792.90,787.79,781.96,784.50,777.40,775.21,773.92,773.01,770.09,763.34,763.17,757.15,750.39,747.84,747.12,741.46,741.83,735.81,735.98,728.87,726.68,721.93,718.29,716.28,708.63,706.07,702.25,695.86,698.05,691.67,688.24,684.30,683.27,676.56,674.15,667.81,665.25,662.26,656.64,653.95,649.34,646.21,643.29,637.96,633.15,628.04,625.86,620.31,616.01,613.67,608.42,603.60,598.43,595.72,590.91,
495.00,812.93,808.54,805.98,801.22,798.90,793.20,792.31,784.51,788.89,781.20,777.92,776.70,777.30,774.50,766.21,766.10,760.94,756.90,750.58,749.96,744.84,743.64,738.14,739.49,731.90,728.89,724.24,722.78,719.85,711.16,708.86,704.46,700.93,699.35,697.49,689.78,686.75,685.74,680.07,676.65,670.60,668.70,664.66,659.23,656.16,652.24,648.68,645.42,640.58,635.17,631.22,627.12,623.54,618.15,617.30,612.12,605.35,600.86,598.03,593.34,
496.00,812.91,808.66,805.48,799.12,801.55,793.71,790.59,785.91,789.72,783.04,776.21,776.21,775.86,771.07,767.93,766.14,762.95,756.19,749.35,750.31,746.85,745.04,739.01,738.34,730.50,726.07,724.99,720.11,718.28,712.15,709.14,705.47,698.78,697.31,696.65,689.56,686.45,685.03,680.01,677.46,669.54,668.74,663.86,658.85,655.58,652.18,648.72,644.95,640.02,634.68,630.89,626.37,623.58,617.95,617.08,612.28,605.39,600.93,597.40,594.95,
497.00,810.53,806.87,801.38,796.54,796.97,791.74,786.60,783.31,784.45,778.56,771.16,775.91,772.25,768.95,766.70,762.00,756.48,753.88,747.61,749.05,744.65,739.93,737.68,731.85,731.68,722.26,721.90,715.96,714.17,710.81,704.63,702.00,695.70,696.46,692.04,687.43,684.02,682.41,677.13,674.35,667.95,665.79,661.37,657.51,653.99,648.15,645.34,642.69,637.55,633.10,627.52,624.45,620.19,615.33,614.44,608.98,602.51,599.26,595.29,592.21,
498.00,801.46,800.27,797.87,792.52,789.38,785.18,782.23,778.22,777.24,773.28,765.02,770.69,766.87,763.22,760.78,755.88,749.80,749.98,741.91,742.78,737.15,733.19,731.80,729.13,725.67,719.76,716.67,712.47,709.47,704.30,697.67,695.54,691.99,691.25,688.06,681.52,678.93,675.89,671.85,668.10,662.77,660.85,656.31,652.45,649.66,643.98,640.62,636.93,632.96,627.31,623.35,619.27,615.43,610.21,610.08,603.33,598.29,594.56,590.78,587.66,
499.00,790.87,791.71,790.50,785.31,782.98,776.85,775.89,771.82,768.96,766.42,760.98,761.40,757.70,754.57,755.16,749.71,743.78,743.73,736.53,734.47,730.34,727.38,723.84,721.98,718.92,713.04,711.09,705.58,702.09,697.44,694.10,689.08,683.47,681.72,680.72,674.64,671.67,668.54,667.02,662.45,657.24,654.68,649.33,646.45,642.87,637.79,634.51,629.81,627.15,620.55,616.89,613.46,610.01,603.83,603.07,598.45,592.27,588.40,584.61,582.03,
500.00,782.36,785.87,782.36,777.13,774.57,770.36,767.81,764.96,759.89,760.50,753.25,753.49,749.49,747.47,748.59,741.62,737.41,736.87,731.51,727.84,724.79,721.33,716.33,714.60,711.34,708.38,705.03,697.61,693.53,690.76,689.16,683.34,679.01,676.33,670.89,669.69,666.14,661.47,660.29,656.10,651.82,648.10,642.75,641.05,637.88,631.96,629.01,624.27,620.45,615.40,609.46,608.14,604.31,598.72,596.59,592.34,586.38,583.35,579.75,576.98,
501.00,776.14,778.66,776.58,775.17,771.07,766.83,764.74,760.87,755.58,757.37,748.87,749.62,746.64,742.17,741.05,736.06,733.75,733.01,726.60,723.62,718.04,714.53,712.97,709.17,706.86,705.52,700.30,695.70,689.74,688.09,683.77,679.23,676.33,671.86,668.36,665.12,661.04,657.40,655.92,651.12,649.21,643.79,639.32,637.92,634.46,629.13,625.11,620.55,617.27,611.08,606.10,605.18,600.77,595.32,592.36,588.58,584.26,579.02,575.92,573.50,
502.00,773.44,774.10,774.32,772.60,769.15,766.07,761.76,759.63,754.66,754.40,750.02,746.07,743.81,740.75,739.82,734.79,731.21,731.87,728.91,720.09,717.59,714.62,709.75,708.54,704.39,703.22,699.02,695.07,688.63,685.46,683.96,676.47,673.75,671.15,667.50,663.09,659.34,655.45,653.78,649.86,647.05,641.89,637.29,635.68,631.72,627.28,624.06,618.61,616.90,608.49,604.26,603.33,599.03,594.11,589.72,587.82,581.98,576.99,574.03,571.37,
503.00,775.98,777.77,775.30,773.14,770.48,767.77,764.52,757.11,758.28,754.40,750.71,746.19,745.60,741.19,741.45,735.57,733.98,731.11,730.04,722.02,720.90,716.84,709.06,708.77,705.37,705.16,700.41,695.51,686.98,686.51,687.58,678.99,675.59,674.00,666.80,665.01,661.48,657.09,655.28,650.96,648.01,643.31,638.96,636.89,632.26,628.29,625.76,618.81,617.54,609.49,605.16,604.76,600.62,595.80,591.10,589.27,582.75,578.30,574.69,571.54,
504.00,778.93,781.38,777.45,778.09,776.35,772.91,768.19,761.34,765.42,758.59,751.16,753.01,749.10,743.29,743.14,737.56,737.12,734.52,734.17,725.84,724.08,718.98,714.27,713.52,708.51,708.16,702.41,698.01,690.32,690.89,689.24,683.28,679.46,678.14,670.18,669.13,665.38,660.98,656.19,655.46,651.53,646.47,642.63,640.81,636.15,632.28,629.15,622.73,620.77,612.35,607.77,608.89,602.92,599.53,595.25,591.46,587.94,581.86,578.53,574.96,
505.00,784.15,782.25,780.93,782.29,779.82,776.82,770.49,765.59,769.16,759.17,757.46,756.71,752.47,748.87,747.05,741.41,738.32,737.84,737.73,727.48,727.07,721.67,716.99,717.52,713.59,709.86,703.82,700.93,695.45,693.67,691.21,684.42,681.33,683.84,674.24,672.04,668.36,664.20,658.77,657.89,654.44,649.22,645.23,642.73,637.68,633.67,632.16,626.09,624.12,615.47,611.64,611.97,605.14,602.12,597.50,594.03,590.55,584.03,581.43,577.37,
506.00,787.90,786.37,785.16,783.67,781.01,777.01,775.55,765.41,771.16,760.56,759.21,757.99,752.61,751.55,751.10,743.23,739.96,739.13,739.74,728.38,729.97,724.37,716.42,721.27,714.83,714.61,706.58,703.25,697.49,694.31,694.69,686.89,683.71,684.85,675.31,674.68,670.90,666.03,660.82,659.90,655.37,651.73,646.85,644.55,639.79,635.50,634.53,627.38,624.89,618.39,613.99,612.91,607.69,602.82,599.82,596.40,590.82,586.68,583.34,578.19,
507.00,789.98,789.52,788.30,785.26,784.54,776.10,777.33,769.64,773.31,763.65,759.22,760.36,753.78,752.89,751.50,745.63,743.65,741.41,739.14,729.60,730.74,725.13,719.43,721.88,714.24,715.80,709.22,704.75,699.64,698.41,694.74,688.71,683.52,684.11,675.92,676.57,672.19,667.91,662.34,661.93,657.04,653.64,648.58,645.68,641.39,637.52,635.11,629.13,626.13,620.22,615.26,614.94,609.61,603.88,602.11,597.72,593.25,588.19,584.37,581.16,
508.00,792.87,789.99,787.16,787.15,785.03,779.64,775.83,775.12,772.89,763.03,760.36,763.36,756.28,757.48,752.14,745.12,742.78,744.30,740.44,732.11,730.36,725.47,721.60,721.33,717.02,715.77,709.62,704.45,700.69,700.47,694.21,687.73,683.65,685.23,676.62,677.05,673.06,668.66,663.37,663.18,657.25,653.94,648.54,646.14,642.68,637.52,635.21,631.46,627.15,622.25,615.46,615.61,610.32,604.85,602.35,598.08,593.70,589.71,585.23,582.33,
509.00,793.88,787.25,787.10,787.87,781.18,777.98,776.77,773.29,767.85,763.54,759.87,761.31,756.91,758.39,751.99,745.63,740.81,744.30,738.61,730.82,726.48,724.29,722.08,721.46,717.93,716.30,708.95,706.12,701.73,698.72,692.99,687.64,684.77,683.73,678.17,675.35,673.34,668.05,663.77,661.77,656.85,653.64,648.79,646.44,642.29,637.17,635.41,631.08,626.97,622.72,616.47,614.59,611.07,604.46,601.67,598.46,592.42,588.94,583.84,580.91,
510.00,794.44,786.39,785.96,784.88,782.22,776.52,779.09,773.35,767.24,765.71,759.93,760.36,756.89,754.58,749.58,747.25,741.19,742.71,737.72,730.84,725.79,723.17,723.10,720.76,716.64,713.86,712.76,705.84,701.23,698.95,693.98,688.62,684.03,681.32,678.24,674.04,672.98,667.33,664.25,661.94,655.51,652.75,649.36,646.28,642.15,637.86,634.94,630.98,627.12,622.06,616.25,614.86,610.86,603.52,601.21,598.91,591.74,588.03,582.96,579.30,
511.00,791.76,786.39,783.01,783.00,780.70,776.05,773.38,771.45,764.62,764.60,758.28,760.37,755.58,753.83,747.30,745.14,739.84,741.99,737.44,729.73,725.51,722.99,720.35,715.20,716.48,709.57,711.59,701.88,698.80,696.20,692.04,687.57,681.87,681.17,674.63,672.06,672.04,666.97,662.88,660.33,654.99,650.78,647.95,644.25,640.28,636.04,632.68,630.83,626.01,620.69,614.23,614.60,608.42,603.43,600.27,596.66,591.40,587.18,582.22,578.32,
512.00,788.81,783.52,778.81,781.49,775.30,773.25,769.16,765.94,760.77,761.69,754.50,757.43,754.71,752.14,743.13,741.24,734.41,738.52,732.36,726.69,720.13,717.79,719.37,712.16,715.88,706.89,708.66,698.55,696.89,692.72,687.48,684.23,681.44,679.85,672.96,668.03,669.76,663.41,658.90,657.15,653.25,647.62,645.06,641.62,638.48,633.31,630.19,627.40,622.83,617.88,612.10,611.04,605.13,601.74,597.24,593.59,588.77,584.50,580.90,574.71,
513.00,780.51,774.53,772.41,773.35,769.69,764.84,763.86,758.07,754.39,754.60,748.79,747.23,745.27,743.92,733.87,737.40,728.47,732.32,726.71,718.35,715.10,710.66,711.82,706.77,709.46,699.42,702.33,692.44,692.65,684.12,682.19,678.70,675.38,671.52,669.41,661.59,663.12,657.33,653.46,651.53,647.72,640.90,639.13,636.73,632.23,627.83,625.96,620.93,617.53,611.10,607.85,604.83,600.18,595.46,591.11,588.49,583.60,578.58,576.11,569.44,
514.00,769.91,766.67,763.69,759.41,759.68,754.89,751.26,748.29,744.92,742.59,738.96,735.99,732.49,732.63,724.08,727.83,719.68,721.23,717.61,707.25,706.35,701.95,698.83,694.18,696.89,690.30,692.37,683.18,678.52,673.47,674.25,667.12,664.28,660.79,657.67,653.31,652.11,647.97,643.15,641.71,637.30,630.42,629.54,626.43,622.96,618.25,616.18,611.05,607.43,602.62,598.73,595.11,590.70,585.68,582.58,579.52,573.88,570.10,568.24,560.83,
515.00,754.55,753.69,749.61,745.20,743.84,742.02,736.63,734.24,730.66,728.20,721.87,721.91,719.05,719.05,711.20,711.41,704.21,705.36,702.20,696.60,693.24,688.90,688.56,678.84,684.03,678.25,675.47,669.96,667.55,663.59,659.58,652.06,652.69,649.45,645.50,641.56,639.73,637.13,629.35,630.82,626.46,618.78,617.46,615.28,612.01,606.66,604.62,598.55,595.23,591.33,587.13,583.37,579.73,575.35,572.31,567.46,564.01,559.88,558.07,551.01,
516.00,743.69,740.57,737.86,733.94,735.07,732.36,726.11,726.88,720.26,714.44,712.44,708.57,708.56,709.33,699.19,700.36,692.17,697.21,692.93,686.30,682.42,678.50,677.72,671.46,675.74,668.74,663.28,659.76,659.37,652.36,650.39,641.41,643.75,640.23,638.29,632.74,630.09,625.57,619.63,622.43,617.28,609.93,608.38,606.98,602.61,599.01,597.28,589.18,586.99,581.69,579.95,574.66,570.13,566.85,563.72,558.56,555.29,551.39,549.98,544.04,
517.00,734.86,733.76,731.24,724.79,726.25,725.02,719.88,719.15,713.85,706.86,706.51,699.98,698.47,699.82,695.24,697.07,686.46,687.51,686.56,677.40,677.18,673.60,669.01,668.17,666.93,663.08,655.82,654.08,649.77,642.46,644.86,635.86,637.88,633.35,630.54,627.40,623.15,618.95,614.97,616.15,609.71,603.28,602.58,600.95,594.75,592.50,591.13,583.33,579.41,577.18,573.55,568.43,565.64,559.67,558.78,552.67,548.31,545.56,543.77,537.27,
518.00,731.50,733.61,729.96,721.82,724.54,722.36,717.03,717.03,711.08,707.74,703.48,698.81,696.82,697.81,694.38,691.99,685.27,682.88,682.25,676.04,675.49,672.21,668.28,663.55,662.34,658.87,652.30,651.33,647.20,641.98,642.56,633.12,636.10,632.27,626.99,625.68,620.50,617.68,613.25,613.46,608.20,601.98,601.07,598.55,593.73,591.37,587.76,581.10,577.43,575.14,571.04,567.38,563.90,558.36,557.55,550.70,546.61,543.23,542.18,536.37,
519.00,736.14,734.35,731.91,727.83,731.76,727.28,718.47,721.01,716.09,711.81,705.97,704.32,702.69,702.85,697.63,694.41,688.77,687.15,684.82,680.12,678.76,675.38,672.84,668.70,665.89,662.06,657.29,651.24,653.02,646.15,643.01,637.43,639.79,638.19,630.35,628.77,624.25,621.54,617.45,617.05,612.75,606.33,603.52,601.67,596.78,594.64,590.61,584.89,581.42,578.00,574.75,571.21,566.56,562.47,560.31,553.43,550.69,547.08,545.85,540.00,
520.00,746.23,743.62,739.97,739.13,740.76,736.13,727.65,727.35,724.59,719.56,717.30,712.76,710.64,712.36,706.70,705.22,698.32,696.88,694.27,686.34,685.01,683.37,679.53,679.73,673.82,673.03,666.52,661.80,659.42,651.68,650.55,646.81,646.31,644.58,637.54,636.70,632.86,628.53,626.84,624.65,620.17,614.55,611.26,607.99,603.75,601.48,598.05,591.98,588.68,584.38,581.74,578.19,574.51,568.57,566.95,560.61,556.84,553.09,553.17,546.65,
521.00,755.37,753.25,749.13,748.25,748.36,742.50,739.48,734.51,734.68,731.95,724.72,721.47,718.96,719.83,716.42,714.76,709.45,704.11,700.30,695.48,693.65,690.57,688.91,685.85,679.39,680.15,674.06,671.69,665.70,662.50,659.61,655.74,653.60,651.79,645.14,643.87,640.77,635.99,635.13,631.33,627.87,622.82,620.13,615.73,611.88,608.54,604.12,599.64,595.57,591.47,588.71,585.45,582.92,574.30,572.83,569.08,563.72,558.98,558.03,552.50,
522.00,764.89,760.61,757.79,758.59,758.23,751.08,744.44,743.09,743.59,741.97,731.25,730.50,727.37,728.83,724.91,718.55,718.23,713.42,707.12,705.56,701.49,699.93,696.78,690.90,686.89,687.63,685.60,677.41,675.26,672.13,666.75,663.20,659.24,659.08,652.86,650.63,647.64,644.90,642.49,638.69,634.49,630.78,626.70,623.34,619.21,616.19,610.39,607.33,604.41,597.66,594.84,593.51,588.57,582.60,579.16,575.98,571.51,566.45,565.19,559.70,
523.00,769.56,764.04,759.36,763.60,759.98,752.88,748.50,742.95,743.74,741.49,736.50,733.15,732.14,733.33,728.21,724.72,717.74,716.42,711.61,708.08,704.86,702.87,700.18,694.58,692.63,691.57,688.84,682.48,677.71,674.28,668.58,667.26,663.37,661.88,656.97,653.60,650.28,647.64,643.89,641.62,636.97,633.51,630.44,625.83,620.70,617.96,613.27,609.91,606.34,600.96,597.34,596.62,590.51,584.49,582.86,579.49,574.96,568.53,567.42,561.70,
524.00,767.12,763.93,758.29,761.44,757.93,748.92,751.52,740.88,743.35,742.98,736.76,731.23,729.97,728.38,725.33,722.26,717.69,714.66,711.98,708.04,703.80,700.98,698.12,691.43,691.37,689.62,686.58,683.36,678.62,672.25,670.34,666.65,663.62,659.06,659.38,651.54,650.05,645.20,642.49,640.29,635.40,632.10,630.64,624.41,620.12,617.38,612.41,608.50,605.23,599.38,596.20,595.88,589.79,583.19,582.45,579.68,574.13,566.70,565.33,561.09,
525.00,765.01,764.38,758.17,758.91,756.23,747.86,748.82,741.02,743.02,741.87,735.27,732.02,728.14,725.47,724.15,719.99,717.77,713.27,711.23,706.66,704.45,702.16,696.41,689.46,689.80,686.21,686.38,681.82,676.75,670.54,669.63,664.96,660.17,658.01,656.92,650.34,647.35,644.18,641.61,638.67,633.36,630.08,628.91,623.26,619.05,615.83,610.54,607.54,603.89,599.24,594.59,594.75,587.75,583.70,581.10,579.09,572.94,566.51,563.30,559.90,
526.00,763.91,765.49,758.69,758.53,754.85,749.98,747.35,742.00,741.02,738.07,737.51,732.86,729.33,725.42,723.17,718.22,715.75,713.73,713.19,706.46,706.08,700.86,697.81,689.74,693.10,686.46,685.19,680.95,677.17,671.10,666.72,664.39,662.23,658.87,655.20,650.98,647.21,645.54,640.40,638.47,633.39,629.81,627.82,623.47,619.92,615.66,611.53,606.90,603.92,600.11,593.97,594.81,587.66,584.95,581.36,578.77,573.61,566.64,564.37,559.93,
527.00,762.83,763.23,758.92,757.41,757.12,749.60,750.50,742.39,742.79,737.68,739.58,732.46,729.16,722.75,721.84,720.04,715.03,714.63,715.63,707.22,705.41,700.70,697.59,691.58,692.99,686.27,682.46,681.16,679.36,672.04,668.44,664.63,663.63,657.51,656.42,650.26,647.58,644.41,640.36,638.32,634.03,628.98,627.66,622.97,620.04,616.07,612.75,605.13,603.32,599.64,595.07,594.23,588.10,584.25,580.40,578.12,573.35,566.29,563.49,560.16,
528.00,765.29,766.79,764.71,757.66,760.03,753.87,752.80,748.24,749.05,741.59,744.63,735.46,732.14,724.21,724.61,722.88,720.89,717.12,717.88,710.44,709.01,704.59,700.17,697.22,695.91,690.46,686.44,683.56,679.86,674.97,672.02,667.53,665.55,660.30,658.06,653.58,650.35,647.33,644.55,641.44,636.88,631.30,629.37,626.29,622.73,618.62,615.17,608.87,606.42,601.95,597.67,595.87,590.94,587.23,581.51,580.80,574.89,569.51,566.22,561.12,
529.00,771.45,774.26,767.48,762.22,765.07,759.34,755.72,754.42,752.18,746.18,749.19,740.45,737.81,732.06,730.39,727.88,724.60,721.31,721.59,715.98,714.57,709.39,706.11,700.10,701.49,695.80,690.50,689.12,684.52,682.48,675.55,671.93,671.18,667.30,660.28,658.69,654.74,653.29,649.12,644.87,642.25,635.54,632.79,631.03,628.59,621.71,619.58,614.18,610.89,606.17,601.64,600.07,595.35,591.47,584.98,582.70,578.08,573.03,569.47,565.47,
530.00,774.49,773.21,771.39,766.65,770.25,763.23,759.39,757.97,755.67,751.76,750.50,744.10,742.25,735.80,732.19,730.06,725.65,727.45,725.13,720.89,716.59,710.71,708.60,704.48,705.66,699.66,694.71,689.68,690.16,685.44,679.80,674.44,675.24,671.73,663.74,661.49,658.81,656.04,651.01,647.54,644.92,638.74,636.13,634.56,631.35,625.54,622.50,617.07,614.97,608.57,605.33,602.76,597.39,592.93,588.53,584.61,581.23,575.47,572.08,568.93,
531.00,776.73,772.45,772.85,766.15,772.29,762.12,759.94,759.53,756.71,753.64,753.96,742.74,741.45,737.33,734.42,734.75,725.95,725.95,726.68,720.94,716.26,714.25,707.95,706.57,705.04,700.76,698.74,690.74,690.75,684.14,680.97,675.49,674.44,672.02,664.59,662.20,659.65,655.90,653.00,648.87,645.83,639.18,637.56,634.66,630.13,624.49,622.93,618.25,616.12,608.56,606.27,602.98,597.90,592.52,589.70,585.73,581.50,575.78,573.17,568.36,
532.00,776.87,776.29,774.18,764.39,769.63,762.32,759.72,761.56,754.55,753.25,751.63,744.18,741.03,738.96,734.20,734.43,727.51,726.52,724.46,721.27,717.23,713.59,708.12,704.92,703.16,698.99,698.41,692.35,689.38,682.38,681.38,676.63,674.02,672.36,663.87,663.27,660.20,655.82,652.56,649.11,645.68,639.79,638.53,634.90,629.91,624.46,622.38,619.43,615.86,608.74,606.23,602.26,598.70,592.38,589.81,585.91,580.99,575.42,572.27,569.15,
533.00,775.87,774.42,772.64,767.04,770.79,763.22,759.28,759.46,754.32,754.09,747.31,745.41,739.21,737.43,732.81,732.13,726.22,727.09,722.29,723.27,716.06,712.46,707.78,703.56,700.95,697.56,697.09,689.63,690.92,683.69,679.06,675.46,671.60,672.65,661.59,662.43,658.82,654.82,651.71,648.86,644.63,639.31,637.32,633.25,629.53,624.38,621.69,619.01,615.73,608.26,605.53,602.00,597.62,592.45,589.79,583.72,579.82,575.06,571.34,569.95,
534.00,776.17,772.26,774.62,766.58,769.21,762.27,758.79,759.60,752.35,750.37,748.61,742.67,737.95,738.78,735.35,733.87,724.12,727.89,721.64,721.43,716.73,713.20,708.58,704.74,702.09,697.75,697.39,688.67,690.03,681.97,678.53,675.75,668.38,672.91,659.68,662.44,657.87,654.10,650.98,649.95,644.36,638.81,636.25,633.44,627.81,625.43,621.88,617.20,615.58,608.33,605.08,601.82,597.16,592.46,590.23,585.07,580.60,574.36,572.52,568.92,
535.00,776.39,777.23,776.40,765.42,771.05,761.77,760.23,759.84,753.68,752.11,748.70,742.66,738.97,740.19,736.59,736.22,726.47,728.87,721.55,720.33,717.26,713.48,709.42,704.97,702.39,696.85,694.43,691.20,688.80,683.09,679.35,677.74,671.62,671.62,661.54,662.54,657.95,653.95,651.72,650.08,644.88,639.47,636.69,633.64,628.43,625.21,623.06,617.75,614.48,608.45,606.21,601.81,598.87,592.70,590.59,586.02,581.29,575.15,573.04,569.30,
536.00,775.55,777.73,775.47,766.60,770.10,764.09,760.74,760.51,754.98,754.65,744.17,743.59,739.94,738.56,734.32,733.60,727.74,730.91,721.49,720.43,719.29,714.41,708.55,705.30,699.85,697.27,694.41,691.08,688.64,682.79,679.61,677.66,669.86,670.27,662.46,661.93,656.43,654.77,651.32,650.06,645.47,639.00,634.80,632.66,627.94,627.10,622.16,618.39,614.55,608.08,605.96,602.35,597.60,592.58,590.26,585.31,579.59,575.43,572.70,570.35,
537.00,774.55,773.03,772.15,764.56,766.56,761.88,755.37,756.40,751.96,749.71,743.60,739.33,737.75,737.38,732.54,731.27,723.94,726.54,719.31,716.68,718.56,711.42,705.62,703.32,700.06,698.18,692.18,688.72,685.51,680.88,675.18,674.26,668.62,670.40,658.74,659.74,653.96,652.86,648.30,647.38,643.92,636.46,631.80,630.17,625.96,624.75,620.93,617.08,612.82,606.89,603.72,599.44,593.96,591.78,588.50,583.51,578.36,574.03,572.50,567.51,
538.00,770.62,768.44,767.98,759.36,759.63,755.50,753.34,751.88,746.60,744.32,740.89,732.24,732.94,732.29,729.27,726.97,720.89,721.71,716.00,710.05,711.65,705.56,702.49,699.63,696.99,694.90,687.44,687.61,682.71,675.97,673.57,671.50,667.28,663.92,658.25,655.35,651.12,648.23,643.98,642.96,640.25,632.34,628.93,626.89,621.88,621.76,617.26,612.25,608.16,602.63,601.66,596.37,591.08,587.75,585.67,581.56,576.22,571.56,569.10,563.72,
539.00,765.43,764.39,761.19,754.30,754.46,752.17,751.70,748.02,744.25,742.71,735.76,730.95,728.60,726.11,724.29,723.19,718.63,716.28,712.66,705.43,707.76,703.77,696.79,696.13,690.85,690.95,685.26,682.81,676.05,672.59,670.01,668.66,664.29,658.29,655.43,652.08,647.51,644.19,640.68,639.65,635.84,629.15,625.49,622.82,617.71,617.23,612.92,609.92,604.17,599.35,597.53,592.85,587.57,583.38,582.19,578.21,571.02,569.74,565.53,559.97,
540.00,763.40,759.95,755.92,751.30,750.43,750.42,747.73,743.99,741.07,737.10,733.81,730.31,727.44,724.64,720.31,717.63,715.87,712.25,709.56,702.48,707.80,701.20,694.18,691.61,688.45,690.14,684.59,679.91,672.66,670.50,667.46,665.65,663.83,657.11,652.43,649.62,645.75,642.57,638.06,636.57,633.97,626.41,623.00,621.29,615.47,615.07,610.58,608.24,602.77,598.54,593.98,590.70,584.53,582.35,579.41,575.06,569.28,567.95,562.99,557.14,
541.00,761.90,759.08,753.70,753.72,748.82,747.95,747.99,738.52,736.10,733.61,734.44,730.72,725.42,723.35,718.86,716.36,714.31,710.25,706.54,702.85,703.64,698.73,695.86,691.34,688.50,688.84,683.97,677.40,672.89,671.63,666.34,662.23,665.08,656.88,654.44,647.93,645.15,640.88,636.46,635.46,631.21,625.45,623.16,619.88,615.61,614.80,609.71,605.43,601.82,597.72,593.12,588.86,585.42,581.62,577.38,572.96,569.65,566.20,561.62,556.21,
542.00,760.62,760.77,753.85,753.78,750.98,748.17,749.18,737.75,737.56,736.11,734.95,730.80,725.38,723.59,719.81,718.36,714.47,711.78,707.34,703.71,703.23,700.42,695.61,692.20,687.76,687.20,685.96,678.53,672.85,671.02,667.47,663.21,663.77,653.31,655.55,647.96,645.12,640.67,638.31,635.68,631.08,625.19,623.50,619.58,615.71,615.26,608.81,605.62,602.38,597.67,593.25,589.62,586.07,580.96,577.53,574.30,569.53,565.11,561.46,556.39,
543.00,762.19,764.66,757.09,755.04,754.76,750.23,749.01,738.71,739.37,737.32,736.38,736.10,730.32,727.99,722.89,720.31,716.05,713.28,708.22,705.76,706.72,703.56,696.72,693.25,688.47,689.42,687.89,681.05,671.85,671.72,667.44,664.57,663.87,656.90,654.01,649.88,646.87,643.14,639.40,636.59,632.54,627.26,625.45,621.16,617.45,615.72,610.02,607.49,603.92,599.25,593.66,589.75,587.33,582.52,578.49,574.32,570.59,565.31,561.64,558.02,
544.00,764.64,767.52,759.70,758.87,757.84,751.64,750.82,739.48,739.05,738.24,737.81,736.15,732.23,729.97,723.36,719.45,716.14,715.54,709.33,708.50,706.64,703.34,700.67,695.52,690.33,690.14,688.07,680.85,676.13,674.86,667.45,663.50,664.14,659.39,657.55,651.51,647.54,644.90,639.95,637.39,634.67,628.55,627.56,623.19,620.30,617.58,612.29,608.42,605.78,600.41,595.71,591.08,588.44,584.73,579.18,574.97,572.75,566.73,562.76,560.37,
545.00,765.53,768.57,761.12,760.15,759.19,752.29,753.67,743.61,740.02,739.89,739.61,733.40,730.49,729.81,725.41,723.62,715.33,716.99,712.58,709.39,704.16,702.93,701.12,698.79,692.57,689.55,688.03,681.13,678.65,674.51,668.31,663.34,662.09,660.45,658.93,652.59,648.11,645.14,641.94,639.46,635.37,629.42,627.98,624.06,620.42,618.22,613.42,608.73,606.52,599.79,597.75,592.24,588.48,585.12,579.44,575.96,573.59,567.19,563.16,561.34,
546.00,764.21,769.94,762.00,758.40,759.78,752.87,754.74,745.75,741.95,738.70,738.70,734.42,730.00,729.86,729.65,724.54,715.90,717.69,713.55,707.60,705.39,701.80,699.17,699.10,691.29,689.98,685.62,682.65,677.05,673.25,671.39,665.79,661.64,659.64,657.84,652.01,649.49,646.01,643.96,639.51,636.44,629.75,629.25,625.27,620.66,618.00,613.44,609.96,605.34,599.84,597.96,592.18,588.81,584.72,580.18,577.69,574.10,567.88,563.37,561.05,
547.00,765.13,770.12,759.73,759.72,761.80,753.91,755.57,747.25,743.50,738.94,737.69,736.02,731.03,728.12,728.54,721.48,717.31,718.14,713.15,706.08,704.84,701.10,701.09,699.85,689.87,689.45,684.87,679.90,677.39,676.56,668.66,664.50,659.51,661.59,658.27,651.69,649.36,646.37,643.88,640.05,636.89,630.07,629.24,626.24,622.09,618.26,614.27,609.45,605.45,599.47,597.97,593.14,588.65,584.99,580.67,576.51,573.35,569.02,562.37,562.54,
548.00,764.09,766.26,755.54,759.99,760.56,754.86,752.58,750.98,744.02,738.32,737.07,733.39,730.21,728.26,724.91,720.67,716.10,716.51,713.80,705.82,702.77,701.23,699.92,698.10,690.68,688.58,685.73,678.45,679.21,676.03,667.96,663.38,659.84,664.29,659.91,651.50,648.90,645.65,644.22,639.53,637.31,631.06,628.39,626.39,621.00,616.89,613.61,609.64,605.22,599.55,597.61,592.77,588.44,585.55,579.99,576.76,572.71,569.94,564.29,562.02,
549.00,764.20,766.01,757.50,758.65,756.13,754.75,752.66,749.18,743.86,738.43,737.47,735.50,730.21,726.86,728.40,722.29,717.66,714.89,715.86,705.96,701.51,699.99,698.87,698.18,690.36,689.40,684.80,682.29,678.25,674.34,669.89,664.17,661.24,661.53,660.84,650.22,650.38,644.03,645.09,638.90,636.79,631.31,628.92,625.41,620.68,615.99,612.94,609.70,605.07,600.17,598.00,592.14,589.41,584.73,580.44,577.42,573.52,569.46,564.45,561.82,
550.00,766.27,765.44,758.70,757.66,754.72,754.73,750.56,747.63,744.45,739.44,736.11,737.96,730.81,725.62,727.09,718.72,720.78,714.28,715.14,705.47,703.60,701.28,698.37,697.33,688.70,687.69,685.99,682.03,678.05,674.28,669.03,665.66,661.69,660.01,660.64,649.56,649.07,643.70,644.97,638.27,635.49,631.37,628.79,625.42,621.23,616.20,612.01,608.91,605.89,600.35,596.84,592.31,589.30,584.35,580.15,578.22,572.94,569.75,564.39,560.95,
551.00,767.30,762.42,758.95,758.51,755.00,757.63,747.97,747.99,745.48,740.02,736.46,737.77,732.99,728.35,725.70,719.69,720.27,713.69,715.89,706.64,703.85,704.01,697.29,695.73,691.64,688.30,687.75,681.30,678.65,674.72,666.21,665.06,663.34,661.28,656.11,650.98,648.19,643.14,643.67,637.89,635.24,631.60,627.91,625.22,620.79,615.43,612.54,609.26,607.12,600.51,595.19,592.89,588.08,585.05,580.56,577.49,572.45,569.36,565.26,560.96,
552.00,768.27,763.90,761.72,757.04,750.80,756.05,749.61,745.93,742.79,739.68,737.00,737.08,732.10,729.49,726.43,721.67,719.37,713.47,716.84,707.57,702.78,703.24,698.72,696.46,692.47,691.24,687.72,684.61,679.86,674.61,666.72,665.26,666.72,661.62,655.26,651.33,648.20,643.31,643.50,637.23,634.51,632.60,628.83,625.21,620.26,615.05,613.27,608.27,607.18,600.90,596.34,593.07,588.66,584.70,581.39,578.17,574.18,569.18,565.46,560.22,
553.00,767.22,765.53,764.22,753.69,752.82,754.51,751.97,745.18,742.26,743.06,735.91,736.34,730.87,727.46,726.19,722.76,719.42,714.36,716.06,706.33,705.85,700.80,698.24,696.98,691.54,690.64,686.85,684.30,680.08,673.31,670.74,666.11,665.74,658.95,654.72,651.14,647.46,643.37,644.36,637.78,634.41,630.87,629.00,624.60,620.69,615.29,612.76,607.50,607.32,600.90,596.51,593.11,588.06,583.30,581.11,577.92,574.52,568.26,564.22,559.47,
554.00,765.54,762.14,762.32,753.12,753.17,755.54,745.06,745.66,742.51,741.47,733.37,736.46,730.52,728.33,721.25,720.95,718.69,714.94,713.43,704.47,706.53,701.61,693.50,693.07,690.89,690.28,686.77,681.93,675.86,671.07,670.10,664.83,661.38,659.44,648.72,650.51,645.59,643.68,642.32,636.11,632.94,630.08,626.85,623.46,619.49,614.71,612.24,606.91,606.64,599.27,593.65,592.19,586.72,581.89,580.46,576.66,573.34,566.74,562.94,558.02,
555.00,761.50,759.37,758.68,752.11,748.60,752.00,744.42,739.47,735.99,735.67,731.71,730.30,727.35,725.33,720.09,720.19,712.40,711.12,709.42,704.64,703.07,697.56,694.23,689.39,689.90,688.28,682.67,678.75,673.91,669.68,665.72,661.92,657.77,657.11,647.21,648.06,645.04,641.59,638.12,633.92,632.28,628.43,624.28,621.11,617.36,612.13,611.29,604.94,603.69,597.24,591.75,589.56,584.77,579.25,578.95,573.79,571.97,564.08,561.23,556.92,
556.00,755.32,756.15,753.57,747.38,745.70,743.99,743.54,736.67,730.71,732.60,727.31,723.04,720.95,718.18,715.17,715.74,709.79,707.67,705.98,699.42,698.48,692.03,690.14,686.50,684.43,682.88,677.11,676.07,669.67,665.15,662.43,658.14,652.01,651.10,648.27,643.34,641.99,637.72,633.76,630.52,628.52,624.32,619.97,617.65,613.48,608.74,606.92,600.38,599.03,593.72,589.03,585.54,581.77,576.37,576.10,570.66,568.45,560.85,558.71,554.29,
557.00,751.04,749.24,747.61,743.91,742.32,739.08,735.84,732.89,726.23,727.48,723.04,718.76,717.23,712.76,710.07,710.93,704.93,702.18,700.22,694.50,693.76,689.33,684.07,680.86,679.23,678.22,671.92,670.70,660.42,659.53,659.93,653.81,645.25,645.52,642.16,639.19,638.64,633.54,629.25,626.18,623.46,620.08,614.75,612.49,608.44,604.88,601.14,597.11,593.80,589.52,583.06,580.35,578.18,571.94,571.25,566.97,563.53,556.41,555.05,549.49,
558.00,747.07,745.61,743.64,740.19,735.98,734.51,731.16,726.75,720.42,719.11,721.36,713.44,712.00,708.63,705.72,705.10,699.26,698.59,695.75,693.00,689.37,687.15,681.47,675.19,674.08,674.34,666.85,663.65,656.20,659.91,653.86,649.31,641.67,643.04,637.89,634.06,636.03,630.70,623.74,622.03,620.04,617.87,610.41,608.20,605.18,601.61,598.86,593.97,590.29,586.33,579.39,577.16,574.40,568.69,567.70,563.30,558.79,553.70,550.99,547.28,
559.00,743.25,743.20,741.08,738.50,734.99,730.74,731.13,723.40,716.86,717.31,719.45,707.47,707.83,705.69,703.07,701.36,693.61,695.33,694.82,691.40,685.00,682.79,680.22,673.71,671.54,670.76,664.25,659.07,656.91,657.38,650.43,646.56,640.92,642.63,640.02,631.01,633.09,628.42,621.68,620.30,617.35,614.62,607.36,606.15,601.85,600.10,596.66,590.79,587.34,584.21,578.18,575.07,571.11,567.65,564.40,560.89,555.74,551.60,549.49,545.03,
560.00,741.73,742.40,738.70,734.94,735.24,729.49,726.91,723.74,716.93,717.86,719.47,708.01,705.06,705.30,702.21,701.22,693.11,692.68,692.93,687.23,681.66,683.71,676.34,673.07,667.19,670.79,664.16,661.07,653.71,653.77,650.30,644.18,641.52,640.46,635.91,629.07,631.18,626.90,620.78,618.41,615.17,612.47,606.93,603.61,598.46,598.27,593.22,589.55,585.59,582.30,576.32,571.89,570.40,566.60,562.58,560.06,554.22,549.55,547.89,541.33,
561.00,743.75,744.48,739.79,733.14,734.88,729.97,723.83,722.39,715.49,716.40,717.87,710.97,703.14,704.88,699.27,697.95,692.31,691.54,690.88,688.15,684.39,682.35,678.44,672.48,665.36,667.83,664.36,661.26,655.49,654.09,649.71,644.09,641.27,641.88,633.79,630.04,630.10,626.44,621.13,619.04,615.05,612.59,606.85,603.31,599.81,598.01,593.55,590.39,586.82,582.39,576.19,572.15,570.28,565.76,561.10,559.54,553.92,549.03,546.39,541.26,
562.00,741.99,742.19,741.60,735.23,737.16,733.00,723.88,723.62,717.07,716.25,716.86,712.32,703.51,706.41,698.73,696.57,690.92,692.03,689.79,689.59,683.91,681.49,678.46,673.17,667.64,668.24,664.75,657.71,659.25,652.55,647.48,643.30,641.09,643.47,634.56,630.19,629.12,625.91,621.10,619.53,615.85,611.22,606.31,603.73,599.97,598.15,593.92,590.78,587.91,581.90,576.48,573.68,568.95,566.95,561.97,558.56,553.86,549.83,546.14,541.03,
563.00,740.99,742.10,739.55,733.38,737.16,730.87,721.46,722.54,717.72,715.52,715.96,710.38,701.82,705.44,699.86,695.08,690.34,689.31,687.24,687.31,679.30,681.42,676.51,674.28,669.18,666.91,663.13,659.34,657.67,648.62,646.95,642.33,640.97,640.34,634.24,629.59,627.34,624.17,620.57,618.77,614.85,608.97,605.25,603.44,598.06,596.36,592.53,589.84,587.07,580.01,574.86,573.03,568.42,566.11,561.04,556.39,553.79,547.54,545.53,539.08,
564.00,742.37,743.43,738.32,728.90,734.71,726.79,719.66,721.33,717.98,715.26,712.70,710.77,700.55,702.84,698.17,695.27,693.16,686.99,683.20,686.11,680.48,680.83,675.29,675.64,669.21,661.81,661.73,660.58,657.41,648.70,646.67,641.65,640.42,636.01,632.23,628.55,627.39,622.39,619.96,619.04,614.18,608.02,604.67,601.89,599.36,594.46,590.80,588.58,585.69,578.26,573.44,572.06,568.68,563.51,559.98,555.33,551.95,546.46,544.45,537.55,
565.00,738.81,741.46,736.96,729.01,734.30,727.64,719.69,720.56,718.85,715.27,706.53,711.35,701.14,701.12,695.45,693.14,693.19,687.85,681.71,684.01,680.34,679.05,673.76,673.34,670.19,660.88,663.05,656.96,657.30,648.50,644.60,639.73,635.80,634.40,631.31,628.80,625.65,621.94,619.10,618.02,611.88,605.84,602.34,601.05,600.01,593.82,590.45,587.27,585.12,576.83,571.72,572.58,567.14,563.37,558.62,553.54,550.13,545.39,542.74,537.56,
566.00,734.60,735.99,733.77,726.74,728.84,722.75,717.02,718.76,715.15,709.33,705.28,705.85,701.41,700.35,694.91,692.78,689.12,686.28,678.80,680.01,676.97,676.29,671.33,670.38,669.88,660.69,660.45,654.78,653.59,645.41,640.47,637.25,634.77,631.75,627.41,624.52,623.42,620.39,615.79,615.19,609.49,603.53,600.77,597.59,595.84,589.91,588.11,584.69,582.04,573.60,569.55,569.39,564.70,560.42,556.96,551.64,548.82,543.24,539.90,535.19,
567.00,733.32,736.03,731.58,723.04,724.77,718.95,718.46,714.63,713.07,707.47,699.69,701.15,699.06,696.13,689.63,690.30,688.08,683.49,677.36,675.84,674.73,670.73,666.32,667.75,666.85,655.91,657.79,653.82,651.73,642.70,639.46,634.70,633.93,626.64,627.71,621.19,621.10,617.10,612.92,611.87,605.92,600.87,599.61,593.79,593.47,586.67,584.96,581.51,578.36,570.46,568.43,566.14,562.12,557.35,552.92,548.98,545.28,540.82,538.02,532.45,
568.00,730.34,730.69,728.13,724.11,721.49,719.41,715.71,712.89,710.48,706.94,695.54,701.10,696.22,692.86,685.08,687.89,686.16,682.32,678.12,671.69,674.49,669.79,663.41,664.57,662.28,653.06,656.90,652.22,647.10,639.96,637.72,632.60,627.69,622.70,623.04,620.35,617.99,614.75,610.73,609.41,602.34,598.69,596.12,590.29,591.48,584.20,582.06,579.27,575.72,568.14,566.20,562.87,559.69,554.90,549.45,548.30,541.96,538.59,535.59,530.35,
569.00,726.87,725.20,724.06,721.90,714.33,718.20,712.29,710.75,704.93,700.85,695.07,697.55,694.99,691.61,683.75,685.01,681.59,679.72,673.53,668.89,673.13,666.49,663.80,657.73,659.16,653.17,652.20,648.37,643.65,638.56,631.59,628.91,625.45,622.88,619.91,618.26,615.05,613.13,608.13,605.60,601.24,596.38,593.40,588.32,587.41,581.69,580.81,577.25,574.22,566.46,564.15,560.03,557.15,552.93,547.62,545.86,539.98,536.58,532.12,528.22,
570.00,725.21,725.75,726.29,719.09,710.74,713.87,715.32,707.13,703.37,697.79,695.00,694.37,692.49,689.70,682.15,682.24,680.35,680.90,673.34,668.58,672.00,665.70,660.57,657.25,657.44,650.23,648.62,646.28,642.50,636.30,631.46,626.69,625.88,622.56,621.56,617.05,613.24,610.91,606.88,604.94,600.12,595.12,592.50,586.92,585.77,581.35,579.09,574.55,572.22,565.46,564.42,559.49,555.43,552.23,546.15,544.61,539.32,535.98,531.59,527.31,
571.00,726.50,724.26,723.89,720.13,713.35,716.07,713.91,705.81,704.80,701.69,696.24,696.19,693.47,690.35,684.01,683.62,682.21,679.57,675.00,668.20,671.88,668.24,658.39,657.47,656.54,652.44,648.01,648.32,640.33,634.88,633.88,628.48,624.46,620.43,623.09,618.04,613.34,610.65,608.47,604.36,599.25,594.75,591.34,587.34,585.90,581.76,577.78,573.48,570.58,566.21,563.89,558.48,555.91,551.59,545.12,544.71,539.13,535.15,532.24,526.12,
572.00,726.68,721.04,719.75,717.94,711.14,714.00,709.28,706.05,701.96,699.63,698.72,697.43,692.76,690.70,686.93,681.90,682.36,677.30,674.20,668.81,674.01,667.92,661.58,655.96,653.88,653.49,647.15,647.04,636.92,635.50,633.62,628.52,622.82,621.85,620.49,618.15,613.54,611.47,607.77,603.73,599.80,594.49,590.01,588.77,586.06,581.03,577.69,574.64,571.06,565.86,562.53,557.76,555.56,549.93,545.28,544.22,538.94,533.20,530.35,526.70,
573.00,727.45,721.19,721.41,719.31,711.79,712.63,710.36,703.13,700.19,699.06,698.82,695.85,694.10,690.50,687.15,682.18,681.14,678.37,674.70,671.73,670.82,665.23,662.47,655.02,653.34,653.77,648.10,642.23,639.50,636.95,634.46,628.66,623.84,623.24,624.29,617.61,613.90,610.32,607.39,603.92,599.90,594.14,590.32,589.92,585.25,582.07,577.78,573.57,570.65,565.63,562.39,558.53,554.89,550.00,546.07,543.01,539.05,534.39,530.84,526.88,
574.00,727.13,723.01,721.97,718.23,717.05,711.84,710.30,703.87,700.70,703.46,699.29,693.86,693.16,690.16,690.19,685.41,680.85,677.03,678.78,668.96,668.34,666.78,662.62,658.73,653.74,655.06,649.66,642.00,637.80,634.15,636.10,630.65,623.52,621.55,622.94,618.05,614.06,611.18,607.44,604.28,598.43,594.22,591.00,589.48,584.55,582.27,577.33,573.78,569.89,564.76,562.19,557.67,555.07,549.80,546.16,542.77,540.12,534.11,531.30,526.71,
575.00,727.30,721.06,717.89,715.86,715.90,708.84,703.51,703.19,697.76,700.51,698.28,693.74,690.87,688.78,689.04,683.84,679.85,673.52,675.18,667.27,666.59,663.12,662.57,655.48,650.18,654.69,646.92,640.97,634.86,632.70,635.51,632.86,622.08,620.09,619.27,615.70,613.32,610.21,605.60,602.38,596.47,593.34,590.31,588.95,583.21,579.97,576.27,572.86,568.18,562.33,559.28,554.69,554.52,546.64,545.10,541.71,538.38,531.51,528.51,525.06,
576.00,724.27,719.85,716.75,714.55,714.92,708.70,704.02,699.89,695.91,696.57,693.53,690.87,687.92,686.02,684.42,680.80,677.94,673.35,671.40,669.05,664.72,660.13,660.62,653.08,646.20,651.62,647.06,634.79,633.47,632.64,632.15,631.06,620.80,620.17,617.39,614.50,610.49,608.73,604.19,601.41,595.34,591.30,588.67,587.97,582.94,578.83,575.31,570.87,567.71,560.11,557.14,555.10,551.67,546.56,543.94,539.00,535.53,530.76,526.54,524.00,
577.00,722.11,720.71,716.58,712.01,715.18,707.40,705.06,699.54,697.24,698.57,693.10,688.49,685.79,686.18,683.41,682.48,675.60,673.28,670.55,669.20,660.47,660.41,659.96,652.59,649.84,651.20,648.42,636.91,635.57,630.54,630.52,630.97,620.86,618.59,615.81,614.48,609.92,609.16,604.37,602.15,595.91,591.84,588.54,586.71,581.75,578.24,575.67,569.41,567.36,560.18,556.70,554.66,552.27,546.93,543.61,539.20,536.41,531.46,526.88,524.11,
578.00,724.60,724.53,717.15,710.04,715.03,706.82,704.05,701.67,699.16,695.86,691.59,689.29,687.03,685.39,683.27,683.54,678.61,672.47,668.71,669.96,663.45,659.76,658.70,652.98,651.51,650.47,646.91,639.53,637.62,630.72,629.89,630.35,622.19,617.44,614.02,613.69,611.42,608.89,604.44,602.30,597.37,593.15,591.42,586.67,582.70,578.05,575.62,570.88,567.56,561.58,557.44,554.04,553.43,547.03,543.62,540.43,537.53,531.36,526.56,524.95,
579.00,727.09,724.82,718.91,714.75,715.23,713.48,706.10,703.46,703.33,695.00,693.01,694.86,686.99,685.92,682.24,682.52,679.91,676.36,670.64,672.22,666.18,662.94,656.64,654.01,651.82,650.12,650.29,641.98,638.28,635.19,630.10,630.59,621.80,616.52,616.08,614.83,612.20,609.80,605.96,603.49,599.11,594.12,592.35,589.01,586.17,580.12,576.73,571.60,569.49,563.35,558.66,556.67,554.18,549.70,544.65,541.78,537.93,533.02,527.82,525.67,
580.00,729.06,726.50,721.39,718.87,717.46,718.41,711.67,708.41,707.50,699.82,697.96,696.83,691.28,690.31,686.12,686.39,680.37,678.97,675.24,675.26,669.47,665.69,660.38,657.60,657.15,655.52,652.75,646.25,640.70,639.98,631.43,630.96,626.76,620.51,618.20,618.88,616.29,612.94,608.87,606.45,603.11,597.72,594.66,590.77,588.18,582.98,580.02,575.28,573.32,567.01,562.37,560.89,556.15,553.01,548.07,543.63,541.49,536.38,530.93,528.96,
581.00,732.56,731.62,725.58,719.88,721.09,719.90,715.97,711.66,710.09,703.90,702.83,700.65,693.97,693.36,690.87,688.90,682.99,681.42,679.86,675.55,670.58,668.43,663.96,662.53,661.59,659.60,655.41,653.08,645.64,643.33,636.49,633.73,631.08,624.58,623.65,620.64,619.58,614.70,610.17,608.74,605.58,601.30,598.69,593.31,590.76,586.53,582.71,578.12,575.70,569.75,567.45,563.06,559.59,555.63,550.85,547.24,544.90,540.06,534.48,531.94,
582.00,735.27,733.88,729.44,724.46,724.93,723.61,718.05,715.47,713.29,707.17,704.32,703.75,698.23,693.83,693.37,690.19,685.68,683.98,682.03,675.74,674.80,674.56,664.66,666.75,661.46,660.92,657.98,654.18,646.73,644.86,640.82,634.07,630.21,626.08,623.99,623.07,621.08,616.64,612.96,610.60,606.68,602.65,600.75,596.03,593.86,589.14,584.30,580.83,577.72,572.38,569.16,565.77,562.23,557.80,553.58,549.72,546.10,542.24,538.10,532.56,
583.00,735.26,730.13,728.74,726.85,725.00,727.32,719.39,718.46,714.27,708.67,708.18,705.86,699.80,700.26,695.13,690.47,685.34,683.48,685.33,676.01,679.27,674.15,667.13,666.68,660.61,664.81,657.82,657.34,646.61,647.54,642.42,636.81,634.47,631.21,623.75,626.27,623.47,618.81,615.08,611.35,609.28,604.06,601.08,597.53,596.23,590.63,586.52,583.16,579.81,574.21,569.73,567.68,563.20,559.09,554.80,549.58,547.34,542.67,539.31,534.64,
584.00,734.40,732.84,731.21,726.93,724.52,723.82,721.48,715.73,710.35,709.73,706.62,704.21,698.84,700.24,693.70,690.82,683.74,683.35,683.27,677.05,677.28,672.84,669.27,666.31,662.49,665.61,657.28,654.87,648.95,648.18,641.95,636.35,635.72,635.80,627.01,625.84,623.26,618.71,614.45,612.18,609.09,604.36,602.15,596.67,594.84,589.95,587.58,583.76,579.02,573.30,571.65,567.38,563.40,559.29,556.18,549.51,547.33,544.07,540.92,536.94,
585.00,732.05,730.03,727.84,723.64,722.08,721.93,716.94,713.51,708.37,708.37,702.13,700.89,695.76,694.50,689.98,690.76,684.06,681.57,680.32,672.69,673.31,674.08,663.96,666.60,661.15,661.78,656.32,651.34,646.82,643.23,640.28,634.98,631.24,631.39,624.53,623.23,619.05,616.37,612.63,610.26,605.53,601.35,599.29,594.80,592.31,587.39,584.52,581.47,576.79,570.93,569.25,564.89,561.59,558.09,553.54,548.56,544.88,541.39,539.89,534.78,
586.00,726.65,720.80,719.84,719.87,715.40,717.06,707.92,708.63,702.53,700.65,695.53,696.92,691.76,690.36,684.05,684.28,679.36,674.66,673.50,668.83,670.01,668.36,658.55,660.17,654.06,655.95,648.70,645.66,639.80,637.01,635.58,631.61,625.52,626.70,616.40,618.40,614.85,612.13,607.26,604.54,600.99,596.41,593.68,589.94,586.47,581.88,579.65,577.49,572.61,566.53,563.06,559.22,557.63,552.48,547.51,544.14,539.08,535.62,534.22,529.53,
587.00,718.94,715.35,712.36,715.34,704.54,708.44,702.56,696.73,691.42,689.86,689.26,689.09,683.29,683.30,676.73,675.82,671.90,669.89,665.19,663.15,662.36,660.80,652.23,653.47,646.91,649.89,642.69,635.50,634.42,633.80,627.38,626.92,621.15,623.97,614.45,611.45,608.57,605.25,599.70,598.78,595.26,591.71,587.01,583.39,580.27,576.02,573.83,570.90,566.70,560.96,558.03,553.96,550.51,546.91,541.72,538.14,533.97,530.72,528.02,524.40,
588.00,711.63,712.90,706.73,705.68,701.43,700.30,697.09,691.90,687.57,687.07,682.22,681.40,676.60,675.12,671.88,673.79,666.86,667.65,661.56,656.36,654.88,657.99,648.10,651.10,644.49,644.06,637.64,629.27,631.14,628.40,621.69,622.09,613.35,618.36,611.98,605.86,602.41,600.60,594.81,594.41,589.68,586.38,581.36,577.88,574.24,569.90,568.45,565.41,561.47,555.52,553.81,549.22,545.61,543.59,537.59,534.05,530.56,526.20,524.73,518.97,
589.00,707.35,706.87,700.28,699.81,697.45,694.22,690.48,688.59,684.79,681.48,676.39,678.72,674.02,670.73,671.20,669.79,663.68,662.71,657.14,652.87,651.06,652.40,640.74,646.33,637.81,641.18,631.31,626.14,627.13,621.99,620.50,618.65,608.77,610.66,605.52,600.80,599.30,595.92,590.50,588.99,585.61,582.04,576.97,573.23,569.85,567.00,563.46,561.56,557.99,552.54,547.67,545.03,542.97,538.65,533.22,532.07,527.38,521.77,520.81,514.23,
590.00,703.52,705.40,698.36,695.70,694.23,690.77,687.08,682.68,681.38,673.39,671.80,675.29,671.06,668.99,667.78,661.48,658.02,659.22,654.64,650.60,649.28,645.44,637.84,640.48,630.99,636.15,628.73,620.87,625.24,622.34,615.50,613.92,604.36,607.80,604.98,598.02,596.03,592.47,587.85,585.63,584.02,579.71,575.02,570.99,569.12,565.03,560.90,557.93,555.62,549.16,545.18,541.90,539.33,535.52,530.53,529.57,524.12,519.73,517.41,511.18,
591.00,701.92,706.94,697.14,695.65,695.86,690.07,688.96,683.55,681.50,674.51,672.60,671.62,670.35,667.70,667.31,663.10,655.56,659.31,655.26,651.00,647.89,644.01,638.85,638.18,632.93,635.48,628.37,620.32,625.82,620.67,613.55,610.69,603.19,607.20,607.11,597.64,595.79,592.19,587.62,585.94,584.23,579.55,574.37,570.70,568.86,564.57,561.40,557.94,554.75,548.48,544.81,542.56,538.37,536.19,531.23,528.84,524.73,519.62,516.30,511.35,
592.00,703.32,709.20,699.61,694.58,700.26,691.05,689.21,688.15,684.59,677.31,675.19,673.13,671.26,668.70,670.85,665.57,657.89,659.27,659.52,653.49,649.49,642.59,640.97,639.09,634.69,637.44,627.67,626.76,626.73,620.39,615.99,611.02,606.62,605.15,608.40,598.91,597.31,592.54,590.00,586.78,585.13,579.96,576.91,573.05,569.09,566.02,562.47,559.14,555.38,549.05,546.16,543.82,539.78,537.23,532.85,531.21,525.81,520.67,517.12,513.37,
593.00,705.19,711.00,700.57,697.16,702.83,692.15,691.16,687.91,684.39,676.52,676.93,676.05,672.69,668.70,670.38,664.19,660.34,661.33,658.03,654.39,651.40,644.24,640.99,640.03,634.47,636.23,630.07,628.23,625.28,620.74,617.66,611.44,606.62,603.82,608.16,599.84,597.01,593.72,591.53,587.15,585.09,580.25,577.90,574.79,571.61,568.10,564.36,558.92,557.39,549.59,546.68,544.88,539.83,536.21,532.49,532.42,524.89,521.36,517.05,512.35,
594.00,703.47,709.96,700.84,699.51,705.64,694.66,692.15,689.29,686.49,678.14,678.90,674.10,677.03,673.24,669.32,664.65,661.38,662.31,657.58,656.01,654.67,644.21,644.68,638.43,635.98,637.55,630.66,628.92,624.83,623.78,617.17,610.58,609.24,606.96,606.31,601.69,597.19,594.36,591.93,587.09,585.88,581.51,578.13,576.87,571.68,567.92,565.59,560.28,557.71,549.89,547.02,546.43,538.51,536.69,532.67,531.95,525.55,521.16,515.84,512.47,
595.00,705.63,710.32,702.45,700.42,704.20,694.29,693.91,690.65,686.54,683.21,683.11,675.30,676.25,675.30,671.98,667.76,663.65,662.16,658.08,656.21,654.23,646.76,649.54,640.79,638.06,638.76,629.54,634.65,626.70,623.85,618.83,610.85,611.76,608.01,606.65,601.63,599.02,594.48,591.34,588.01,585.41,581.62,578.69,577.16,570.45,568.05,566.48,560.88,557.23,551.25,548.40,547.68,539.61,537.96,533.31,531.64,526.58,523.05,516.75,514.27,
596.00,708.49,711.08,704.55,700.21,702.54,693.17,694.93,690.79,686.96,684.16,681.01,678.42,676.35,675.11,670.14,667.81,665.17,662.01,658.44,655.08,654.82,649.70,647.21,643.75,639.61,637.43,633.29,633.71,626.46,625.06,621.18,611.50,608.86,606.74,605.40,602.62,598.90,594.49,592.81,588.77,584.61,580.66,579.31,576.91,571.86,569.40,565.65,560.46,558.10,552.24,548.39,548.01,539.57,538.20,533.83,531.76,527.60,523.11,518.52,513.69,
597.00,709.06,708.23,704.24,702.63,703.21,698.64,693.82,690.10,687.96,685.27,679.02,680.90,678.75,677.64,669.37,667.14,666.86,662.31,657.38,654.39,656.35,651.98,647.13,642.97,638.32,638.12,634.32,632.64,625.49,625.57,620.94,611.63,607.26,608.84,602.61,603.51,599.48,595.95,591.42,589.00,584.98,580.93,578.37,575.58,571.86,570.08,565.68,560.85,558.51,553.30,547.76,547.76,539.84,537.53,532.96,530.58,527.02,522.85,517.05,513.96,
598.00,708.86,707.26,703.49,704.42,698.46,697.66,692.67,688.38,685.01,683.21,680.82,676.52,675.33,677.18,670.49,665.78,662.87,659.09,655.31,653.99,652.80,649.61,647.75,643.04,636.95,638.61,632.98,630.32,625.68,626.08,618.92,612.56,607.59,609.91,603.40,601.92,599.90,595.90,589.83,588.61,584.98,581.08,578.32,573.63,569.68,569.37,565.12,560.88,556.83,552.64,547.68,546.94,540.15,537.42,532.89,529.39,526.39,523.61,516.96,515.02,
599.00,708.75,707.49,702.97,699.52,696.95,693.59,693.13,686.19,680.89,682.37,678.10,676.11,670.25,670.49,668.16,666.84,660.39,657.98,653.69,650.00,647.69,650.08,644.32,644.18,638.18,636.66,632.37,628.12,623.71,623.59,617.35,610.98,606.14,608.34,605.08,599.58,598.76,593.76,589.20,587.68,582.74,579.08,576.63,571.63,569.17,567.98,563.21,558.58,555.44,551.82,547.84,544.88,539.28,536.93,531.87,527.57,525.39,522.90,516.70,512.82,
600.00,705.72,704.76,702.18,699.44,699.87,694.48,690.44,687.28,679.75,679.82,675.13,679.51,670.93,668.97,667.62,666.28,658.54,656.58,650.62,648.35,645.92,650.96,640.92,642.80,634.95,637.99,630.76,627.10,619.33,621.45,616.91,612.21,607.13,604.86,603.21,598.91,598.22,594.23,588.99,586.20,582.12,578.30,575.58,570.68,569.39,567.02,562.27,559.32,554.92,552.20,546.08,543.18,539.81,534.99,530.94,528.14,525.03,521.26,515.20,512.33,
601.00,704.63,705.17,701.48,701.48,698.09,693.99,689.03,686.74,676.98,676.51,678.52,676.43,669.60,670.52,670.02,663.69,657.12,658.08,649.91,649.91,645.94,648.44,641.61,641.53,632.78,638.89,629.51,625.82,620.96,623.60,614.68,613.88,610.24,606.09,603.99,598.74,598.02,593.96,588.15,585.35,582.57,578.65,575.93,571.57,569.87,566.52,563.03,560.80,555.27,552.09,547.24,544.11,539.82,534.59,531.04,528.49,523.23,521.71,516.01,513.78,
602.00,705.14,707.32,702.29,700.62,698.85,690.80,694.11,686.56,677.93,678.07,679.16,674.93,668.35,666.63,669.32,664.77,655.51,657.93,652.89,650.31,643.22,648.08,641.26,642.32,635.43,638.31,629.33,625.41,623.00,622.75,613.13,614.02,611.60,607.47,606.21,599.39,598.03,594.18,589.16,585.27,582.35,578.64,575.98,573.46,570.52,566.64,562.59,560.13,555.90,551.30,548.49,544.72,540.72,536.22,531.97,528.51,525.44,522.16,518.07,513.85,
603.00,704.76,705.99,703.38,696.94,701.15,692.81,693.78,689.51,682.23,682.09,677.51,677.45,670.43,667.30,670.89,669.97,658.19,658.91,655.76,649.54,643.72,648.48,642.26,644.01,636.56,639.77,628.77,628.31,623.86,620.51,615.47,613.58,613.58,606.76,604.30,601.22,599.43,594.37,589.87,586.91,582.43,578.64,577.40,575.46,572.65,566.87,562.57,561.79,556.73,552.82,549.55,545.59,541.27,536.78,534.04,529.87,526.62,522.35,518.63,515.23,
604.00,705.67,704.86,705.16,699.85,697.52,692.97,693.04,692.03,685.40,679.78,679.05,677.19,672.04,670.66,671.58,668.33,660.78,659.61,655.75,651.38,647.52,648.33,644.93,643.10,636.09,637.79,630.50,629.20,626.38,622.35,616.05,614.85,614.22,607.26,603.24,603.36,600.13,596.01,590.54,588.09,583.78,579.90,578.51,577.79,574.34,567.89,564.58,562.67,559.21,553.45,550.68,547.50,542.15,537.69,534.46,532.24,526.56,522.24,519.99,516.51,
605.00,706.14,706.33,704.70,700.67,695.65,692.40,696.21,690.58,688.59,681.95,677.98,673.09,671.86,671.60,669.16,667.85,662.48,662.55,657.27,654.08,649.62,647.54,645.07,641.26,639.47,637.61,631.59,627.39,629.37,620.49,614.82,614.37,613.36,609.78,603.49,604.51,599.73,596.74,591.06,588.79,585.13,580.11,578.54,577.61,573.39,569.79,564.99,562.33,559.52,552.99,550.95,548.14,541.84,538.48,534.36,532.36,525.84,521.86,520.67,516.13,
606.00,703.29,703.68,702.84,697.84,695.89,693.15,693.71,691.42,688.25,685.02,677.35,674.09,672.73,671.42,670.00,671.42,662.71,662.38,657.33,653.23,648.69,645.56,647.67,641.36,639.60,637.81,630.96,630.87,629.58,619.14,615.40,614.54,614.02,608.69,602.78,602.99,599.48,596.78,591.28,588.95,585.82,580.37,579.43,576.58,572.39,568.61,563.86,561.84,558.44,553.46,550.39,547.69,541.31,538.55,534.40,532.05,526.22,522.36,520.56,516.92,
607.00,702.57,701.01,702.88,694.78,691.69,690.12,689.42,691.38,686.43,679.90,678.14,674.58,670.16,672.82,667.20,669.49,663.30,663.03,654.17,650.66,650.54,646.12,645.96,639.47,637.84,635.20,630.97,630.79,628.97,619.06,615.49,614.25,610.25,605.45,600.52,600.39,598.55,595.36,590.62,589.36,583.88,579.91,579.58,575.28,573.08,567.80,564.15,561.00,558.17,552.96,549.52,547.13,540.10,537.18,534.00,531.50,524.40,521.34,519.91,515.87,
608.00,701.86,700.05,701.02,696.89,690.53,691.57,689.48,688.29,685.13,678.03,676.82,673.09,670.77,673.65,663.11,664.81,663.17,661.81,652.40,651.15,651.07,647.91,642.90,634.65,636.60,632.84,630.41,627.38,627.24,617.92,613.54,612.32,605.68,604.91,599.91,600.08,597.00,593.62,589.60,587.37,582.57,579.16,577.10,573.68,570.35,568.29,562.74,559.33,556.97,551.35,547.80,545.93,539.52,535.19,532.60,531.11,523.88,519.72,518.13,515.16,
609.00,701.20,698.72,696.71,694.89,691.26,690.59,688.77,686.98,681.36,679.77,677.50,671.38,669.16,671.90,664.43,663.73,658.55,659.48,651.56,651.14,647.97,645.94,643.62,634.62,634.89,632.16,627.90,628.08,625.39,616.15,612.51,610.95,604.39,603.51,598.97,598.07,595.80,592.82,588.20,586.49,582.25,578.46,575.74,571.16,567.91,566.30,561.05,558.33,555.29,550.67,546.87,544.80,539.22,534.23,533.51,529.65,523.32,519.61,517.54,515.84,
610.00,700.91,696.85,694.90,690.11,690.10,685.75,686.34,685.29,677.81,677.19,674.79,672.68,667.74,668.94,662.33,662.93,658.87,657.24,650.62,647.63,645.66,644.61,640.71,635.60,633.66,627.95,627.64,626.75,623.15,616.38,613.39,608.88,602.74,600.49,598.67,595.73,593.52,589.01,586.78,585.64,579.05,576.46,574.96,570.57,567.15,563.85,559.64,556.41,554.12,549.56,545.71,543.79,537.37,533.88,533.22,527.10,523.67,518.04,517.19,514.61,
611.00,699.37,694.72,694.36,688.52,689.87,686.20,686.20,681.41,678.19,674.22,669.35,670.17,667.55,666.51,658.93,661.42,658.19,654.52,648.47,644.41,644.12,645.32,636.18,634.00,632.44,627.35,627.80,624.05,617.46,613.79,612.82,605.70,599.18,598.30,597.02,595.47,592.44,587.38,584.77,583.79,577.05,574.17,572.19,569.38,565.78,562.76,558.39,555.31,553.48,547.25,543.98,541.53,537.37,532.27,532.01,526.59,522.15,516.07,514.99,512.51,
612.00,697.29,691.91,690.56,689.22,687.43,683.40,682.54,677.57,673.08,674.00,669.51,666.83,666.79,665.90,660.07,657.88,653.34,650.67,647.07,645.76,641.26,642.16,636.36,632.78,629.61,625.61,624.69,621.11,616.19,614.40,609.04,604.09,600.07,597.39,594.72,594.74,591.90,586.68,582.22,581.51,577.37,572.35,570.39,567.16,563.22,559.43,556.76,554.78,551.73,546.19,541.36,540.28,536.68,530.07,531.32,525.73,520.73,515.17,513.92,512.29,
613.00,695.77,690.51,688.46,685.42,685.69,677.98,680.67,674.85,670.74,671.81,665.91,664.03,662.97,659.86,656.88,655.69,648.72,649.72,644.54,643.31,637.73,638.26,634.06,633.41,630.02,622.67,622.33,618.77,613.13,611.60,609.72,603.74,599.45,595.60,596.05,590.48,589.92,584.07,580.67,579.38,575.71,569.95,568.80,565.61,562.53,557.31,555.23,552.26,550.55,545.28,540.61,538.45,534.95,529.22,529.18,522.85,519.48,514.01,513.58,509.12,
614.00,693.81,688.45,686.10,682.37,683.87,677.79,675.18,671.05,669.71,669.92,661.79,662.45,662.12,655.03,653.64,655.43,648.40,647.56,641.59,639.69,636.61,635.63,630.51,632.46,628.65,623.01,618.39,614.49,609.13,609.13,608.73,601.64,596.19,591.98,592.41,588.66,587.62,581.82,579.30,577.43,573.50,567.17,566.32,563.92,561.12,555.91,553.31,550.78,548.30,543.57,537.35,534.84,533.42,525.86,526.84,521.33,518.03,512.27,511.42,506.44,
615.00,690.68,685.50,683.15,682.94,681.89,678.41,672.30,669.87,666.83,666.15,662.38,659.87,659.91,654.61,653.56,651.82,643.88,644.69,638.13,639.59,636.27,632.10,628.95,629.80,626.11,621.42,615.34,611.26,608.54,608.30,605.75,602.51,595.39,593.44,589.96,587.24,587.45,581.85,577.87,575.31,573.75,566.52,564.75,562.05,560.41,554.95,552.77,550.11,547.30,542.71,536.14,533.56,533.01,523.66,525.71,522.10,515.09,512.04,510.39,505.79,
616.00,690.34,686.21,684.56,681.62,682.09,677.05,673.38,667.80,667.18,665.90,661.95,657.43,657.13,652.69,652.12,649.38,641.82,645.01,639.63,641.33,635.80,632.25,629.01,629.13,626.99,620.30,612.42,608.57,610.99,608.05,604.82,602.59,596.00,595.24,591.48,586.35,586.80,582.21,577.74,575.30,573.60,566.75,564.20,562.58,559.78,555.32,552.63,549.04,546.45,542.72,536.85,533.58,532.39,524.33,525.27,520.73,515.52,512.40,510.63,505.52,
617.00,690.13,687.42,684.01,679.17,686.22,679.70,674.51,669.37,670.48,668.44,660.05,658.90,658.81,651.09,653.67,654.11,643.95,644.53,641.38,639.60,636.01,632.37,630.64,629.89,627.32,623.06,612.19,610.15,611.66,607.31,607.44,604.34,598.04,594.85,592.50,586.90,586.83,582.48,579.53,575.72,574.05,568.13,564.42,562.84,560.57,557.00,553.49,548.93,546.53,542.36,538.21,533.69,532.41,525.74,525.59,521.76,516.10,513.85,510.46,506.27,
618.00,691.13,687.25,683.03,680.20,686.23,681.32,673.83,670.60,669.51,666.34,663.34,663.17,658.00,653.64,656.81,653.77,646.93,643.59,643.08,639.61,638.89,633.24,633.10,627.82,625.23,625.51,614.71,611.48,614.95,611.03,606.95,603.92,598.67,597.79,590.67,589.65,588.05,583.64,580.91,576.80,574.74,569.23,566.46,563.82,561.79,557.92,555.28,552.05,547.47,543.23,538.85,535.99,534.53,527.13,526.19,524.24,516.11,514.38,511.24,506.73,
619.00,693.03,688.60,688.38,682.52,685.74,680.87,677.66,669.16,668.72,666.17,665.51,662.85,658.88,656.13,657.33,651.70,647.61,647.06,647.96,642.09,638.43,636.56,633.59,627.05,626.40,627.06,619.44,612.93,615.46,612.03,605.61,605.18,600.43,600.87,592.37,591.28,589.51,585.72,582.18,577.27,575.28,570.73,567.95,565.42,562.91,558.93,556.54,552.52,548.05,543.94,540.98,539.22,535.15,529.14,526.75,524.23,517.52,514.99,512.08,507.84,
620.00,694.25,688.20,689.83,681.14,687.89,681.72,677.36,671.38,669.92,669.29,665.32,664.20,659.27,657.51,659.27,654.29,646.41,648.17,651.64,640.29,636.20,637.14,636.96,625.88,626.17,629.20,620.57,617.69,614.33,610.92,604.07,605.32,600.29,600.08,592.85,591.57,590.15,585.80,582.60,578.87,575.90,572.19,568.74,565.91,562.41,558.70,556.18,552.83,548.36,543.86,541.87,539.54,535.15,529.68,526.88,523.53,518.64,515.27,512.34,509.29,
621.00,694.33,686.74,687.77,680.67,686.52,679.86,674.85,672.27,668.38,666.69,664.37,666.47,658.52,657.81,659.20,652.72,645.84,648.31,648.99,637.54,636.24,634.31,635.63,625.67,624.15,626.11,620.85,618.18,612.96,609.46,604.86,605.67,599.64,598.08,589.64,590.52,589.66,583.82,582.15,577.51,575.33,571.24,568.88,564.81,562.95,558.55,555.25,552.87,547.48,543.65,541.64,539.13,534.40,528.77,526.69,523.30,518.37,514.73,512.79,508.20,
622.00,693.40,683.04,687.15,681.50,681.54,677.90,674.55,669.45,668.48,662.94,661.80,663.12,656.61,656.94,655.47,647.97,644.63,647.37,646.39,635.04,633.81,634.93,632.40,623.69,622.97,624.81,621.82,616.02,610.55,607.66,601.15,600.89,595.33,596.03,587.50,589.62,586.64,582.26,580.89,575.85,573.95,569.06,566.98,563.64,562.19,558.13,553.84,551.69,545.99,542.32,539.65,537.57,532.68,526.87,524.58,521.24,518.76,512.79,510.96,505.60,
623.00,690.74,681.05,686.29,680.61,680.59,675.35,671.87,669.56,667.48,664.67,659.51,658.20,658.20,656.46,654.59,646.71,638.92,644.57,642.42,633.54,630.08,632.66,631.84,622.54,621.69,621.71,616.91,613.84,608.06,606.72,597.09,598.42,596.20,594.04,585.67,587.23,585.12,581.07,577.91,574.36,572.99,568.07,564.37,561.55,558.08,555.42,551.54,548.38,543.80,540.10,537.66,535.54,529.73,525.18,523.54,519.15,517.06,511.40,508.80,504.72,
624.00,687.43,679.72,683.04,675.50,678.38,672.29,668.87,671.24,666.27,663.26,654.98,657.24,656.04,653.33,650.76,642.74,636.22,642.61,637.65,631.80,629.63,628.94,627.98,622.35,619.70,614.99,612.31,613.35,607.08,603.33,597.48,597.22,595.46,590.32,586.56,582.77,584.09,577.42,575.52,572.15,571.16,565.89,563.13,559.24,556.48,554.09,548.64,546.28,541.89,537.99,536.09,533.48,527.62,523.98,521.90,518.36,515.48,511.33,507.34,503.04,
625.00,684.48,677.32,679.66,673.65,674.97,670.72,666.63,666.33,665.02,658.13,650.52,653.89,653.30,648.31,644.66,638.66,636.16,639.67,633.67,627.96,629.13,627.95,622.40,621.53,615.81,610.82,610.54,608.19,603.22,599.70,596.03,593.11,591.21,587.10,584.18,580.63,579.87,576.18,573.84,570.55,568.04,561.83,559.43,556.62,554.74,552.69,546.42,543.26,539.45,535.64,532.37,530.26,524.92,521.53,518.83,516.31,513.68,508.06,504.48,499.91,
626.00,681.41,673.29,673.75,670.88,671.32,667.56,663.86,662.55,661.87,656.19,650.25,647.39,650.89,646.75,641.70,634.66,630.92,634.00,630.93,626.78,626.54,625.66,619.50,614.89,610.29,608.97,605.68,604.57,598.44,599.32,591.64,588.77,587.68,585.26,582.18,578.06,576.13,574.02,570.33,568.23,564.36,558.92,556.47,552.86,550.74,547.85,543.98,540.31,535.91,532.14,528.00,527.13,521.51,518.44,516.16,513.34,509.22,504.21,500.09,497.37,
627.00,677.48,673.18,671.80,666.45,669.61,664.31,662.56,659.76,657.57,653.21,648.49,645.28,646.32,642.95,637.99,631.68,628.83,633.35,627.48,625.56,623.37,621.28,615.74,613.14,609.82,605.02,601.26,601.87,595.53,594.52,590.93,587.25,585.47,582.56,582.56,573.62,573.87,569.77,567.15,566.54,560.64,555.38,554.19,549.23,547.06,543.86,540.46,537.93,533.11,529.99,525.78,524.94,518.77,516.24,514.41,509.64,506.22,501.68,497.64,495.59,
628.00,675.08,672.01,668.11,663.28,666.57,661.74,659.33,655.17,654.10,650.87,644.96,643.91,641.80,637.64,635.62,630.85,629.95,629.47,625.90,621.01,620.63,620.04,612.67,612.35,610.04,604.33,599.67,599.76,590.56,590.51,591.48,586.71,581.00,578.10,579.03,571.48,571.31,567.62,566.13,565.03,557.28,552.67,551.79,547.27,547.31,542.28,538.61,535.32,531.79,527.92,523.40,521.76,517.71,514.38,512.86,507.47,504.98,499.21,495.28,494.13,
629.00,672.37,665.85,663.67,662.82,665.72,660.51,656.47,653.09,650.78,645.64,643.05,642.44,639.83,637.74,633.87,630.60,628.45,626.32,622.74,619.42,620.13,615.74,611.30,608.64,606.12,605.13,599.51,596.74,588.57,589.45,590.24,584.11,580.51,578.82,574.85,570.90,569.01,567.03,564.71,564.02,556.01,551.26,549.37,545.47,546.14,539.64,537.69,535.82,530.19,526.69,521.73,519.29,516.30,512.06,510.48,506.10,502.24,496.47,493.81,491.71,
630.00,671.82,668.03,663.40,663.70,663.09,658.43,656.64,652.62,647.17,647.27,645.21,640.95,637.88,637.34,633.92,628.62,627.97,626.55,621.79,623.00,617.53,614.82,608.98,607.86,607.05,604.38,599.85,593.36,590.62,592.07,589.74,583.29,579.19,578.52,576.12,568.74,568.51,564.39,562.37,561.86,556.02,550.80,548.92,545.74,546.01,538.44,536.43,535.60,529.37,526.99,522.71,520.00,515.52,512.30,510.01,504.97,502.15,496.27,493.70,491.75,
631.00,671.60,670.18,666.22,661.74,665.91,658.61,655.82,654.60,648.03,650.30,643.50,642.23,636.80,637.37,635.71,634.11,631.41,626.63,624.79,621.71,617.03,615.09,611.08,610.46,610.35,606.76,602.62,596.30,591.34,589.84,591.10,583.73,579.59,577.80,575.60,569.89,569.97,565.18,563.17,562.32,557.34,552.06,549.91,547.91,547.13,540.87,537.70,535.80,530.66,527.84,523.66,521.05,517.19,513.56,510.91,506.02,504.40,498.76,495.08,492.86,
632.00,673.74,667.58,666.88,662.72,668.03,661.66,653.83,657.96,648.29,650.77,643.69,645.90,641.66,639.92,638.24,634.11,633.05,626.52,625.38,622.66,620.96,615.76,612.67,609.97,609.54,606.26,605.19,597.53,592.77,591.27,594.01,586.08,581.68,578.43,574.27,573.27,571.69,566.83,564.43,561.96,558.72,554.11,551.77,550.26,549.31,543.18,539.69,537.26,532.79,529.23,525.14,522.95,518.52,515.30,510.87,509.21,505.10,501.22,496.38,493.30,
633.00,673.81,669.35,670.43,666.94,667.74,662.69,657.97,658.38,648.78,650.45,646.86,645.74,643.49,643.53,640.55,633.59,632.91,629.86,626.34,625.75,622.81,618.10,613.65,610.32,609.68,607.18,609.38,597.09,595.81,593.37,593.71,584.85,582.10,581.71,577.74,575.58,571.68,568.42,565.81,562.89,560.80,554.84,554.00,552.10,551.02,544.54,541.22,539.09,534.17,530.37,527.35,525.48,518.73,517.35,511.12,510.13,505.38,502.95,497.88,494.31,
634.00,675.71,673.47,672.62,668.25,669.59,664.24,661.99,660.63,653.65,656.14,648.39,643.97,647.02,645.70,644.28,638.93,634.17,631.15,630.64,625.46,622.35,622.19,619.16,612.08,612.16,610.31,609.13,601.06,599.34,594.06,593.20,586.12,583.07,583.49,580.78,577.97,573.76,570.89,567.93,565.07,563.86,556.64,555.72,555.02,551.19,546.92,543.22,538.83,537.02,531.39,528.42,526.98,520.95,519.75,514.18,512.27,506.49,505.06,499.94,497.45,
635.00,678.46,675.31,675.88,669.36,672.35,666.47,662.67,664.06,657.32,657.14,650.24,650.98,649.73,648.22,648.35,643.04,636.73,634.14,631.55,627.01,625.87,623.78,623.22,615.00,616.34,610.78,609.38,606.99,601.80,594.67,597.84,590.89,589.06,585.97,582.36,581.20,577.19,573.38,571.30,568.90,565.57,559.36,559.91,556.86,552.69,549.99,546.20,541.02,540.09,533.42,529.51,529.20,523.82,522.79,516.55,514.99,508.22,508.42,503.04,499.41,
636.00,680.52,678.29,678.87,675.61,671.38,668.85,666.73,663.40,656.90,655.27,653.48,654.40,652.19,647.74,647.48,641.53,638.75,636.39,632.55,628.87,628.85,626.04,623.11,618.55,617.52,611.29,611.89,608.93,603.89,598.01,599.21,592.57,589.91,586.93,586.07,583.40,578.59,576.21,574.50,570.06,567.47,561.40,562.06,557.86,555.50,551.89,548.12,543.05,543.16,535.31,531.95,530.12,526.69,523.86,518.36,516.54,510.28,508.87,505.11,500.95,
637.00,681.63,684.07,680.07,677.64,671.88,669.66,671.88,663.02,660.35,658.15,655.47,652.16,652.15,650.83,647.95,645.52,637.97,636.42,635.76,630.89,629.33,627.56,626.45,619.81,617.14,614.93,611.16,612.49,606.51,600.53,597.20,593.88,591.88,591.44,586.56,584.39,579.87,578.99,575.26,572.16,569.94,563.03,562.68,558.42,555.67,553.10,549.64,544.24,544.77,536.35,533.07,530.94,528.82,524.82,521.37,517.38,511.44,509.49,506.04,503.65,
638.00,681.93,683.84,679.27,676.85,672.63,671.55,669.73,665.98,662.70,658.99,656.77,655.44,652.19,648.64,647.92,648.64,639.95,638.32,635.60,632.52,630.00,627.19,627.47,622.01,620.14,615.02,610.47,614.46,607.50,601.73,599.98,597.48,594.65,592.71,589.33,583.24,582.07,579.64,575.42,572.33,570.66,565.03,564.39,558.74,556.02,554.86,550.45,545.78,545.32,537.93,534.60,531.99,530.71,525.95,523.27,518.04,513.72,509.92,507.69,505.79,
639.00,682.03,685.08,680.34,677.41,673.34,672.90,668.30,663.58,662.94,656.40,657.18,657.89,650.33,646.89,645.61,646.40,641.76,640.10,634.43,634.08,631.65,629.54,624.82,625.03,622.69,616.08,612.58,613.58,605.69,604.07,601.34,599.95,595.44,591.34,589.23,583.98,582.43,580.38,577.20,572.82,570.33,566.50,564.78,559.43,559.14,555.29,552.07,546.67,545.20,539.12,534.81,532.48,531.63,526.34,524.16,518.55,516.33,510.19,508.90,506.10,
640.00,679.07,683.62,679.12,679.52,673.75,675.11,668.82,660.87,664.41,657.50,656.49,653.65,654.19,651.07,645.74,646.21,642.09,638.66,634.53,633.81,634.49,628.88,626.04,622.90,620.37,619.43,613.14,612.58,604.30,603.88,599.35,600.29,595.86,593.16,586.43,584.70,582.33,580.79,576.76,571.47,571.46,567.06,563.23,559.92,559.30,554.86,553.43,546.70,544.92,538.70,534.59,533.03,531.52,525.49,524.04,519.49,515.49,510.02,507.86,505.54,
641.00,676.67,683.03,676.54,676.70,672.76,674.12,667.22,662.61,663.94,660.61,657.96,653.02,653.79,650.56,645.89,647.01,640.74,641.06,633.05,635.05,631.27,630.40,624.91,619.77,621.09,619.24,614.52,608.09,606.41,604.39,598.35,599.82,597.25,594.68,587.99,584.17,581.30,580.03,575.25,572.71,571.45,567.44,562.53,560.56,558.33,554.36,552.32,546.11,544.27,539.42,536.37,535.22,530.67,527.19,523.86,519.50,515.19,510.19,507.77,505.99,
642.00,675.51,681.65,676.52,675.25,672.80,671.86,665.75,662.95,662.10,659.11,655.91,655.13,652.12,647.60,645.51,647.37,642.36,642.24,632.47,634.64,630.31,629.86,624.99,621.30,622.71,619.18,616.00,606.47,606.10,603.74,599.44,599.13,595.86,592.05,588.22,584.14,581.61,579.60,576.94,574.44,570.97,567.41,562.71,561.21,559.93,554.46,552.14,545.65,544.62,539.87,536.61,535.31,531.08,527.53,523.81,520.77,517.25,510.69,508.58,506.46,
643.00,677.27,678.97,676.90,675.48,675.65,673.69,665.45,661.05,663.12,659.80,654.71,656.67,653.63,650.50,643.77,645.46,641.79,640.44,634.10,633.56,632.31,627.47,624.70,618.88,617.78,618.51,614.67,606.07,603.65,604.83,598.71,597.91,598.37,591.11,583.85,585.77,581.68,580.04,577.39,574.20,570.47,567.32,561.84,560.23,558.87,553.52,552.32,545.65,544.61,539.67,535.58,534.43,531.21,526.30,523.33,521.07,515.73,510.86,508.53,505.16,
644.00,677.19,676.39,676.03,675.04,671.90,669.05,665.16,659.90,659.99,660.25,655.58,654.95,652.73,650.23,644.31,641.88,638.58,640.35,634.07,633.55,629.88,626.10,620.47,615.98,615.35,617.23,614.00,602.00,604.24,604.24,596.53,595.37,596.36,590.80,585.56,583.71,579.18,577.80,574.70,571.65,569.00,565.49,560.65,558.32,556.42,552.11,549.50,544.33,543.55,538.42,535.15,534.61,529.61,525.04,521.43,519.07,514.65,509.64,506.70,502.93,
645.00,678.07,674.53,673.65,671.85,670.50,665.10,664.62,660.13,656.61,657.48,654.74,651.66,646.36,645.85,642.65,640.37,638.60,637.78,634.60,629.72,626.13,625.13,619.76,615.72,614.41,615.26,610.41,601.37,603.20,600.53,595.14,592.02,593.38,588.01,587.47,581.59,577.13,575.50,573.52,571.69,566.55,562.94,559.36,556.48,554.85,551.63,546.80,543.18,542.66,537.11,533.35,532.45,528.13,523.13,520.76,517.18,514.82,508.57,505.35,502.63,
646.00,677.99,669.10,670.16,668.42,670.82,664.75,658.61,657.50,656.91,655.04,650.44,650.91,646.42,644.17,642.68,637.22,637.36,635.21,631.38,626.30,626.21,620.59,618.20,614.02,611.04,613.28,605.49,602.18,600.55,597.31,595.91,589.84,591.94,584.17,582.52,580.36,576.24,573.38,571.55,568.74,563.65,560.45,557.25,553.48,552.46,549.02,544.76,542.04,540.55,535.48,529.23,529.23,526.08,520.61,518.84,515.17,512.29,507.65,504.45,500.65,
647.00,677.65,666.45,666.73,667.80,665.66,661.63,655.68,652.65,652.51,651.90,651.61,647.10,645.44,643.35,640.52,631.70,635.73,634.54,628.09,624.03,625.55,621.23,613.87,611.76,608.32,608.49,604.45,600.54,597.42,596.66,591.84,586.91,588.09,582.43,579.89,577.35,572.38,570.10,568.49,564.72,562.07,557.34,555.00,550.46,549.56,545.54,543.33,540.45,538.23,533.93,527.64,526.74,523.91,517.99,516.01,512.47,508.95,505.16,502.10,496.91,
648.00,674.18,666.57,666.09,667.44,663.39,657.58,656.20,650.90,651.08,649.97,649.20,642.01,642.75,639.37,639.63,631.87,633.79,632.89,627.03,622.05,622.03,621.21,614.05,609.92,607.52,607.94,602.07,600.09,597.58,592.40,588.62,584.55,583.81,582.75,579.13,574.76,572.06,568.47,565.67,563.73,561.22,555.79,553.01,549.87,548.72,544.24,541.59,539.18,536.76,532.24,526.13,525.63,521.36,516.90,515.38,510.98,507.84,503.87,499.92,496.26,
649.00,673.48,666.29,664.69,666.54,664.49,660.19,652.66,651.52,653.63,649.39,645.92,642.07,644.25,640.34,640.02,633.98,633.78,630.96,625.36,620.16,621.83,619.59,615.98,612.26,608.41,605.31,599.86,603.33,599.16,591.38,590.03,584.44,584.31,581.04,576.40,574.41,572.86,567.57,565.05,564.54,560.86,555.70,553.59,549.53,548.40,543.88,541.43,538.99,537.02,531.67,524.86,525.01,520.42,517.72,515.40,510.34,507.98,503.94,500.32,496.85,
650.00,670.32,666.55,665.03,666.83,662.55,660.75,651.43,650.62,651.30,645.99,644.73,641.45,645.28,638.71,638.71,631.41,629.80,630.80,625.17,619.69,622.88,621.17,614.19,613.97,608.53,604.16,602.77,603.22,597.95,591.97,589.27,583.83,580.28,578.52,575.33,574.49,572.23,568.27,564.80,563.59,559.53,555.55,553.26,548.78,549.14,542.38,541.08,538.89,536.53,531.66,525.18,524.17,520.45,517.59,514.94,510.93,506.90,502.90,500.30,495.53,
651.00,670.02,668.31,668.10,669.04,663.77,661.44,657.84,647.78,652.53,644.47,645.21,639.36,645.29,640.42,637.03,632.00,628.49,628.16,626.40,620.19,623.70,620.11,616.55,611.60,605.84,604.12,602.65,602.94,598.52,591.94,586.42,585.48,580.08,581.88,575.22,573.81,572.81,568.28,564.77,563.74,561.35,556.59,553.80,549.38,548.86,542.53,542.66,538.73,536.05,530.79,525.72,523.62,520.17,516.23,514.96,511.08,506.13,502.22,499.14,495.28,
652.00,666.30,665.07,664.30,665.35,662.25,657.51,654.56,648.94,651.71,641.17,641.25,638.23,642.72,638.03,636.75,632.71,623.32,623.07,623.02,617.30,619.02,616.53,615.01,610.68,603.46,603.32,600.67,599.65,598.05,591.68,586.33,583.14,579.34,578.20,575.42,570.48,571.95,566.40,562.11,562.03,558.46,555.20,551.75,548.11,545.75,540.74,540.62,537.50,533.43,528.02,523.51,522.14,517.31,514.91,512.72,508.60,503.98,500.10,496.76,494.30,
653.00,660.56,660.84,656.28,655.41,654.06,649.19,646.22,643.83,642.45,631.90,635.02,632.77,634.57,630.80,627.86,624.75,619.02,617.49,615.70,609.58,612.07,611.68,604.08,605.12,600.63,598.11,597.34,592.72,589.67,586.31,581.51,577.29,573.39,569.42,572.26,564.97,564.25,560.83,558.12,557.00,551.60,548.73,547.18,542.87,540.36,536.11,535.25,532.01,527.85,523.36,518.17,516.42,512.37,508.83,507.93,504.05,499.40,494.60,492.70,490.21,
654.00,653.89,651.92,649.87,648.37,647.88,641.32,642.06,635.48,633.22,624.55,629.02,624.00,626.93,624.70,618.89,616.64,613.18,609.77,608.69,604.03,607.77,603.19,597.27,595.83,592.25,592.95,588.62,587.12,579.07,579.19,573.69,569.76,567.65,564.51,565.72,559.34,558.02,556.03,551.80,550.61,546.15,542.33,540.72,536.89,533.73,530.25,529.15,526.58,520.62,516.71,512.80,508.75,506.77,501.56,501.62,498.80,492.65,489.59,487.13,483.97,
655.00,648.83,647.04,643.22,642.10,643.68,634.85,635.30,632.08,628.49,623.56,627.00,619.30,620.18,619.50,612.32,610.99,607.33,605.61,602.23,600.37,600.58,596.40,590.19,590.28,586.45,588.32,583.99,580.17,576.97,577.12,567.91,565.59,565.29,560.80,562.69,554.27,553.20,551.19,546.20,545.12,542.85,538.78,537.02,532.95,528.46,525.17,523.94,521.64,515.66,512.82,509.62,506.09,501.98,497.77,496.30,493.96,488.85,486.04,482.89,480.54,
656.00,644.44,644.48,638.67,636.88,639.15,628.38,630.10,633.19,622.51,619.37,622.45,617.56,613.99,613.88,608.56,608.10,606.43,604.59,598.26,596.04,594.66,595.09,585.28,590.70,585.70,584.83,581.15,578.56,573.58,571.75,567.35,561.02,561.54,555.24,558.72,551.64,549.51,547.68,544.27,543.56,539.98,535.31,533.89,530.11,526.36,522.77,520.24,518.26,513.96,510.37,506.79,503.53,499.45,495.85,495.33,491.51,487.60,484.37,480.78,479.15,
657.00,644.48,643.39,640.60,637.66,642.05,633.08,631.64,630.74,622.67,620.72,621.81,617.19,615.49,612.55,607.33,606.59,610.17,605.79,599.99,597.11,598.20,593.87,585.84,590.77,586.60,584.11,578.57,579.97,570.75,568.80,567.77,560.28,563.77,558.20,553.32,553.38,551.12,548.73,544.24,543.73,540.73,535.71,534.22,530.24,527.31,524.18,520.51,518.44,514.88,509.72,506.18,502.70,501.12,496.11,496.52,492.73,488.45,485.22,481.81,479.03,
658.00,649.73,648.76,644.27,644.45,645.25,637.55,635.57,635.66,627.85,629.38,629.11,622.03,619.88,618.25,612.06,609.83,611.17,611.72,604.72,603.19,603.19,598.35,591.89,594.85,591.98,588.39,584.54,581.02,577.64,575.03,570.63,566.78,568.21,566.06,555.30,557.07,554.63,553.77,548.75,547.28,547.31,540.93,537.40,534.32,532.10,528.08,525.00,522.31,519.58,513.77,511.40,508.14,505.98,501.71,499.60,497.08,492.64,489.15,486.06,481.76,
659.00,654.45,657.67,650.32,649.60,649.80,641.90,641.17,640.64,634.46,636.87,634.54,630.68,624.78,620.83,617.41,616.58,618.94,619.65,612.48,607.21,607.56,605.74,598.05,601.00,596.17,593.55,589.98,584.95,584.23,580.03,575.27,570.80,572.96,572.04,561.02,563.18,559.85,558.81,554.22,553.21,553.44,546.15,541.63,539.80,537.94,533.92,530.76,527.10,525.46,519.72,516.67,514.23,511.54,507.49,505.94,501.93,497.91,493.56,490.63,487.29,
660.00,660.56,660.00,655.73,655.57,654.77,648.20,646.50,641.86,640.57,642.27,636.47,637.98,630.54,626.82,625.12,624.42,625.71,624.17,616.64,611.41,613.36,607.76,603.78,604.53,601.70,597.45,592.32,590.17,586.58,582.00,581.80,574.27,578.76,575.87,562.30,567.99,564.88,563.38,558.57,557.75,557.25,549.64,546.35,543.77,542.00,539.49,535.92,531.80,529.54,523.70,519.17,517.78,515.62,512.03,511.28,506.52,501.83,498.46,494.95,491.36,
661.00,663.47,661.21,658.50,659.39,654.07,653.55,648.64,642.37,642.34,647.21,642.32,641.87,634.69,631.95,627.92,625.30,625.26,627.88,619.41,614.39,618.93,611.35,606.89,607.73,605.03,598.81,598.75,591.61,589.35,585.76,583.51,578.07,580.35,578.09,567.74,570.82,568.11,567.40,562.56,559.54,559.33,552.30,549.44,546.22,545.31,542.94,539.03,535.94,531.65,527.33,522.66,520.88,519.05,515.13,511.75,510.43,505.06,500.39,498.74,493.73,
662.00,666.11,667.24,661.99,660.64,656.07,653.52,655.54,645.57,646.32,649.99,645.20,644.31,635.46,634.18,630.87,628.76,626.38,628.71,622.71,618.74,620.24,614.54,611.01,607.05,605.92,603.44,600.97,595.35,594.30,587.03,585.61,583.88,582.91,583.36,574.51,572.91,570.51,570.00,565.06,562.48,562.18,555.01,552.04,549.40,548.06,545.18,541.31,537.53,533.34,530.67,525.69,525.78,520.98,517.36,513.79,512.26,506.47,502.36,499.46,496.51,
663.00,668.73,667.64,664.38,661.34,660.04,656.54,659.09,648.04,651.03,651.46,645.76,647.27,639.27,637.54,637.07,635.53,631.50,627.74,626.07,619.34,621.73,615.10,615.69,610.92,608.72,607.42,602.36,601.62,596.96,588.69,590.07,585.56,587.63,583.28,578.30,575.16,574.39,571.67,566.55,565.05,563.02,556.72,555.83,552.33,549.94,547.95,544.05,540.22,535.35,533.12,528.13,529.04,523.15,519.84,516.65,513.61,508.50,505.82,501.73,499.66,
664.00,671.90,669.19,666.52,663.15,661.27,661.06,660.53,651.46,650.60,650.67,649.73,648.13,639.80,641.19,639.18,635.86,631.71,630.36,626.05,621.57,624.24,618.33,616.32,615.46,613.37,608.15,607.78,602.77,599.54,592.14,593.29,590.25,587.71,583.08,580.24,576.05,575.95,573.34,569.55,566.99,563.69,558.98,558.50,553.56,553.52,549.60,546.70,543.28,537.89,535.79,530.10,530.98,525.24,521.15,518.33,515.94,511.03,508.21,503.83,501.36,
665.00,672.28,673.48,670.44,666.39,663.29,660.21,663.80,652.78,652.45,650.67,651.00,647.86,640.56,643.97,639.11,637.30,632.23,630.66,629.58,624.27,627.68,622.03,619.86,615.61,611.77,611.71,608.36,605.95,602.87,594.97,595.90,591.95,588.96,587.60,583.77,578.10,577.92,574.43,571.85,569.36,565.81,561.38,559.45,555.64,556.32,550.66,548.18,544.97,539.62,537.40,532.28,532.61,528.08,522.06,519.70,517.49,512.29,508.99,505.04,502.93,
666.00,677.61,675.47,672.72,667.23,669.37,660.46,664.65,655.99,656.69,654.98,650.22,648.62,644.43,645.13,645.90,641.46,634.16,630.18,634.10,627.00,627.91,623.37,621.84,617.72,613.32,615.10,607.42,606.89,606.30,599.60,598.27,592.50,592.75,588.80,585.52,580.41,579.61,576.00,571.79,571.22,567.80,563.63,562.09,558.50,557.46,552.21,549.79,547.08,541.19,538.91,534.29,535.21,530.22,524.82,521.62,518.34,514.36,510.64,506.28,504.27,
667.00,680.20,676.15,674.94,668.16,670.44,663.04,660.15,660.69,655.65,653.21,652.24,651.49,645.06,646.72,646.88,642.41,635.44,633.83,635.44,628.01,626.38,626.89,621.16,621.98,617.62,614.83,609.31,607.70,608.96,601.56,600.92,591.70,591.30,586.28,586.63,582.98,580.40,577.00,574.07,572.73,567.42,565.30,564.30,559.06,559.67,553.68,551.14,548.45,543.86,539.99,536.28,535.63,531.70,525.36,524.09,518.92,517.53,512.61,509.57,506.67,
668.00,680.81,676.98,678.66,671.21,673.46,666.63,663.71,658.71,655.93,654.42,651.11,650.66,645.10,647.42,645.91,640.24,634.51,635.77,635.81,630.81,627.89,627.47,620.50,620.75,614.70,614.17,606.57,608.22,607.03,600.13,601.43,593.13,590.84,588.41,585.53,584.97,580.58,578.62,575.02,572.35,567.93,566.66,562.83,559.24,560.23,554.25,550.25,548.28,544.06,540.29,535.25,534.35,532.57,524.82,524.54,520.20,518.26,512.59,509.79,506.25,
669.00,680.65,676.74,678.58,671.00,675.14,665.49,662.97,660.44,658.60,657.23,649.65,650.11,645.74,645.74,645.97,643.22,632.19,633.34,637.48,631.51,627.60,626.91,620.48,620.02,614.51,614.97,605.79,607.39,607.85,601.42,600.73,591.32,591.32,589.48,586.50,584.75,581.26,578.51,574.56,571.34,568.77,567.67,562.71,559.67,558.21,553.15,549.85,547.83,543.97,539.37,536.44,534.97,532.39,525.32,523.58,520.09,517.88,512.37,509.06,505.02,
670.00,680.56,677.22,676.97,669.67,673.75,664.92,661.41,662.61,657.01,654.21,650.34,650.63,646.26,643.82,646.30,641.23,631.23,634.17,637.04,630.27,624.28,628.25,619.56,620.66,617.43,614.70,607.82,606.19,606.94,601.44,600.38,592.08,589.42,585.84,587.75,583.48,580.59,577.40,574.40,571.52,568.46,566.81,562.16,559.76,556.94,553.35,549.64,547.72,544.40,539.47,537.44,534.98,530.47,525.58,523.64,519.64,518.05,512.02,509.24,505.95,
671.00,676.94,675.31,676.78,669.95,673.14,667.94,661.88,659.32,656.03,651.31,648.59,650.54,645.87,644.62,642.27,639.70,633.23,635.59,634.83,630.04,623.87,625.53,618.65,617.07,616.12,616.02,606.06,605.40,602.99,599.18,600.98,593.07,589.48,585.97,582.86,582.22,580.43,576.57,574.05,571.38,566.86,566.03,560.78,558.48,556.42,552.91,549.09,547.50,544.01,537.95,535.17,533.00,529.26,524.66,523.74,519.66,517.88,513.05,509.60,505.72,
672.00,676.32,673.04,673.01,669.73,673.40,667.02,663.43,657.87,656.98,656.38,650.00,646.80,646.26,645.19,641.85,638.39,630.02,635.15,632.77,629.95,624.97,623.47,615.71,615.60,613.32,615.71,607.45,603.53,601.93,601.43,597.65,592.95,589.25,586.54,582.17,581.01,579.39,576.19,572.89,569.22,566.57,564.20,559.77,558.09,555.30,550.83,548.18,546.85,542.64,537.55,534.06,532.22,528.80,524.43,521.60,520.44,516.98,511.91,508.42,503.56,
673.00,675.62,673.64,670.03,666.95,670.11,664.17,662.32,658.95,657.52,653.36,648.30,648.18,646.29,640.98,639.75,638.87,631.42,637.44,633.36,628.48,623.72,622.87,615.30,615.30,614.50,615.00,607.34,602.24,602.33,600.48,598.54,591.43,588.06,585.45,585.20,579.99,579.40,575.14,572.58,570.27,566.45,563.42,560.60,557.52,555.59,550.74,549.44,546.71,541.69,538.05,534.56,532.62,527.90,524.60,520.74,519.11,515.31,510.69,507.73,504.64,
674.00,675.30,672.19,669.81,668.18,670.39,666.51,662.59,657.50,659.35,651.48,645.71,647.81,647.28,641.91,643.15,638.52,635.03,637.35,632.07,627.62,622.07,621.61,617.47,614.02,613.67,615.84,607.26,605.44,601.03,599.42,600.81,593.16,589.21,584.83,582.40,579.47,579.88,575.49,571.84,572.10,565.71,563.03,561.57,558.58,554.98,551.36,549.97,546.72,541.54,539.43,532.64,532.32,528.03,524.81,521.91,519.31,515.53,511.91,509.58,506.91,
675.00,674.80,667.26,665.39,668.31,670.95,666.01,662.31,655.54,659.99,654.26,646.89,645.36,648.28,642.27,641.34,637.82,633.95,636.70,630.70,629.00,623.00,621.02,617.61,614.52,612.84,613.60,609.14,605.90,600.35,599.59,599.43,592.33,589.40,586.61,581.24,580.95,579.11,576.34,572.14,570.98,565.66,562.53,561.60,557.65,555.38,550.38,550.57,546.93,541.44,539.77,531.94,531.89,528.36,524.55,521.90,519.36,515.74,511.66,510.18,506.48,
676.00,673.42,668.71,664.16,669.45,669.45,661.55,665.36,657.70,658.57,653.63,647.09,645.44,646.96,639.24,638.92,637.65,633.89,637.33,632.30,629.67,625.05,621.30,620.23,613.71,611.21,613.78,607.98,605.98,601.24,597.82,597.61,591.54,587.18,589.17,585.27,580.92,578.28,576.01,571.95,570.74,566.82,562.13,560.21,557.78,555.62,551.05,551.23,545.51,540.97,540.63,533.39,531.63,528.62,523.48,522.44,518.57,514.27,510.52,508.30,505.85,
677.00,672.19,668.41,666.68,667.93,669.84,660.66,663.30,655.66,657.39,649.60,644.05,646.37,646.85,639.52,642.29,639.41,635.31,634.34,632.96,625.19,624.20,620.60,623.70,614.94,611.90,613.95,607.19,608.09,602.07,596.54,597.99,592.90,588.24,585.96,584.40,579.40,578.50,574.97,571.10,572.22,567.26,562.43,560.44,556.90,554.14,552.47,551.93,546.04,540.34,540.30,534.22,531.84,527.42,524.07,522.25,518.23,513.95,510.07,509.01,506.00,
678.00,672.92,666.24,666.69,666.11,667.75,661.18,660.38,657.05,654.29,649.78,647.46,646.57,647.26,640.46,641.62,637.03,633.91,632.05,630.91,624.22,623.87,623.67,621.60,615.48,615.49,609.86,611.48,607.90,600.89,597.66,596.74,593.39,585.79,585.24,582.44,579.29,577.47,574.60,572.16,572.18,567.01,561.31,560.57,555.79,554.54,551.54,552.10,547.03,541.31,539.67,534.10,531.07,527.01,524.06,523.19,518.53,515.55,509.75,510.17,506.11,
679.00,671.05,667.14,668.66,665.94,663.18,659.05,662.20,653.48,650.92,648.63,649.14,645.27,645.01,640.02,638.06,635.63,631.69,631.55,631.43,623.83,627.30,623.80,620.09,613.90,612.78,609.25,607.73,606.43,599.54,594.75,593.49,590.10,585.39,585.85,582.81,579.64,576.51,574.32,571.62,570.28,567.74,560.26,559.34,555.01,554.45,551.65,551.12,546.34,540.75,538.69,534.49,529.71,526.32,522.62,521.59,518.50,515.11,508.21,508.03,504.61,
680.00,668.83,667.91,671.87,662.75,661.91,658.87,661.71,654.50,649.41,648.26,646.01,645.75,643.75,636.51,639.38,636.70,632.12,627.97,630.84,622.02,624.77,622.09,619.80,612.30,611.09,608.22,606.05,605.09,600.22,595.34,589.72,589.89,585.72,585.94,580.63,577.00,577.38,573.50,570.55,569.89,567.64,560.59,559.37,555.06,552.54,550.76,549.66,545.64,540.17,537.83,534.49,529.98,525.46,522.21,519.90,518.12,514.63,507.91,505.82,502.99,
681.00,668.82,665.78,671.82,659.07,659.77,659.29,656.17,653.59,647.26,646.88,645.95,643.60,642.53,636.82,637.96,635.21,631.10,625.23,627.00,620.06,621.73,621.94,614.49,613.33,613.03,602.98,608.06,603.44,598.79,595.19,588.57,589.03,584.85,582.48,579.34,575.09,576.28,572.16,571.24,568.84,565.25,559.49,559.61,553.60,551.82,549.27,548.87,545.00,539.48,537.19,532.96,529.45,524.75,522.35,519.02,517.74,514.60,507.26,505.98,502.56,
682.00,666.70,665.82,670.80,659.87,654.87,660.30,655.79,649.32,644.37,646.17,646.16,641.11,639.33,636.18,632.89,632.90,628.80,624.68,623.35,621.05,621.08,620.06,612.42,609.20,609.61,601.47,604.61,602.35,594.62,591.48,587.71,586.85,584.10,582.74,575.44,575.14,574.05,571.51,570.41,566.76,563.11,558.93,558.17,553.06,551.05,547.96,546.68,542.10,538.45,535.00,530.25,525.88,524.41,520.41,518.00,517.28,512.17,507.79,503.95,501.75,
683.00,660.15,660.50,663.74,653.58,651.90,652.87,650.09,643.42,640.23,643.16,638.82,632.70,633.51,633.26,627.55,627.39,620.57,618.40,616.93,616.38,614.97,610.01,607.12,601.52,601.37,598.54,598.03,592.82,591.96,588.93,580.74,582.11,578.98,578.62,569.31,568.54,568.27,566.11,562.89,560.28,557.60,554.52,552.12,548.19,544.05,541.62,539.74,536.00,532.08,528.87,524.78,521.38,519.08,515.08,511.36,511.34,505.96,502.48,498.20,494.96,
684.00,648.07,647.12,647.61,639.41,641.38,639.03,632.53,633.70,627.69,630.11,624.82,622.10,622.14,618.55,613.63,613.22,609.66,608.30,604.41,602.82,599.38,597.27,594.24,590.01,588.80,585.93,587.40,580.41,580.64,576.02,569.86,572.21,564.80,565.74,560.07,556.13,555.77,552.92,551.52,548.95,543.90,542.48,540.21,536.88,533.34,529.55,528.01,524.08,521.04,517.76,514.75,510.36,507.90,505.10,500.73,499.13,494.37,491.18,487.61,484.95,
685.00,634.19,630.28,630.67,624.95,624.50,623.97,617.18,614.88,612.16,611.08,608.47,606.03,604.74,604.70,596.76,597.14,595.71,593.14,587.35,585.64,583.76,580.56,577.84,573.83,572.51,571.60,570.59,564.49,562.44,557.91,556.65,557.00,550.03,550.24,542.93,542.08,539.16,537.15,536.15,533.97,527.48,527.16,523.90,522.68,518.97,514.63,513.39,508.44,506.58,502.04,498.85,494.26,493.13,491.84,487.31,484.67,479.47,477.56,475.36,471.65,
686.00,619.53,613.71,611.61,609.62,607.81,605.71,601.45,597.11,599.29,594.84,592.00,589.39,587.18,589.39,581.42,580.94,577.64,578.07,570.95,570.52,567.40,564.05,561.67,558.15,556.90,555.54,554.97,548.62,546.71,544.36,540.61,540.25,534.37,536.47,525.72,527.36,522.99,521.61,518.44,517.72,512.25,512.43,507.66,507.56,502.86,497.48,497.45,493.21,491.00,485.76,483.84,478.82,477.85,476.36,471.05,469.90,465.33,462.24,460.34,455.87,
687.00,600.50,596.84,594.10,590.46,592.27,584.95,584.97,581.31,583.12,577.18,573.53,573.09,573.06,568.95,564.42,563.07,563.94,563.04,556.62,555.70,551.13,548.43,544.77,542.02,540.19,539.74,539.28,531.96,533.31,528.28,524.18,522.34,517.77,520.99,514.57,510.57,507.64,505.26,502.70,501.61,497.03,495.93,491.55,493.21,487.35,482.60,481.50,479.48,475.65,471.80,469.98,465.05,462.30,462.12,456.64,454.45,450.24,446.04,444.57,441.47,
688.00,588.03,583.93,583.58,579.42,580.35,574.17,574.53,566.85,570.74,561.31,559.73,563.08,559.75,554.42,554.03,554.20,555.03,550.78,544.50,542.85,539.25,537.11,534.41,532.85,529.56,529.99,527.96,523.61,520.38,515.49,514.10,510.22,506.79,508.56,501.69,499.76,496.54,493.44,492.29,491.92,485.79,484.57,480.28,483.20,476.99,473.23,471.48,468.54,466.16,461.61,459.50,455.26,452.15,452.12,446.27,444.80,439.74,437.19,435.12,432.16,
689.00,585.99,579.16,579.35,577.66,576.62,570.43,572.88,562.02,567.82,560.55,556.32,559.03,557.43,554.17,552.30,551.24,548.81,545.00,541.15,539.76,537.68,535.06,530.00,530.66,530.38,523.81,527.19,520.07,517.73,515.77,509.87,506.32,503.14,505.00,496.49,495.98,492.68,491.04,489.84,487.77,482.69,481.52,477.04,478.90,474.03,469.66,468.48,466.85,463.29,457.48,455.79,452.35,448.57,448.83,443.59,443.14,438.04,434.07,433.03,428.04,
690.00,587.05,584.99,582.61,580.51,579.47,571.86,575.95,567.33,569.79,566.18,558.76,562.76,560.20,556.59,555.26,551.93,551.18,551.47,546.16,544.45,541.50,540.45,534.29,531.80,533.52,527.73,533.04,524.32,520.51,517.85,512.44,506.56,505.62,507.98,502.96,498.31,496.01,494.65,492.85,490.04,486.33,484.43,480.78,480.89,477.21,473.61,470.60,470.64,466.09,461.64,459.02,455.98,452.07,449.98,446.94,446.18,440.60,436.31,434.07,430.69,
691.00,590.13,589.56,589.09,583.21,584.28,579.86,580.72,572.15,572.45,570.72,562.16,569.18,564.57,560.71,563.32,559.86,557.84,552.82,552.83,548.31,546.20,544.65,541.68,537.45,538.21,535.53,535.72,529.28,525.34,520.04,517.46,509.76,511.69,509.65,508.90,502.56,501.53,498.87,497.76,495.61,492.07,488.76,486.61,485.84,481.07,479.46,475.53,475.19,470.49,465.88,463.46,462.00,456.15,455.08,451.50,449.72,444.34,440.84,437.84,435.46,
692.00,599.58,593.74,592.29,590.35,589.85,588.40,584.02,580.13,578.19,576.73,569.44,575.26,568.95,567.49,568.95,565.54,562.62,558.74,556.79,552.42,551.93,551.93,547.55,545.12,546.58,538.31,543.17,533.45,530.04,528.10,524.21,517.89,516.92,512.05,513.51,508.45,506.90,504.57,503.20,501.06,496.00,494.84,493.28,489.78,487.64,483.75,482.58,481.22,475.78,471.50,468.38,467.80,462.36,460.02,457.49,453.21,450.49,446.21,444.07,440.57,
693.00,605.16,602.32,596.61,599.16,594.14,592.47,591.68,587.55,584.30,584.59,580.36,579.47,575.04,574.26,573.67,569.24,566.77,566.97,562.05,560.68,560.28,559.88,553.20,548.96,550.13,546.01,548.46,540.40,535.58,533.71,530.65,524.55,525.45,519.93,522.49,515.36,514.14,511.78,509.96,505.20,502.56,500.75,499.21,494.49,494.25,489.29,489.41,487.32,481.57,477.48,473.58,470.75,468.46,465.47,463.42,459.64,456.26,451.73,449.17,446.69,
694.00,609.16,610.56,605.37,603.37,600.69,599.29,598.38,595.10,589.13,589.51,587.02,585.33,580.35,579.84,582.14,578.95,574.36,569.37,568.37,567.47,567.38,563.58,560.59,553.02,553.61,555.51,552.91,545.24,543.85,540.55,535.97,528.79,535.27,525.49,529.69,521.74,521.75,518.39,514.33,511.46,508.99,507.07,505.00,501.20,498.65,495.46,495.19,491.67,487.20,483.90,478.96,477.72,473.88,471.22,467.74,464.07,461.04,457.29,453.98,451.95,
695.00,614.56,611.71,609.29,604.84,605.75,604.24,598.78,600.59,595.23,592.09,594.75,590.48,587.24,583.69,587.04,582.99,579.04,573.48,571.26,570.34,572.37,568.74,562.45,559.33,559.42,558.01,556.09,548.30,549.92,546.28,541.12,534.94,539.18,527.35,535.56,525.72,526.08,522.08,519.86,516.74,513.33,510.30,509.57,504.80,503.83,499.17,500.07,496.59,491.04,488.17,484.77,481.98,478.09,476.88,472.39,467.78,465.19,461.47,458.71,457.62,
696.00,618.45,615.26,613.31,612.81,609.30,608.17,603.97,603.44,596.35,595.73,600.67,591.92,591.31,586.28,586.88,582.06,582.37,579.50,573.63,573.74,574.66,572.61,564.38,560.77,560.17,560.89,558.42,553.49,551.64,548.55,545.68,540.13,540.84,532.43,538.69,529.84,529.58,526.42,523.87,520.79,517.08,512.93,512.03,507.71,508.66,503.31,503.31,498.87,494.92,492.01,487.19,484.03,482.59,480.20,476.92,472.49,468.82,465.57,461.79,462.00,
697.00,620.29,618.72,618.20,613.50,613.50,607.75,606.69,606.18,601.48,599.91,604.08,593.12,595.22,591.02,592.59,586.85,582.67,579.52,577.96,577.95,578.48,573.78,566.99,563.33,562.81,563.85,560.19,553.92,555.50,553.93,545.56,542.95,543.99,539.82,540.87,533.22,533.44,530.09,526.33,524.03,521.73,515.88,513.79,511.91,509.61,506.47,505.22,500.20,497.90,494.14,489.34,486.83,484.94,482.43,477.63,476.58,471.57,468.64,465.71,463.21,
698.00,621.37,619.04,620.60,612.44,615.39,611.27,604.05,609.48,603.92,600.62,602.88,597.78,598.51,592.87,593.95,589.70,586.93,580.24,579.38,578.09,576.50,576.65,569.19,566.53,565.13,563.34,560.04,554.83,557.38,554.30,547.70,544.09,544.27,540.88,544.18,533.12,533.83,530.22,527.98,526.19,523.89,515.98,515.56,512.58,511.01,508.02,505.44,500.63,499.27,495.48,491.57,488.94,486.34,484.21,479.63,476.78,472.35,469.47,466.31,464.37,
699.00,620.59,620.59,620.94,614.35,612.92,612.73,604.39,607.71,602.42,595.93,603.50,599.30,598.19,592.29,592.14,587.71,586.85,583.73,578.20,577.34,573.43,576.13,571.07,567.48,565.46,564.23,557.32,558.06,555.89,554.39,549.97,546.28,542.49,540.77,539.86,533.16,532.66,529.72,529.20,526.13,524.96,515.96,515.48,512.80,512.63,508.65,505.61,500.72,499.95,495.35,489.93,487.74,487.10,483.83,481.51,476.88,472.21,470.57,466.81,464.89,
700.00,619.29,622.05,620.91,615.87,613.12,611.22,606.39,605.96,601.78,599.18,602.08,596.06,598.35,596.85,590.22,588.81,584.26,582.55,577.01,577.84,572.82,572.94,572.27,567.56,566.46,561.94,557.54,556.74,554.11,557.54,547.51,545.77,541.03,543.14,535.74,533.24,530.94,529.80,527.23,524.37,524.48,517.56,515.89,513.13,511.16,508.72,504.88,499.25,499.87,493.61,488.16,486.87,486.97,482.39,479.95,477.20,472.97,469.13,466.90,462.39,
701.00,621.28,623.56,620.31,613.09,612.32,608.96,604.23,607.88,604.06,601.92,599.33,598.91,597.55,596.43,589.04,589.70,585.36,582.88,579.20,580.43,575.49,572.34,574.06,566.28,566.28,562.81,558.33,555.32,554.41,556.97,547.23,546.92,541.32,544.22,538.83,532.80,530.61,530.02,527.15,523.83,525.42,518.92,516.94,514.16,511.42,509.56,504.56,501.22,501.64,495.49,490.38,487.85,486.55,482.58,480.38,476.78,472.78,469.09,467.84,462.63,
702.00,623.28,626.66,623.83,618.11,612.44,613.02,606.71,606.71,601.58,600.44,599.87,602.72,596.42,595.34,591.87,589.04,590.74,584.49,581.61,578.20,573.62,572.46,578.74,567.88,566.81,566.74,560.47,561.03,555.35,555.89,550.22,548.49,543.92,543.36,539.86,533.33,531.49,530.35,528.29,526.24,526.46,520.55,518.49,516.20,512.75,510.96,505.90,501.59,502.95,497.01,491.98,489.03,486.96,484.91,482.63,476.71,474.40,470.31,468.50,464.82,
703.00,629.92,626.96,624.56,620.16,616.54,616.54,608.13,605.80,604.57,605.66,602.11,601.47,596.82,599.91,593.64,591.58,589.63,587.04,581.54,578.89,578.50,574.63,579.94,570.81,572.43,564.48,564.28,560.15,556.20,557.82,550.44,548.31,544.03,544.03,537.76,534.59,532.22,532.44,530.41,527.20,525.85,524.32,520.88,518.12,513.75,512.92,506.58,504.69,503.29,496.54,493.43,492.09,487.46,485.26,484.00,478.58,476.47,471.47,470.38,465.99,
704.00,633.84,628.15,622.55,621.29,619.74,616.19,611.00,609.73,608.63,611.26,601.68,601.50,594.11,599.89,595.30,590.21,591.39,591.23,587.05,582.64,584.17,579.00,580.26,570.34,570.11,566.69,568.06,559.12,556.33,556.68,551.17,549.11,544.61,547.49,544.70,536.21,533.08,534.44,531.11,529.28,525.95,525.37,522.46,519.29,514.51,513.66,507.28,506.77,503.81,498.89,496.65,493.56,489.24,485.34,484.56,481.74,476.99,472.70,471.79,467.45,
705.00,636.16,630.85,624.85,622.49,623.18,618.55,613.37,610.25,608.82,608.20,599.46,605.40,594.01,596.81,601.14,594.76,594.84,591.56,591.11,583.12,584.49,581.23,583.97,572.95,567.85,572.19,568.84,564.44,559.27,555.69,554.34,550.38,547.87,547.79,546.89,536.53,535.84,536.38,532.31,532.31,527.50,525.93,523.56,520.94,514.80,514.47,509.60,507.93,504.40,500.55,498.27,495.47,490.42,487.18,485.20,482.36,477.35,475.04,472.91,468.39,
706.00,636.59,627.57,624.15,623.73,626.94,622.27,613.66,610.76,611.17,608.47,602.86,606.61,598.50,599.55,600.38,596.43,594.26,592.91,591.35,580.77,583.87,583.97,581.49,578.88,572.46,570.90,569.24,566.96,562.49,559.48,555.85,551.91,549.22,546.21,545.47,537.92,536.93,536.84,534.55,532.60,526.84,525.55,524.26,521.11,517.12,513.81,511.02,509.23,503.72,501.18,498.32,497.36,491.51,488.65,487.02,483.95,478.55,476.23,474.36,468.97,
707.00,635.68,628.15,621.80,627.41,626.81,621.58,616.61,614.74,611.44,612.10,604.40,605.08,600.02,600.00,598.09,596.81,590.46,597.36,590.52,583.42,586.01,589.07,580.32,579.57,570.51,571.34,567.45,568.79,558.52,557.33,555.95,552.80,547.81,548.42,546.49,540.99,536.92,538.95,535.05,532.83,526.48,525.38,524.34,519.29,518.27,513.67,511.12,510.07,505.26,502.96,498.13,496.35,493.29,489.21,487.64,487.38,479.00,476.93,475.15,471.03,
708.00,631.76,629.80,626.17,625.39,626.67,617.70,619.03,617.88,610.33,610.69,604.00,606.56,600.34,600.08,600.89,600.86,592.21,591.58,594.04,585.38,585.54,586.04,581.10,577.83,567.87,575.71,564.94,568.34,560.63,561.33,555.61,553.96,550.72,552.03,548.08,542.95,539.71,540.07,533.06,533.59,529.40,525.08,524.23,521.10,518.36,515.01,512.41,509.67,505.62,503.72,498.14,497.68,494.31,490.75,486.65,488.04,479.65,477.05,476.20,471.16,
709.00,629.48,625.53,629.18,624.56,627.75,621.66,616.38,617.42,612.73,610.19,604.84,611.09,606.33,602.45,602.75,601.85,593.97,591.89,589.72,582.72,581.68,586.08,580.57,580.50,571.04,573.80,564.20,569.18,565.01,561.67,555.93,554.88,550.26,553.24,545.96,543.36,541.72,540.06,534.55,533.60,531.03,525.64,525.20,522.25,520.32,514.92,512.78,510.79,506.41,503.17,499.68,499.03,494.29,493.43,487.33,486.55,480.27,476.75,476.57,472.80,
710.00,629.57,623.84,629.81,627.27,621.84,622.49,617.62,616.07,611.74,609.44,610.34,610.55,605.80,602.54,598.00,597.29,593.19,594.09,589.28,583.55,582.11,585.16,578.08,577.43,576.17,573.93,564.76,568.88,560.43,560.19,555.17,554.22,547.14,554.84,544.63,545.77,541.51,541.49,537.01,533.62,530.49,525.64,523.73,522.70,523.44,515.03,513.18,510.73,508.24,503.39,498.64,498.17,493.59,494.42,487.91,486.87,481.21,479.09,477.99,475.43,
711.00,628.22,627.11,631.84,626.31,619.97,618.46,621.88,616.05,612.23,609.81,609.21,609.11,601.87,604.89,599.05,597.75,590.91,590.10,587.39,588.09,585.08,583.17,580.05,574.82,578.64,576.53,564.66,565.17,560.34,563.05,553.70,552.29,547.87,556.82,543.85,545.29,542.20,541.87,534.55,533.11,531.09,527.92,523.69,523.65,520.92,515.41,511.75,509.37,509.09,501.61,497.06,498.07,492.52,492.56,485.56,485.68,480.97,477.55,477.51,473.57,
712.00,629.74,623.97,631.72,620.45,620.19,619.82,614.73,613.87,613.79,607.97,607.61,612.52,603.01,601.62,599.54,597.20,593.73,590.93,586.43,587.01,585.66,579.57,575.83,574.30,576.51,576.69,566.64,562.31,562.85,562.81,554.20,549.11,547.31,553.89,545.54,541.31,540.98,539.25,534.22,530.98,531.16,528.00,523.15,522.56,519.17,514.45,510.57,508.80,507.32,499.82,499.79,499.19,490.88,490.49,484.59,483.11,477.67,475.34,475.27,471.90,
713.00,627.70,621.99,623.81,620.91,612.13,619.77,611.91,608.10,607.70,601.45,610.17,608.50,598.09,596.34,595.94,588.21,588.01,590.77,581.56,580.29,580.09,577.53,574.32,572.30,575.17,578.41,564.03,566.19,557.47,556.45,552.75,546.99,543.35,546.85,541.22,538.69,537.59,535.53,534.34,529.78,527.76,524.89,519.73,520.40,517.74,510.79,508.53,506.65,506.06,498.08,495.91,495.26,489.10,487.50,483.71,479.73,476.18,474.68,472.56,469.72,
714.00,624.74,618.04,618.47,616.13,605.87,611.63,610.11,602.05,602.16,596.73,606.30,598.77,590.78,594.56,589.56,585.45,579.11,582.10,576.05,576.34,576.38,571.51,568.16,568.82,573.35,570.76,561.29,558.73,549.22,554.45,547.35,541.99,540.08,537.49,532.23,533.32,530.74,530.28,527.76,522.59,521.19,520.13,513.80,513.95,509.45,505.17,504.28,499.60,498.99,493.06,489.55,488.98,484.12,480.66,478.43,475.07,473.69,467.97,467.48,461.03,
715.00,615.12,607.91,604.05,604.29,599.45,600.99,598.39,598.47,594.52,591.23,593.22,589.64,581.90,581.09,582.43,578.57,570.34,571.85,567.54,567.50,569.53,563.59,561.88,561.80,558.38,560.98,554.31,546.09,543.77,544.99,536.52,533.71,530.62,524.63,527.28,521.47,521.50,518.70,516.96,512.72,512.33,510.35,504.37,503.35,498.71,496.25,494.68,490.91,488.32,484.18,483.04,480.03,476.14,470.15,469.74,466.01,462.79,457.58,454.99,451.57,
716.00,604.01,595.93,589.27,591.90,584.70,591.11,585.05,584.60,577.06,573.29,581.80,577.15,568.11,563.63,573.73,566.09,561.09,560.65,557.32,552.58,552.13,552.83,553.98,551.53,541.86,550.91,541.60,538.80,533.44,528.35,527.74,523.18,520.46,509.92,512.46,508.94,509.78,504.90,505.67,503.46,500.16,497.21,491.56,490.89,488.01,484.54,484.29,477.97,476.85,473.73,472.46,468.04,465.83,461.72,458.59,454.63,451.92,446.94,443.11,440.97,
717.00,588.30,586.62,575.31,580.04,574.01,577.40,573.70,565.99,566.71,562.37,566.63,559.25,556.92,558.04,556.92,554.75,545.85,543.60,544.08,538.29,539.50,541.75,541.20,539.43,534.61,531.08,528.99,526.84,522.02,518.32,518.24,513.66,503.31,497.61,496.01,496.84,496.75,492.79,493.25,489.04,485.61,483.68,477.93,477.20,474.60,471.32,472.54,465.73,464.13,460.60,457.29,454.92,455.17,448.20,447.05,442.04,442.23,436.20,433.37,428.85,
718.00,578.24,574.94,562.82,566.12,567.60,562.32,561.02,555.47,556.60,555.72,552.12,549.57,547.46,546.96,542.92,543.73,537.69,533.46,533.09,530.16,530.97,532.97,525.56,526.25,519.60,518.91,520.84,511.82,506.47,506.04,502.81,503.24,489.74,488.87,491.61,484.83,484.60,483.44,481.22,477.74,475.33,472.14,467.32,464.81,463.39,459.83,460.65,455.43,453.11,449.73,446.92,441.65,444.33,437.22,435.43,433.27,430.98,425.77,421.92,419.01,
719.00,568.82,570.07,555.12,559.17,558.75,553.51,551.45,544.91,547.04,547.80,541.70,545.03,537.31,534.05,537.73,536.48,534.10,524.35,529.64,522.71,521.09,525.11,519.94,514.67,508.18,515.06,510.58,505.41,500.53,492.79,494.89,496.46,481.56,484.73,488.01,477.20,479.67,476.72,473.83,472.53,469.61,464.92,460.08,458.29,457.00,454.75,452.79,448.43,448.13,442.45,439.70,435.51,437.10,430.66,427.25,426.25,422.39,420.76,415.27,413.50,
720.00,564.72,561.95,553.57,556.11,556.34,551.17,545.55,536.14,545.82,544.66,536.77,540.96,536.64,534.90,531.78,532.94,528.34,520.10,522.15,516.75,512.43,521.97,510.47,512.93,510.16,506.24,506.73,502.23,495.01,490.46,492.96,494.56,477.00,480.56,483.11,475.06,476.14,473.13,470.94,468.55,464.95,462.17,457.73,454.50,453.79,452.08,449.76,445.42,445.10,437.95,435.50,432.87,433.43,427.42,425.01,421.96,419.04,417.06,413.16,410.79,
721.00,561.51,559.09,548.98,553.61,552.08,546.45,544.66,533.60,546.29,546.45,535.44,537.65,533.13,529.39,526.12,528.23,522.01,522.64,518.80,515.80,510.69,521.96,504.63,508.11,507.79,504.42,502.26,499.89,484.20,489.46,486.52,491.15,475.46,481.41,483.88,473.77,471.94,472.19,469.66,464.65,463.98,460.16,456.39,452.62,452.58,449.12,448.13,444.99,442.28,435.60,432.46,428.69,432.38,424.90,424.52,421.55,417.82,415.95,411.29,410.21,
722.00,560.78,558.23,552.02,551.58,549.47,541.60,543.82,534.18,540.27,541.05,532.30,537.94,527.41,524.65,527.64,530.74,523.76,518.77,520.43,518.66,510.01,517.88,506.58,505.91,503.14,506.14,500.04,495.05,485.29,488.40,481.30,487.73,480.08,482.86,480.86,473.68,471.37,472.61,467.16,464.63,465.03,458.60,455.54,454.21,451.82,449.82,447.87,441.40,442.60,435.24,432.09,428.58,430.18,424.28,421.05,420.52,415.10,414.31,409.87,407.35,
723.00,556.76,552.18,553.71,550.38,549.13,542.52,541.76,532.56,542.79,538.67,530.09,540.19,530.81,524.66,527.22,530.81,522.10,520.12,517.52,515.73,506.34,515.31,505.58,508.71,502.56,501.04,498.07,493.90,489.36,486.80,484.02,487.03,478.86,477.29,475.85,472.60,470.41,468.90,466.31,462.93,463.30,457.51,455.09,452.32,451.51,449.34,447.97,440.61,440.81,434.02,433.10,431.06,428.60,424.65,421.32,418.25,412.22,411.84,408.36,407.58,
724.00,555.20,549.50,551.67,548.42,545.22,540.70,543.34,529.92,541.55,537.69,531.85,534.68,528.32,519.28,522.20,525.40,518.20,522.49,513.59,515.61,504.41,513.45,503.89,507.57,501.31,498.72,494.43,494.10,486.06,484.64,482.29,483.14,476.69,472.78,472.17,472.08,466.77,466.11,466.84,462.66,460.01,455.87,453.89,449.24,451.05,445.42,446.70,438.83,438.55,432.47,431.22,427.65,428.32,424.46,421.32,417.56,411.76,411.93,407.20,407.84,
725.00,557.33,550.54,552.61,545.66,540.60,538.84,545.49,530.64,537.62,533.14,531.89,532.63,524.76,519.27,522.50,525.07,516.63,519.27,514.39,518.02,509.33,509.33,502.38,504.04,497.39,500.04,493.49,492.84,488.68,487.93,480.23,480.40,479.07,474.84,470.29,471.34,465.24,466.27,463.39,460.87,457.94,454.26,452.84,447.83,448.63,444.87,443.79,437.25,437.48,431.87,429.16,427.10,425.94,423.62,417.69,417.25,412.17,409.39,406.20,405.08,
726.00,557.02,548.16,555.51,544.43,545.14,542.17,542.96,530.28,541.43,532.50,529.54,534.74,528.80,524.28,525.81,526.60,521.35,519.12,513.95,519.87,511.71,507.28,502.78,503.53,494.67,498.38,493.16,492.39,494.64,487.24,483.49,480.52,479.04,472.38,472.37,470.56,466.42,465.23,463.74,461.37,458.96,454.83,452.17,448.29,448.30,446.21,443.85,439.06,437.58,431.66,431.95,429.29,425.12,424.23,417.39,417.70,410.60,408.19,406.08,404.93,
727.00,556.28,548.10,550.93,548.99,543.51,545.44,545.43,529.41,540.55,532.23,534.60,528.37,528.38,521.24,525.70,523.17,519.46,523.47,511.59,514.71,511.00,509.08,504.48,505.67,495.10,500.91,493.34,496.46,493.79,484.44,486.51,482.51,482.06,472.11,471.68,470.96,467.34,465.32,466.39,464.55,458.67,456.12,453.21,449.65,450.54,447.87,444.36,441.93,438.49,432.14,432.26,429.76,426.37,425.31,418.78,418.06,413.49,410.46,406.30,408.15,
728.00,557.33,554.35,550.77,550.77,545.74,545.57,549.90,530.61,540.06,535.64,536.52,525.07,528.65,525.37,525.24,524.97,518.69,522.13,513.92,517.84,516.32,511.56,506.19,507.54,502.64,500.55,495.95,497.57,493.55,489.57,487.47,482.58,487.17,477.85,471.87,471.67,468.99,469.06,467.49,464.69,458.94,457.82,454.06,452.47,450.50,448.60,445.02,442.48,439.86,433.15,431.42,430.35,427.45,426.72,419.81,419.89,417.45,412.03,409.91,407.99,
729.00,556.28,557.67,551.61,550.60,551.15,546.68,547.16,538.57,542.96,538.49,536.72,530.94,532.53,532.15,529.27,530.12,524.81,523.42,517.08,521.83,523.32,515.51,508.61,507.60,503.60,503.88,501.08,498.28,497.26,492.43,490.09,485.16,489.63,483.21,480.13,472.82,472.45,472.26,468.54,466.27,462.54,460.57,456.11,457.37,452.16,452.49,446.91,445.94,443.29,437.01,435.44,434.00,429.12,426.74,422.12,422.90,418.59,413.33,411.80,410.06,
730.00,558.68,562.66,553.46,554.33,555.20,552.84,548.11,545.25,543.76,540.41,540.03,536.55,535.81,533.19,533.19,529.34,532.20,527.23,523.00,520.14,521.51,518.77,516.41,512.69,507.09,509.08,503.73,504.36,499.63,491.05,492.05,488.19,492.05,483.72,483.34,475.54,476.38,475.69,472.40,471.86,467.28,464.00,460.07,462.86,457.89,457.14,451.32,450.08,448.64,441.08,438.94,438.64,434.61,431.68,426.31,423.97,421.29,417.41,415.52,414.87,
731.00,562.69,568.54,562.69,562.45,561.95,558.81,553.61,550.83,547.66,547.77,549.12,538.72,542.32,541.78,536.48,535.76,534.09,529.71,530.53,520.87,526.75,524.47,520.52,520.13,522.23,508.66,513.25,509.44,504.10,498.97,498.90,491.59,495.23,486.36,484.86,481.56,479.98,482.49,477.96,476.40,469.56,469.31,465.73,467.45,463.54,461.71,455.73,451.62,453.46,446.84,442.01,443.20,439.63,435.18,432.77,427.98,426.79,422.90,420.85,419.52,
732.00,568.69,571.30,568.33,561.15,567.74,561.90,555.90,562.91,554.04,553.48,550.81,548.23,545.42,549.18,542.78,541.64,538.28,534.88,537.72,528.91,533.78,531.88,523.50,523.27,526.40,514.26,519.12,514.46,507.15,505.62,499.77,496.45,494.75,492.14,497.95,486.46,484.15,488.49,483.61,480.31,475.76,475.05,471.00,471.75,467.18,464.95,458.62,457.05,458.79,452.17,447.07,447.65,444.37,439.11,437.38,434.46,431.07,427.62,425.21,422.28,
733.00,573.10,576.12,573.78,565.88,568.58,565.16,558.81,570.23,554.64,552.42,552.02,556.51,544.84,551.23,551.63,544.91,544.77,535.83,544.44,531.34,535.79,534.32,531.98,524.48,528.61,521.82,521.89,518.05,514.24,507.17,501.82,502.61,498.76,494.42,502.65,491.10,489.42,492.17,487.76,485.77,482.15,479.31,475.39,475.40,471.61,471.29,464.67,461.08,464.23,456.54,452.45,452.86,448.56,443.38,440.08,439.39,434.05,432.87,427.01,424.87,
734.00,578.04,576.52,580.84,574.00,573.77,572.72,562.33,567.88,557.07,557.07,557.12,559.53,552.56,559.81,553.69,548.95,547.09,539.03,547.38,530.33,537.27,537.14,535.28,530.26,536.04,522.61,529.31,521.85,520.62,514.07,507.42,507.95,502.58,497.03,501.12,494.83,492.89,494.13,492.56,489.18,485.28,482.99,479.34,477.08,475.21,473.93,468.52,463.83,466.75,458.27,456.89,457.78,452.12,447.34,444.74,443.03,438.29,436.64,430.45,429.44,
735.00,578.04,577.42,582.02,575.74,575.82,569.84,564.88,571.77,558.91,564.26,563.35,559.67,552.09,561.42,553.00,550.41,544.44,546.59,547.57,533.65,542.54,541.30,532.88,528.66,533.18,524.86,534.26,524.46,519.80,514.44,508.39,510.61,502.56,501.13,505.65,497.86,494.36,496.75,495.81,490.35,486.96,485.12,481.17,477.19,475.32,473.18,470.03,466.85,466.84,460.23,459.92,457.23,454.75,447.67,447.98,447.17,441.77,440.79,432.98,432.34,
736.00,580.24,582.38,578.70,577.43,570.29,565.83,561.69,572.55,555.01,559.10,560.55,561.79,548.15,557.46,554.06,552.92,545.83,543.55,546.05,538.23,542.87,538.73,532.05,525.28,528.28,526.92,531.18,521.32,522.06,515.05,507.10,510.32,506.23,507.32,506.05,498.14,496.93,497.22,493.69,492.45,488.29,485.96,481.63,477.50,473.98,473.16,471.61,468.07,466.96,460.37,461.41,457.63,452.88,448.63,445.30,448.48,441.83,440.71,433.71,431.59,
737.00,581.76,578.88,580.45,582.54,572.62,570.27,562.17,567.91,561.66,561.39,561.40,562.69,554.87,559.56,554.08,550.16,551.21,546.51,544.16,536.32,539.98,537.38,529.79,527.19,529.28,525.36,531.89,516.74,527.19,513.88,511.26,508.38,508.12,506.03,501.34,497.79,497.05,494.76,493.19,492.67,487.13,484.73,482.43,475.75,474.81,473.34,473.35,470.00,466.66,460.39,462.80,457.16,453.39,448.49,446.61,447.23,441.60,440.03,434.60,432.30,
738.00,582.64,578.73,577.61,582.99,571.39,569.08,563.31,566.77,566.50,566.69,569.25,558.36,559.07,558.11,550.22,549.59,548.27,549.94,543.12,536.03,538.78,537.90,527.18,527.53,528.14,525.23,528.77,516.45,521.95,512.91,514.42,507.24,506.53,507.65,502.18,500.34,496.23,495.42,494.78,493.22,487.41,484.47,483.33,477.02,476.00,471.61,474.40,471.71,466.40,461.32,461.58,455.84,455.01,449.49,449.20,446.54,443.35,441.15,436.69,435.06,
739.00,584.57,583.13,574.93,579.82,570.05,565.03,568.10,567.23,566.36,564.16,568.04,555.45,558.09,553.20,552.69,553.07,548.94,548.13,542.24,538.85,541.43,537.11,527.91,527.78,526.78,527.21,526.53,513.89,521.27,517.88,514.38,506.43,510.25,511.93,504.17,502.39,496.78,498.09,492.41,493.50,487.92,485.46,483.91,480.03,476.50,472.64,475.79,472.04,467.23,463.75,460.87,455.93,455.66,449.47,447.90,446.14,444.34,441.43,436.95,431.74,
740.00,585.43,582.09,574.56,579.59,572.88,571.18,570.39,567.01,572.83,565.34,566.19,562.83,567.84,558.63,557.02,557.03,554.49,547.85,540.38,543.62,544.51,535.36,529.48,531.99,529.51,529.55,524.58,510.33,525.38,522.05,517.02,507.84,513.64,512.88,506.19,501.66,497.99,497.65,494.32,494.65,491.93,487.31,485.30,481.98,478.96,475.98,477.01,474.30,468.61,465.96,463.31,458.65,456.95,452.59,449.30,447.31,443.98,441.30,437.59,431.95,
741.00,587.45,580.27,576.16,581.12,572.22,576.16,574.79,565.72,574.79,572.74,572.39,562.30,571.02,556.65,556.48,553.74,557.85,553.06,543.13,542.62,542.45,537.14,535.94,537.14,532.18,535.26,528.42,516.44,521.74,522.60,521.23,510.96,514.73,511.99,509.59,504.67,499.67,498.51,497.14,498.09,494.19,488.37,486.94,484.54,484.13,477.15,478.24,477.76,471.74,469.07,464.83,461.41,460.31,455.93,452.78,447.58,447.78,443.27,438.55,436.49,
742.00,590.00,586.50,578.74,582.54,574.21,576.84,584.60,567.78,571.50,572.60,571.72,561.05,570.99,559.30,557.77,559.75,554.03,552.14,544.89,546.58,546.87,538.98,538.90,539.12,538.24,532.75,533.34,519.82,518.86,529.47,522.59,515.65,518.43,514.78,511.41,507.74,501.69,501.83,497.50,497.59,493.26,490.75,488.00,487.24,485.40,478.91,479.78,477.71,472.65,471.95,465.48,462.29,461.39,456.62,455.22,449.75,451.94,443.69,441.86,439.16,
743.00,591.99,584.42,581.80,579.28,579.11,579.77,583.44,571.53,573.01,572.84,566.97,566.89,572.03,562.24,561.51,563.72,556.79,555.81,545.05,551.00,554.02,540.41,538.12,537.72,537.15,533.81,535.03,521.18,520.93,531.45,523.30,519.71,520.85,518.49,518.25,506.87,503.84,502.53,498.23,498.85,495.30,492.40,489.63,487.64,486.76,481.97,481.15,479.78,472.74,473.13,470.62,462.28,460.75,454.98,455.11,452.47,452.28,443.54,443.93,441.23,
744.00,592.15,581.84,581.71,582.22,579.88,582.89,584.07,575.86,574.41,574.54,569.33,565.95,568.69,560.48,566.33,560.75,558.25,557.20,548.07,551.08,551.35,542.22,543.37,540.36,537.25,537.25,534.65,529.41,520.82,527.62,522.38,522.51,521.06,518.22,515.75,506.43,506.00,501.69,500.27,501.00,498.19,493.39,491.14,488.84,488.59,483.84,482.54,481.76,475.28,474.09,469.40,463.45,461.51,458.94,455.31,452.71,453.06,444.26,444.62,443.78,
745.00,594.09,585.76,589.27,585.44,582.06,583.52,588.54,572.07,570.82,574.65,567.98,559.78,566.19,561.76,561.76,561.89,553.23,555.41,548.80,548.80,551.64,544.17,541.93,542.25,543.31,530.16,535.52,531.94,524.60,531.94,524.41,524.60,523.74,520.96,511.58,507.41,505.88,504.08,500.64,500.67,495.24,493.79,492.25,489.05,488.82,482.26,484.06,480.33,474.56,473.40,467.42,465.15,460.81,459.38,458.24,453.69,454.86,445.36,446.89,445.57,
746.00,595.19,586.76,589.45,580.19,583.83,579.94,585.68,577.70,573.26,574.47,564.30,560.97,565.51,563.24,560.28,562.82,551.74,558.29,551.07,550.13,557.08,549.32,538.65,539.02,541.14,534.89,534.07,533.56,528.88,532.20,519.49,523.78,520.18,523.26,515.23,506.64,505.26,503.70,500.60,498.19,494.99,494.07,492.68,489.36,486.15,482.42,484.28,478.61,474.18,472.62,467.97,464.60,460.91,456.74,458.07,455.67,454.22,446.31,448.07,444.16,
747.00,594.82,589.17,590.13,574.53,582.55,579.72,579.68,579.65,572.16,567.41,564.59,562.71,561.30,558.45,559.87,560.79,553.76,556.08,554.70,550.90,553.25,547.09,542.89,538.65,535.31,538.16,529.15,534.88,534.89,528.70,515.53,518.78,518.83,523.98,513.11,504.72,505.88,503.40,499.08,498.49,497.94,493.59,492.83,489.81,486.80,483.58,484.33,478.48,474.90,471.69,467.16,466.61,461.12,457.54,455.07,454.68,450.73,446.77,447.51,441.66,
748.00,596.54,592.91,591.52,579.59,583.65,584.34,580.11,573.01,574.75,566.53,566.70,559.70,562.38,560.82,557.10,558.66,553.47,552.35,552.78,548.80,546.12,549.75,539.72,543.35,539.89,531.33,530.73,536.78,540.07,530.29,519.40,516.80,517.32,520.00,506.77,503.83,504.07,501.27,498.19,496.88,495.91,493.35,491.48,488.54,486.33,481.62,482.32,475.91,474.19,471.21,464.71,470.04,460.94,459.21,456.96,452.84,449.21,448.21,446.86,441.81,
749.00,596.82,592.14,588.36,577.72,581.45,578.68,578.58,575.70,574.74,570.91,568.09,563.10,562.29,560.48,550.10,556.65,550.85,557.55,552.77,547.07,545.05,552.61,539.30,539.66,536.58,530.63,527.81,534.62,533.61,527.86,517.38,515.46,513.70,520.00,513.19,506.05,502.00,501.96,498.49,495.85,494.72,492.04,490.87,485.93,485.14,479.80,478.99,475.50,471.84,470.58,465.56,467.50,461.35,456.89,456.83,451.33,450.56,450.20,448.64,441.81,
750.00,595.98,592.28,581.85,576.87,575.91,575.91,572.21,578.79,574.30,565.30,566.43,569.48,557.11,556.15,555.83,559.20,553.42,554.54,555.51,550.85,542.66,548.60,544.43,537.36,530.78,531.26,525.16,532.54,534.47,528.69,511.99,512.47,512.15,518.57,513.91,505.50,504.21,501.84,497.34,495.54,495.35,490.47,489.89,485.20,483.33,481.41,478.90,474.66,472.80,470.23,464.64,466.89,460.79,456.61,454.36,452.12,447.75,448.32,446.78,437.73,
751.00,591.85,589.10,583.73,581.89,580.77,581.95,571.90,570.55,576.68,567.22,564.69,568.40,559.85,563.72,557.00,558.72,557.75,555.44,549.85,548.72,541.52,547.42,544.42,541.83,532.75,524.41,525.54,527.37,534.90,525.75,515.32,512.04,514.79,511.73,507.20,503.66,503.14,498.56,498.60,495.74,495.16,489.18,489.12,483.85,482.42,481.76,477.30,475.24,470.06,471.05,465.09,467.58,460.29,457.73,455.08,451.84,446.18,447.73,444.27,439.57,
752.00,587.49,584.95,576.79,583.81,578.90,577.76,570.41,568.63,575.44,577.59,569.81,567.49,561.44,568.04,553.24,554.04,553.83,558.15,548.80,546.86,539.29,547.45,540.81,539.03,533.08,529.19,525.30,527.58,526.01,521.36,518.07,514.01,513.37,507.20,509.74,504.40,499.79,497.00,500.26,496.22,493.65,489.22,488.05,482.30,482.06,479.34,476.08,475.60,470.07,471.87,463.53,464.63,460.28,459.96,456.78,450.41,446.11,448.14,444.50,440.83,
753.00,585.06,586.51,576.11,580.18,574.82,570.26,566.35,568.47,569.46,573.20,567.97,569.92,560.99,566.35,554.79,556.41,548.95,551.55,554.14,547.79,541.95,542.76,537.74,534.48,529.91,531.22,526.98,521.79,526.17,521.29,511.87,513.49,512.20,506.99,510.89,503.89,499.79,498.62,497.07,494.59,491.59,487.11,487.30,483.65,479.96,479.49,474.87,474.68,471.55,470.65,461.67,462.19,460.04,459.00,455.62,451.64,447.03,445.02,443.32,438.18,
754.00,581.97,579.91,578.98,579.14,579.03,575.22,562.45,564.26,570.38,569.30,559.77,573.01,564.51,568.22,559.52,557.46,552.62,550.77,554.58,545.47,541.76,540.21,527.19,534.14,528.27,526.51,527.29,517.50,529.09,517.45,511.69,509.63,510.30,503.56,505.77,499.70,499.15,496.04,495.81,494.24,491.83,485.55,484.81,483.16,478.20,478.80,474.26,475.81,469.84,469.10,462.46,461.25,456.99,458.53,455.05,453.46,442.53,442.18,441.37,438.02,
755.00,578.51,574.15,573.79,576.55,576.63,571.11,560.16,557.93,568.88,573.25,563.81,561.58,561.75,562.20,553.47,547.41,546.61,550.80,549.11,535.65,533.60,537.79,522.37,532.35,525.94,529.94,521.93,517.47,520.41,509.36,512.39,507.67,505.97,499.21,503.48,497.85,495.53,491.22,494.03,494.14,488.65,483.77,481.88,479.85,477.92,473.47,471.22,474.36,467.87,465.52,458.60,456.78,452.90,456.61,452.68,448.30,440.42,438.18,438.47,438.96,
756.00,568.89,567.43,563.49,560.57,561.53,552.69,549.75,548.28,551.74,553.21,546.82,546.82,546.34,542.90,541.89,536.00,526.69,534.04,536.01,523.22,522.75,525.21,507.56,519.81,517.85,513.94,510.50,505.11,508.53,503.12,499.70,493.79,495.77,492.31,488.41,486.93,485.15,482.60,480.45,481.63,475.93,472.59,469.65,468.47,465.92,462.58,458.65,461.99,457.87,452.76,444.72,445.50,441.96,444.32,443.53,437.45,429.80,427.04,429.98,426.26,
757.00,540.22,536.41,539.23,527.56,533.06,524.93,518.44,519.19,522.81,519.03,512.00,521.43,518.60,515.96,515.38,513.69,501.34,507.52,506.53,496.71,499.65,497.96,479.17,491.64,484.05,483.07,484.48,473.55,484.48,478.31,471.71,469.35,468.09,470.33,465.97,458.89,461.26,458.34,454.91,455.47,452.06,447.05,444.19,442.72,439.97,438.97,434.19,438.70,430.99,427.57,422.57,422.00,417.07,415.78,418.24,415.10,404.99,402.19,403.92,403.09,
758.00,496.73,490.89,497.60,486.79,491.82,487.88,481.00,480.01,484.82,484.65,477.01,476.31,474.23,474.11,475.15,469.37,467.12,472.03,464.34,454.50,456.47,457.56,451.27,459.14,443.68,451.33,446.58,440.51,445.59,437.90,437.56,432.75,430.50,429.92,427.89,423.51,425.73,421.19,420.32,422.24,418.33,413.17,408.93,407.71,407.59,405.28,401.06,406.15,397.43,393.91,388.78,389.13,383.69,384.66,382.09,379.84,372.23,369.96,370.75,373.44,
759.00,453.61,455.58,457.22,448.19,448.52,442.78,442.78,438.02,440.48,440.64,435.72,428.17,432.60,431.45,428.33,425.87,421.94,425.54,420.29,414.71,412.25,418.00,413.73,418.32,413.24,408.97,411.60,400.44,405.03,402.41,402.90,396.00,391.90,391.90,387.64,385.40,386.13,383.43,381.60,380.41,376.74,375.88,371.09,369.52,368.20,367.15,363.35,366.10,359.87,356.85,350.09,353.30,348.51,347.39,347.46,342.08,338.27,335.32,336.37,339.26,
760.00,408.01,412.77,413.32,400.72,404.07,401.11,397.55,401.45,400.29,394.37,389.06,389.44,393.39,392.57,385.12,385.72,379.97,383.74,379.75,373.07,372.68,378.00,373.02,371.91,368.40,368.52,373.33,360.85,363.25,361.07,357.72,357.51,349.79,353.73,353.73,345.05,345.49,345.10,341.48,339.51,337.91,336.44,332.02,332.56,328.16,329.87,325.86,326.65,319.92,319.31,314.56,314.34,312.12,309.05,309.62,305.83,302.74,301.01,299.52,302.44,
761.00,370.09,374.27,375.26,368.19,366.37,367.13,362.95,370.02,367.96,362.19,358.62,357.25,354.89,356.26,353.30,348.89,350.79,345.77,348.13,337.41,336.65,344.56,349.42,336.73,333.92,340.07,337.26,329.05,328.83,324.42,326.32,324.65,320.01,321.23,324.04,312.70,314.22,312.85,309.08,308.29,307.02,304.49,299.84,303.09,298.35,299.14,296.44,295.25,290.45,288.23,285.46,286.04,282.85,279.17,275.65,275.25,272.76,270.90,267.96,271.39,
762.00,354.09,361.54,360.03,358.73,352.47,355.08,350.81,351.95,352.63,346.01,343.88,336.91,339.60,341.90,337.58,331.32,336.59,329.97,329.82,318.93,317.62,333.50,333.14,326.89,329.70,325.06,323.76,315.64,317.14,311.72,315.16,307.56,306.73,303.24,303.28,297.33,297.31,295.22,294.17,292.97,289.45,288.68,285.05,289.61,284.13,284.78,282.21,278.44,274.82,273.96,270.93,273.31,268.75,265.77,262.22,260.24,259.39,257.47,253.30,256.99,
763.00,353.90,361.65,358.87,357.74,352.10,348.73,348.86,352.04,349.86,345.15,341.78,338.13,339.19,342.17,335.88,332.03,332.96,333.70,329.25,321.23,320.24,337.80,326.33,320.91,327.54,325.14,318.86,318.19,312.16,306.13,312.89,306.20,305.53,306.39,309.18,296.95,294.35,295.12,293.80,291.09,288.31,286.25,284.31,287.09,281.58,282.40,279.51,276.41,270.87,273.23,269.63,270.00,268.44,263.61,262.79,260.06,259.72,257.52,252.46,254.26,
764.00,362.35,368.76,363.51,365.09,358.52,352.94,357.06,362.44,355.07,350.36,348.20,351.65,347.66,346.37,346.95,342.62,339.96,334.80,344.50,335.38,331.09,342.79,335.80,325.52,331.80,336.80,323.68,325.81,324.85,315.40,316.98,313.95,317.69,315.94,316.24,302.42,302.62,302.32,298.32,298.84,295.92,292.56,291.99,294.73,291.36,291.03,287.13,283.49,279.61,279.66,276.93,278.48,274.86,269.44,268.14,268.42,265.91,261.61,259.50,258.31,
765.00,381.15,384.17,384.62,387.67,383.69,377.65,373.04,368.01,368.09,369.09,363.58,368.98,368.64,367.57,362.95,355.99,361.98,353.49,357.44,353.91,345.38,360.08,344.89,340.46,349.96,349.51,340.53,339.87,343.96,331.41,336.89,326.32,333.77,326.77,322.82,316.00,318.34,315.96,313.81,312.97,311.94,307.34,306.93,307.92,306.32,306.07,301.30,299.06,296.03,294.66,291.85,294.87,288.62,284.40,284.03,282.62,278.79,274.80,274.17,273.59,
766.00,404.77,406.04,405.03,405.55,405.03,399.95,394.41,391.63,387.36,396.69,389.87,390.36,393.91,390.91,381.55,374.71,380.02,380.77,381.76,378.98,367.35,380.77,362.58,362.08,372.92,373.18,361.05,361.83,357.55,348.43,357.78,346.90,353.48,347.13,346.64,338.86,337.06,336.45,338.06,333.81,332.10,327.96,327.46,326.65,325.63,322.50,320.27,318.05,315.63,315.12,311.18,310.78,307.84,306.84,304.51,300.56,298.55,294.70,295.90,293.30,
767.00,429.93,430.85,426.91,428.79,426.94,421.73,416.68,419.73,408.72,414.85,414.55,418.68,415.81,409.62,407.37,404.29,399.36,397.38,408.48,408.36,395.35,401.42,385.27,384.16,391.25,396.34,384.10,380.16,382.04,375.94,376.06,368.91,380.07,377.97,370.94,362.17,361.73,360.56,359.77,355.71,356.04,351.18,349.55,347.94,347.96,344.67,342.18,339.39,340.21,337.76,331.70,330.49,329.22,328.84,325.60,322.73,320.31,312.98,319.03,312.56,
768.00,451.74,452.96,454.40,451.74,454.20,453.37,439.88,438.04,436.18,437.84,433.94,442.34,444.58,435.38,433.13,429.86,429.24,423.31,430.68,430.89,419.43,424.94,410.22,409.40,415.33,414.71,410.22,396.72,405.72,399.99,399.99,394.07,402.26,395.51,387.11,382.16,384.79,380.36,382.00,377.25,380.94,373.74,370.47,367.85,369.73,366.38,364.00,360.24,362.04,358.93,355.82,351.98,349.69,348.14,345.93,344.62,338.24,334.14,338.32,332.83,
769.00,470.95,474.32,473.31,474.19,472.29,475.81,458.15,460.36,458.17,463.91,463.16,455.68,463.91,457.89,450.69,445.68,450.39,450.39,447.89,443.34,435.25,442.31,432.03,434.96,436.71,437.17,429.82,419.10,418.81,419.69,426.58,413.21,421.15,415.12,406.61,402.96,403.09,399.09,403.09,398.68,401.21,395.09,390.21,385.57,388.74,382.28,382.46,379.17,380.94,378.70,373.30,368.30,368.41,367.54,362.30,359.90,357.08,351.85,355.84,352.02,
770.00,491.46,495.96,490.42,489.07,488.71,488.35,482.46,485.61,478.40,476.01,480.07,473.51,477.73,473.55,471.04,468.61,460.77,466.22,465.59,458.30,456.59,453.85,450.78,459.38,454.56,448.39,449.07,434.94,434.22,444.17,442.86,432.11,440.08,435.58,425.95,420.63,419.91,417.16,414.45,413.45,415.37,412.06,407.22,401.86,404.07,399.49,398.39,394.52,394.97,394.26,389.03,383.93,384.33,380.61,380.06,375.37,374.25,366.67,372.04,367.09,
771.00,507.41,507.22,504.65,505.94,505.94,502.94,493.56,498.15,498.15,486.82,491.11,493.74,496.32,489.45,488.78,490.86,482.41,483.45,481.37,473.40,475.73,469.24,465.74,471.44,465.19,460.11,465.32,449.20,454.53,461.15,454.66,450.37,451.41,447.61,439.28,432.78,432.83,430.19,425.43,426.22,430.72,427.64,422.27,416.44,417.37,414.82,413.20,412.86,406.71,407.74,405.14,398.99,398.57,389.82,394.04,389.55,388.62,379.92,382.15,380.29,
772.00,522.64,516.46,513.55,518.56,517.75,515.07,507.38,509.83,512.74,504.47,508.78,500.16,504.12,500.97,498.18,492.24,498.29,498.41,491.19,480.47,481.64,478.38,483.27,486.65,476.98,475.70,477.21,467.89,462.65,469.06,469.29,460.32,459.51,452.52,451.82,445.04,443.55,440.10,436.33,440.10,442.11,439.26,432.97,429.39,430.08,425.38,424.35,424.54,418.58,418.34,414.43,411.31,408.23,403.39,403.62,399.38,399.24,390.30,389.97,389.60,
773.00,534.50,530.28,521.13,529.21,527.12,520.77,525.37,521.51,520.41,509.16,516.91,508.13,511.30,506.72,506.04,501.82,502.83,505.01,500.03,487.05,491.25,487.73,489.46,497.58,492.64,478.93,490.53,479.65,472.58,484.59,477.88,467.35,466.27,462.77,459.60,455.04,450.67,449.27,444.33,447.99,444.34,446.59,440.83,439.57,436.60,431.12,432.10,430.70,425.50,425.92,420.57,419.71,415.23,412.15,413.83,407.06,406.93,397.65,398.49,396.93,
774.00,542.26,537.87,528.62,530.90,536.65,526.80,528.63,527.71,529.68,513.91,518.15,521.94,521.19,513.91,510.58,511.03,508.91,513.46,506.48,499.05,504.21,498.15,497.23,496.94,491.94,489.35,492.09,489.50,480.86,492.24,479.51,476.93,467.53,469.80,474.50,461.16,456.91,456.43,451.82,454.06,451.09,451.40,446.61,447.33,443.21,438.18,439.45,437.39,431.32,432.23,427.99,424.77,421.14,418.22,419.99,413.50,413.74,405.49,404.52,400.34,
775.00,544.51,541.31,530.84,535.97,536.61,529.35,531.70,531.91,532.98,522.30,523.58,529.35,520.81,514.40,515.04,512.05,519.53,511.20,512.27,503.51,506.93,502.66,505.65,497.96,492.41,499.24,493.48,497.53,487.28,489.85,483.87,480.66,470.84,473.19,478.53,465.16,462.17,460.04,458.33,458.33,456.19,454.66,449.02,452.01,449.02,442.10,443.72,443.30,438.60,436.38,432.36,430.40,424.50,422.97,422.03,418.27,416.56,409.39,406.91,401.96,
776.00,545.73,552.24,537.14,543.49,541.34,536.03,543.58,529.78,531.70,527.53,528.51,526.49,523.27,517.86,513.60,511.45,517.83,513.69,510.37,507.15,507.09,508.13,503.77,504.97,502.76,499.53,496.21,499.66,491.82,493.02,489.93,479.18,471.66,475.86,479.12,468.45,465.85,462.41,465.00,462.76,455.99,455.08,450.82,452.51,451.21,444.32,446.03,441.34,441.80,437.03,434.05,432.21,426.35,426.82,425.48,421.08,417.27,412.99,412.17,406.11,
777.00,544.59,553.99,537.31,540.50,537.87,535.10,539.14,533.83,531.05,529.22,523.49,531.90,528.37,519.77,512.96,514.60,518.36,521.84,514.09,508.96,509.76,512.11,501.40,500.78,498.29,504.07,490.77,502.15,484.33,489.69,488.04,484.85,470.84,478.13,486.49,470.59,465.85,464.67,465.94,461.73,457.75,455.45,453.08,452.43,451.01,444.45,446.37,442.82,441.86,437.72,435.67,430.26,429.09,429.51,427.57,421.52,419.92,416.08,417.40,409.05,
778.00,546.85,547.94,538.10,545.18,535.94,535.38,539.77,534.91,528.33,531.03,524.55,533.24,525.07,516.38,519.06,517.48,521.80,514.22,521.84,513.68,512.03,513.13,504.41,497.88,494.06,506.05,490.78,495.72,490.75,487.01,484.80,483.75,476.08,479.95,484.84,470.80,468.59,464.92,465.33,461.43,461.21,455.98,454.24,453.38,451.62,448.78,448.37,442.71,443.58,437.06,437.46,432.24,428.79,427.92,427.25,423.76,422.24,416.16,416.39,409.18,
779.00,548.10,547.01,542.02,551.58,541.23,544.52,546.41,527.70,528.08,534.66,525.10,530.69,527.18,520.41,521.62,519.01,522.72,518.22,519.13,509.38,507.98,512.93,500.50,504.47,499.29,503.37,495.10,495.52,494.91,487.43,486.45,481.57,476.70,476.21,475.49,471.47,468.01,464.58,465.85,462.22,460.68,457.33,455.06,452.24,450.56,450.04,449.20,440.40,443.23,434.46,439.68,433.78,428.09,428.40,426.89,424.58,420.40,416.96,414.94,410.71,
780.00,548.51,544.19,541.93,547.50,541.98,540.78,543.04,528.74,528.50,539.68,525.43,525.38,534.06,524.37,517.80,518.76,516.50,524.23,519.86,507.72,504.46,509.93,499.95,504.51,499.90,503.41,490.12,496.74,486.85,487.81,491.07,484.50,476.92,476.63,478.84,474.08,467.09,464.45,467.98,465.25,460.49,458.69,453.89,450.78,450.28,447.71,448.94,439.73,441.13,435.66,438.44,430.92,429.52,430.92,425.64,423.35,419.94,417.21,417.52,411.00,
781.00,549.04,540.56,543.84,549.19,538.07,532.51,540.14,534.64,527.01,535.21,524.36,529.44,531.39,520.54,523.19,524.99,514.08,516.85,522.83,509.00,509.21,505.87,501.00,501.00,496.56,502.75,495.38,493.70,490.66,493.85,488.08,483.21,481.61,481.40,477.65,472.37,468.24,467.62,463.01,464.21,459.89,457.84,453.58,452.66,451.25,448.55,449.02,439.76,442.54,436.73,438.49,431.45,429.36,428.86,426.05,422.75,423.30,417.16,415.59,408.34,
782.00,548.90,539.75,549.55,547.48,545.36,541.05,539.63,527.11,528.18,538.63,526.58,529.70,537.03,527.58,526.63,526.63,517.96,513.94,517.83,507.26,508.38,505.26,501.60,501.12,498.23,501.42,497.11,491.97,494.57,493.27,487.18,482.05,483.05,476.14,469.70,471.11,468.44,467.59,463.60,466.81,460.17,458.35,452.40,453.49,452.83,450.48,449.75,441.37,443.87,437.45,439.83,433.48,429.51,425.14,425.09,424.24,419.63,418.26,411.74,408.65,
783.00,547.74,544.74,545.52,536.85,541.34,537.94,535.64,533.37,529.63,543.25,533.37,523.22,534.19,528.18,521.38,524.31,515.65,517.56,513.38,504.67,502.06,500.96,505.10,505.10,502.02,505.10,493.39,496.43,486.63,490.38,492.61,478.28,482.41,478.63,473.36,473.20,470.06,467.19,465.69,469.59,457.99,459.03,451.03,452.83,454.36,448.02,448.61,442.12,443.49,440.59,437.02,431.42,430.79,427.18,423.86,420.84,418.44,417.06,411.89,409.80,
784.00,547.73,549.38,546.59,531.61,533.39,531.48,532.63,540.37,528.44,534.66,529.20,523.49,527.80,520.57,524.88,525.39,512.95,511.81,512.19,510.03,504.06,499.24,506.60,504.06,506.22,498.61,498.10,493.02,484.77,495.81,487.56,475.63,487.06,484.01,471.32,472.36,469.61,468.04,463.37,466.52,453.21,457.23,450.73,454.28,454.38,447.53,447.93,442.15,443.97,443.47,434.48,429.96,431.13,425.14,427.67,418.89,418.89,414.32,411.07,410.51,
785.00,544.26,545.97,547.43,529.28,536.76,538.05,530.71,536.47,530.41,529.84,519.76,528.13,530.43,525.09,526.25,526.83,518.18,511.41,510.99,512.28,508.54,501.61,509.25,496.43,501.91,501.46,501.04,492.69,489.52,490.67,480.16,474.54,485.07,482.18,473.67,466.57,468.64,467.95,462.76,464.03,455.45,457.06,451.87,456.37,452.85,449.17,446.92,442.31,444.85,443.17,438.74,427.51,428.43,420.77,424.81,419.84,419.39,413.33,408.26,410.45,
786.00,538.33,546.14,538.99,525.12,537.49,539.82,527.20,537.25,529.85,537.91,525.12,521.71,522.71,524.62,520.80,517.81,517.73,514.41,509.67,510.09,505.02,500.37,513.49,499.95,501.70,504.10,499.20,495.72,491.06,487.58,485.33,474.78,483.34,481.10,473.20,466.41,466.98,464.45,465.88,463.35,454.22,457.51,451.16,454.55,453.45,445.21,444.78,443.52,444.45,442.26,434.95,428.04,428.00,419.86,422.12,419.63,416.21,411.59,407.94,410.89,
787.00,538.12,548.69,538.82,527.07,533.68,534.81,530.12,543.03,527.37,532.29,516.54,520.24,519.81,518.85,520.46,520.46,511.59,515.76,507.11,510.11,505.45,501.71,509.02,500.06,503.37,495.62,503.84,491.62,492.58,489.27,490.19,475.62,483.40,482.45,471.66,464.23,465.17,462.44,465.27,458.98,451.25,456.33,450.42,453.04,449.86,443.54,441.21,441.20,441.58,439.52,433.59,426.28,425.69,420.25,422.13,417.45,415.46,409.83,409.06,413.11,
788.00,537.19,538.41,542.51,530.47,539.15,538.58,521.39,539.36,525.72,529.45,508.49,526.50,521.55,521.31,522.53,517.21,513.45,516.80,509.27,513.04,508.90,503.95,503.34,492.28,491.13,495.43,499.24,491.67,494.45,485.57,481.02,478.04,477.83,481.60,475.05,459.44,461.09,462.04,463.30,455.55,451.74,454.05,449.61,451.59,447.71,444.39,439.80,440.98,438.36,433.79,432.68,424.05,424.36,418.66,419.30,415.98,415.03,407.76,409.81,409.82,
789.00,534.58,528.42,538.93,534.28,537.58,541.48,521.52,536.53,529.40,535.40,512.81,522.04,515.96,518.28,518.28,510.18,512.43,511.53,509.95,504.40,505.15,503.05,504.85,489.76,486.31,496.59,493.06,489.76,496.97,477.68,482.56,477.60,475.35,474.23,471.37,457.33,460.06,458.01,462.88,453.24,453.30,452.73,446.13,448.95,447.54,442.64,437.93,439.79,435.86,430.06,430.09,426.46,423.13,417.90,415.38,417.63,413.19,407.15,408.66,409.11,
790.00,539.86,534.40,540.71,538.77,536.83,538.04,528.57,530.64,525.90,532.21,516.92,517.65,512.06,511.21,513.15,509.03,505.63,507.81,501.50,500.16,495.07,505.51,492.27,491.79,489.72,488.63,490.82,486.81,491.30,479.41,483.29,475.52,471.88,470.30,465.08,457.29,456.41,453.79,462.87,451.60,449.56,449.90,444.42,446.36,444.61,438.88,436.50,435.87,430.04,424.36,424.36,426.89,423.97,419.51,415.62,414.07,409.94,405.76,407.51,409.75,
791.00,540.10,525.13,540.67,535.77,534.63,536.33,524.65,525.40,528.42,530.96,509.47,518.71,511.92,510.31,510.04,508.16,503.35,509.39,502.30,501.56,493.64,503.74,490.05,486.77,485.84,484.32,476.88,490.62,480.64,475.83,474.43,474.61,466.69,472.16,472.16,456.73,454.16,454.91,459.93,449.00,449.00,447.95,441.84,444.52,441.84,438.71,435.17,433.09,425.06,424.27,421.75,423.00,423.75,420.06,415.26,410.97,409.91,402.84,407.05,404.65,
792.00,536.16,519.83,537.79,538.46,533.41,531.22,519.71,519.32,529.43,530.38,512.70,517.92,505.97,505.57,507.09,503.94,506.64,499.00,508.04,502.71,489.80,497.77,486.77,483.35,483.35,484.30,473.19,486.77,486.32,476.33,469.48,472.23,466.45,468.13,468.81,453.64,455.49,455.06,454.95,448.30,448.03,445.07,439.64,443.59,440.62,436.29,433.93,431.73,424.98,423.99,419.32,424.69,420.22,416.76,414.99,410.92,409.67,401.76,402.77,399.90,
793.00,533.46,528.49,538.41,542.13,535.89,530.90,528.43,507.35,529.66,529.73,517.27,512.28,507.36,506.13,501.12,503.59,507.30,501.18,501.11,497.41,488.63,496.11,481.18,487.48,483.70,481.21,476.19,484.98,484.89,476.20,472.53,473.74,460.07,462.54,460.08,452.14,453.12,452.12,454.10,451.63,444.66,442.67,437.70,440.67,438.18,432.22,432.72,429.23,424.78,422.78,417.29,423.24,419.28,415.34,412.82,411.30,407.36,403.36,400.86,400.87,
794.00,531.73,524.85,537.67,536.11,533.28,521.41,518.91,508.88,526.41,527.35,514.53,512.01,507.95,510.13,496.38,502.01,500.76,505.46,501.06,500.13,486.67,487.94,476.97,489.81,485.75,478.24,471.98,486.06,477.29,470.42,476.05,472.92,454.46,465.72,469.17,455.28,453.15,451.15,450.40,453.90,442.77,440.89,436.01,439.14,435.26,430.63,430.64,428.13,425.12,424.00,414.74,416.75,417.25,415.87,410.61,407.24,406.36,400.48,399.48,395.61,
795.00,526.58,519.58,535.93,532.77,528.35,518.29,518.97,514.00,526.52,519.03,513.32,512.68,510.74,509.55,500.71,505.81,500.71,498.90,501.42,506.42,496.29,485.06,479.96,488.19,481.90,478.03,477.41,478.81,486.80,475.54,472.42,473.71,454.83,466.23,466.19,453.27,455.71,452.45,446.17,452.44,440.12,439.87,435.56,439.37,435.85,432.54,429.79,428.04,427.52,424.50,415.68,416.18,413.95,414.98,411.94,409.12,406.14,400.59,398.13,391.04,
796.00,525.27,525.84,535.18,533.22,532.52,522.17,526.19,508.60,524.01,514.58,517.90,509.99,514.93,516.07,502.62,506.64,504.45,501.23,494.11,498.60,496.29,488.09,480.06,491.32,482.59,485.91,483.73,475.91,489.83,473.73,471.54,473.73,453.60,459.93,459.11,451.47,454.61,448.76,446.27,453.77,442.04,439.09,436.70,438.22,435.04,432.70,432.69,427.86,430.17,421.79,417.83,416.95,412.17,413.18,407.30,410.97,403.84,402.22,394.68,391.59,
797.00,522.74,527.69,526.56,524.01,526.51,521.33,526.28,517.38,520.06,518.79,518.88,506.08,513.75,517.70,501.08,504.76,496.00,503.49,489.69,497.18,493.36,486.91,480.79,493.41,485.46,487.05,481.92,478.24,485.83,470.52,481.69,469.20,452.68,460.17,462.71,454.57,455.21,447.02,447.58,453.72,442.48,437.96,435.38,434.40,434.38,431.76,432.29,428.71,426.88,423.11,414.60,412.62,411.94,415.52,403.90,407.40,402.90,399.27,394.63,391.09,
798.00,522.88,527.23,527.74,518.55,519.85,515.76,521.10,524.91,517.53,508.08,513.68,509.61,511.41,514.20,503.23,508.60,492.00,494.27,490.96,499.90,495.33,488.93,482.03,488.65,485.86,484.34,488.69,474.63,485.62,481.53,478.46,464.67,458.55,465.95,461.62,452.81,455.27,448.74,444.86,445.98,442.40,437.91,437.71,434.75,433.83,434.04,431.38,428.83,427.18,422.70,417.39,411.16,411.26,415.23,407.89,403.71,404.93,400.84,392.57,390.33,
799.00,522.31,529.86,527.87,516.05,525.02,524.02,520.04,521.32,521.03,510.20,510.63,511.63,515.62,516.05,508.50,506.65,498.67,491.69,490.55,495.26,498.39,493.82,485.85,481.14,478.87,489.40,488.41,475.74,484.14,477.59,474.46,461.49,461.93,461.78,458.93,447.42,453.23,448.73,445.65,445.54,444.29,437.74,440.24,433.24,434.09,434.03,432.60,432.04,425.49,422.29,419.33,411.53,411.01,411.64,405.55,404.35,403.95,401.50,391.41,390.16,
800.00,522.23,528.13,522.58,512.75,521.22,523.39,516.27,524.34,515.32,516.61,513.16,508.01,507.13,510.04,502.79,499.47,496.42,491.75,491.81,488.29,489.92,491.75,488.23,485.78,482.87,487.28,482.26,480.57,474.54,469.80,479.28,453.06,466.88,459.56,459.09,450.09,454.83,445.89,445.73,446.57,443.64,437.65,439.88,430.12,433.70,430.09,432.02,431.80,422.83,422.56,417.06,411.39,410.36,409.52,405.43,399.50,402.80,398.33,390.33,392.91,
801.00,522.38,528.84,528.74,514.52,516.30,518.50,517.01,526.45,513.72,508.74,504.57,510.45,508.25,503.28,507.66,501.40,489.96,489.86,494.03,488.47,487.47,496.32,485.08,481.30,486.08,477.42,485.08,478.42,464.99,473.35,478.32,453.76,471.86,461.32,456.64,449.01,452.66,447.30,445.43,441.88,441.17,437.55,442.09,431.27,432.54,430.27,429.32,428.80,419.85,421.60,416.39,408.83,410.50,408.99,409.51,394.83,401.51,400.24,391.93,396.14,
802.00,526.13,522.88,535.01,515.52,522.67,519.63,511.41,517.69,516.38,507.52,500.37,517.26,507.74,507.52,509.90,499.51,496.04,491.28,496.04,488.04,489.12,496.47,492.15,478.29,475.70,479.81,482.63,479.60,462.28,470.94,466.83,459.90,475.49,464.45,463.58,447.05,451.03,450.08,448.09,443.58,443.15,438.30,442.89,434.75,432.76,430.34,429.90,429.47,420.12,419.60,417.62,410.16,411.90,406.27,409.74,396.32,401.60,399.26,393.98,394.07,
803.00,531.24,520.28,532.01,518.49,521.58,521.05,513.04,517.96,515.84,516.90,507.54,510.92,499.67,504.35,503.82,491.61,496.82,498.17,494.99,482.24,485.33,494.74,492.38,486.44,478.38,480.89,479.10,475.97,468.68,467.90,469.74,460.08,478.33,460.86,459.51,447.95,452.62,447.72,448.14,445.75,443.97,438.66,443.24,435.84,436.15,429.26,428.12,428.53,421.03,420.20,416.53,415.20,411.86,404.16,408.00,400.49,399.12,396.10,394.77,393.61,
804.00,532.15,521.76,533.92,522.54,521.30,514.77,519.47,518.23,510.52,513.92,509.08,510.77,502.08,505.08,501.16,495.47,493.85,505.01,492.01,481.09,479.85,500.38,488.23,499.01,480.38,479.46,485.15,475.01,465.61,474.23,470.24,464.62,475.47,460.24,455.47,449.26,449.99,448.55,450.49,446.51,442.64,439.66,441.62,436.34,435.01,429.54,426.98,424.86,421.35,420.83,418.37,415.50,413.33,408.07,408.49,401.69,399.57,397.14,396.98,398.89,
805.00,539.32,518.75,535.38,522.97,526.05,514.53,509.99,517.89,514.53,515.41,502.72,518.18,503.00,511.19,498.78,495.13,494.70,509.28,493.39,484.06,487.71,501.83,490.34,496.30,474.71,479.98,482.01,477.50,464.24,473.85,467.43,473.56,471.08,466.86,463.07,448.42,447.72,450.82,450.93,446.62,443.99,438.86,440.96,437.23,434.14,431.04,427.43,426.56,422.19,423.06,418.50,417.22,415.82,409.99,408.30,405.62,402.36,398.09,399.61,395.64,
806.00,542.31,518.78,534.58,522.91,524.05,516.67,509.30,517.46,517.28,521.06,509.91,517.64,497.70,505.43,497.35,495.25,501.66,502.18,493.22,489.19,492.44,498.84,487.17,499.99,475.31,482.33,483.04,468.37,477.95,471.18,471.18,472.50,468.55,461.00,457.31,447.69,450.32,450.64,447.09,447.69,443.93,438.80,437.61,437.54,435.04,430.83,427.28,427.07,424.22,423.98,422.93,420.82,415.62,409.44,406.98,409.37,403.75,395.07,398.62,393.28,
807.00,537.04,524.81,533.57,527.28,528.28,518.84,519.19,517.04,513.55,517.37,511.90,514.90,499.17,502.81,496.69,501.49,496.84,503.81,487.76,486.11,489.40,500.81,485.93,502.31,477.99,480.32,481.61,469.41,476.50,473.53,474.20,472.20,461.47,457.32,452.85,449.02,446.64,448.36,447.57,448.23,441.54,439.43,436.25,435.59,433.54,430.56,428.44,423.88,420.90,421.56,424.08,419.38,415.28,412.77,404.90,410.25,402.78,396.16,396.42,394.24,
808.00,533.09,523.14,529.93,520.16,527.78,514.16,512.19,516.64,516.82,514.99,507.51,522.78,499.03,502.01,496.37,502.01,494.22,499.40,484.73,490.05,491.38,498.21,488.22,494.40,484.09,478.77,475.10,470.61,471.94,470.11,474.28,472.95,460.12,465.62,462.96,450.48,445.88,449.60,445.76,445.43,441.44,438.85,432.80,436.12,432.07,433.11,429.08,424.55,420.22,419.30,421.03,415.91,414.52,413.25,406.86,408.06,402.34,395.63,395.25,393.32,
809.00,530.99,519.96,528.76,518.45,523.96,514.63,510.01,516.68,514.99,510.81,508.14,521.84,496.93,494.01,499.96,502.01,496.93,485.21,482.98,493.83,498.44,492.86,480.31,482.37,479.70,480.92,474.98,464.67,481.72,472.49,469.46,465.82,458.97,462.18,460.49,446.85,448.37,447.49,442.33,440.80,437.89,436.07,431.12,435.46,431.66,431.58,427.07,422.20,419.85,414.41,419.78,413.45,410.53,408.83,407.19,405.44,401.32,394.00,393.92,388.91,
810.00,521.04,527.88,523.86,516.74,526.10,520.61,514.65,506.92,508.72,508.26,513.31,513.92,502.62,497.56,497.41,502.03,496.54,488.49,479.89,483.90,491.33,488.37,482.56,477.21,476.77,481.37,473.66,466.81,477.82,465.64,461.75,456.42,451.95,451.81,453.14,442.74,444.41,442.87,441.85,441.67,435.02,435.14,428.13,432.40,429.73,427.89,424.80,419.68,417.55,409.94,417.79,409.88,406.49,405.36,403.10,403.35,396.15,393.24,391.52,386.35,
811.00,520.94,520.38,513.38,507.46,515.58,515.02,507.85,504.47,505.25,509.83,507.46,507.54,498.63,493.27,490.11,494.05,485.53,487.74,478.53,482.85,481.60,478.92,474.98,471.26,481.60,471.26,464.26,465.12,465.51,458.03,465.51,446.27,451.80,456.13,453.92,442.11,443.06,435.87,438.86,436.34,430.47,431.04,425.33,427.63,425.11,421.20,418.64,415.27,413.04,406.19,407.80,402.97,402.06,401.87,401.05,396.54,390.14,387.23,387.04,383.17,
812.00,521.62,512.75,511.14,502.81,503.08,508.18,500.13,497.72,500.93,495.03,497.71,502.01,496.10,481.06,493.68,493.41,477.57,480.79,473.00,483.48,477.03,475.42,464.94,457.43,474.08,465.48,465.75,456.35,460.11,459.30,455.00,439.69,447.22,449.37,448.02,433.30,440.50,432.44,430.08,428.25,422.88,423.42,420.52,421.70,418.37,416.76,412.24,407.84,407.52,400.96,403.11,395.38,395.48,393.23,398.60,389.90,385.71,383.34,384.63,379.37,
813.00,517.14,512.27,498.82,496.74,499.43,506.58,495.61,480.08,492.71,485.05,492.71,489.71,490.85,484.42,484.33,485.46,474.28,477.70,467.56,469.73,473.15,468.48,459.90,448.09,455.86,465.17,457.93,450.27,450.06,446.23,440.85,432.36,437.65,434.54,436.61,423.56,432.14,422.74,423.48,422.24,418.01,416.03,415.32,412.88,409.57,408.37,405.84,402.20,400.05,393.50,398.35,390.31,388.49,383.07,386.63,383.11,377.07,375.58,378.64,370.56,
814.00,509.61,504.09,484.71,485.44,490.96,490.34,487.77,473.78,481.39,480.29,482.49,476.11,475.01,474.89,470.47,478.44,463.35,470.22,461.02,461.02,460.77,454.89,450.34,445.31,458.81,450.71,447.16,447.77,439.92,436.36,441.02,423.47,436.97,430.10,428.99,419.18,425.56,413.38,415.40,416.38,409.46,407.79,405.73,405.19,400.33,399.20,395.86,395.07,391.10,386.29,385.65,384.77,380.79,377.40,377.95,375.98,366.31,368.03,368.96,363.76,
815.00,499.59,493.74,482.42,478.39,477.47,477.91,475.17,466.08,468.87,460.67,464.29,474.30,468.87,463.85,465.67,474.73,451.65,458.86,452.09,457.50,451.68,450.76,438.97,439.85,450.27,445.76,447.12,442.15,428.55,439.00,431.70,425.42,427.63,424.04,423.16,411.43,417.59,409.28,405.65,405.84,403.12,399.32,399.69,398.41,392.98,393.91,389.19,384.29,383.93,380.86,379.24,375.79,374.51,371.07,372.70,366.39,360.22,363.49,361.51,358.60,
816.00,487.42,486.28,475.41,472.34,478.06,475.55,466.29,450.74,462.98,453.39,457.74,469.36,461.47,464.12,458.16,467.43,452.02,450.18,449.85,450.65,455.56,444.36,435.10,431.46,436.38,446.54,438.08,437.84,423.24,429.62,417.76,423.24,414.87,416.95,421.87,403.73,406.87,406.15,398.61,400.57,397.70,393.22,392.81,390.71,386.96,390.06,384.51,381.90,378.33,376.42,375.91,371.39,368.65,363.85,364.75,362.84,355.53,356.49,357.46,347.95,
817.00,483.09,483.09,470.59,465.03,473.60,472.21,466.42,451.83,456.92,460.40,459.47,462.25,451.83,456.92,444.88,457.85,448.35,444.65,445.81,443.49,449.98,438.86,424.04,434.69,442.80,435.62,428.21,434.23,425.89,423.11,418.94,417.55,412.46,416.86,414.31,402.04,403.52,399.72,393.79,395.74,393.70,391.75,388.05,387.77,384.07,384.81,379.16,379.25,376.56,374.06,368.60,371.47,365.72,361.00,359.33,360.44,348.49,351.09,348.96,343.21,
818.00,479.48,483.84,474.05,470.37,470.37,471.79,465.21,457.79,454.69,455.30,458.13,460.35,458.70,443.97,449.75,454.00,439.96,444.55,445.85,439.96,441.71,440.18,427.56,438.20,449.87,432.88,431.46,434.29,417.42,430.04,422.74,416.00,411.07,414.93,410.68,401.19,401.57,399.49,393.30,395.57,391.56,391.65,386.51,385.94,381.98,384.33,377.16,375.09,375.00,373.53,367.87,367.77,363.86,362.63,360.41,357.72,350.22,352.01,346.58,345.17,
819.00,480.98,475.69,474.27,470.88,475.21,477.61,457.87,453.07,463.16,457.39,455.46,467.52,461.27,446.81,449.21,446.80,443.44,448.75,453.55,443.91,446.31,437.65,439.11,431.88,445.36,432.36,428.03,430.45,422.71,429.96,416.47,416.47,409.25,422.73,419.36,399.62,400.01,400.58,393.27,394.42,392.50,393.07,384.99,386.53,382.86,384.99,381.51,377.85,375.16,374.78,368.62,368.42,363.99,362.06,362.07,357.64,353.98,350.13,348.01,341.85,
820.00,486.17,474.81,476.90,472.26,474.97,479.21,465.00,456.57,465.77,471.02,464.30,459.28,454.03,441.43,442.90,442.28,447.77,450.55,453.79,446.07,447.30,437.03,438.11,430.77,448.38,430.30,431.62,419.18,438.11,431.39,416.47,410.83,415.47,421.96,410.99,396.54,401.14,398.21,392.33,390.82,391.59,393.26,383.19,387.48,384.55,384.45,381.02,378.15,374.29,372.86,368.41,371.78,363.65,359.29,362.73,359.45,354.07,348.97,345.26,341.59,
821.00,486.66,480.98,480.73,477.50,473.11,475.56,471.57,464.16,460.99,469.38,467.12,456.49,461.90,443.40,445.85,443.65,441.46,462.62,453.52,440.17,438.49,438.75,444.37,437.21,444.42,433.01,435.78,421.15,437.26,432.30,416.96,408.58,410.77,414.76,409.80,396.34,399.31,397.73,398.41,395.65,391.90,394.56,385.46,388.04,384.19,383.29,380.74,375.48,375.17,371.04,367.97,372.02,364.90,363.98,361.94,356.62,356.39,350.38,345.53,345.92,
822.00,489.15,472.58,482.76,477.15,481.27,471.32,458.28,467.08,468.68,474.06,460.91,465.48,466.41,453.25,444.67,442.27,441.81,463.77,456.57,443.53,439.99,432.90,452.80,436.90,443.07,425.12,438.84,423.41,435.76,429.81,417.58,414.72,419.07,422.49,423.75,401.06,400.15,401.52,400.79,397.13,395.44,397.22,384.78,387.71,385.47,386.66,383.18,378.38,377.19,374.08,369.28,373.26,367.50,365.94,365.80,357.21,360.36,352.77,350.48,348.42,
823.00,487.87,469.11,488.83,478.53,482.48,478.01,467.60,474.06,471.14,477.05,466.67,465.71,466.67,453.86,451.90,451.90,450.91,460.25,456.85,451.42,443.56,439.61,443.52,434.18,441.12,426.35,442.12,420.41,447.03,430.78,417.97,416.46,421.37,422.88,418.49,399.35,403.07,402.70,403.67,397.57,395.79,397.19,387.52,388.91,389.50,390.28,384.78,381.23,380.43,376.51,373.34,373.75,367.64,366.06,366.46,357.80,361.15,355.44,354.45,349.74,
824.00,487.05,484.13,489.13,482.45,486.21,478.69,478.91,481.03,469.71,473.91,474.13,463.29,471.61,464.13,456.83,456.39,449.93,466.43,452.85,442.23,438.65,445.73,450.37,444.53,437.41,432.01,441.35,429.93,441.35,426.13,421.38,421.35,419.71,418.65,420.11,402.84,404.84,403.32,411.02,403.59,399.50,397.99,391.82,390.49,389.15,391.48,386.47,381.98,382.65,377.22,376.14,374.97,370.30,368.63,365.29,360.69,361.45,357.27,356.35,352.69,
825.00,482.49,477.73,487.94,480.30,486.75,471.22,475.04,486.25,474.54,473.79,470.47,473.79,474.29,469.22,458.71,461.09,447.44,462.15,455.33,446.94,441.18,445.50,448.63,451.01,448.13,428.48,440.93,438.99,436.61,424.60,433.74,424.16,426.04,428.23,426.79,409.28,410.70,406.77,412.83,405.17,400.94,400.54,394.40,393.15,390.00,395.16,388.27,386.42,385.84,381.44,374.83,377.03,374.15,372.15,369.14,361.86,360.91,358.50,359.66,356.68,
826.00,478.45,481.95,488.47,485.64,485.42,473.23,476.29,482.59,476.82,467.13,468.88,474.32,474.32,466.38,470.29,470.51,453.53,457.45,450.59,456.03,449.29,454.39,443.74,443.40,448.07,433.61,448.62,439.49,437.41,428.92,433.17,429.14,424.79,432.95,420.10,408.28,414.21,410.11,408.85,403.32,401.66,402.10,398.97,394.87,392.04,396.48,390.82,387.69,385.25,382.90,378.93,376.06,375.58,370.96,371.66,363.60,362.47,362.99,363.08,356.68,
827.00,475.36,496.18,485.55,482.34,484.64,477.70,481.86,476.27,470.30,465.61,474.44,467.96,467.98,476.27,466.57,468.91,456.39,460.54,452.68,449.90,455.00,456.89,449.88,446.19,436.04,442.96,443.46,442.48,432.78,424.93,429.05,426.32,415.62,421.67,416.58,407.50,412.87,408.07,409.36,404.92,403.07,399.73,401.58,396.39,391.40,392.34,391.60,388.81,384.36,382.14,379.17,377.32,376.21,368.07,369.17,364.91,361.40,361.23,361.99,354.37,
828.00,477.81,493.11,479.61,478.39,478.60,470.23,476.81,479.61,471.81,469.31,465.37,470.67,461.73,474.31,455.86,464.01,449.07,457.79,451.00,451.22,451.79,452.22,446.92,448.15,444.86,439.78,442.58,442.28,433.20,424.70,432.99,421.55,418.26,417.04,415.11,409.96,412.45,406.11,406.07,402.36,401.36,399.64,400.04,396.47,391.35,388.86,390.32,387.91,383.74,381.25,375.27,377.99,376.27,368.35,369.21,363.86,361.41,360.46,357.80,356.43,
829.00,478.38,485.22,484.56,478.82,471.09,477.27,473.30,473.52,478.82,460.05,457.85,474.40,464.25,462.92,460.94,467.56,451.44,458.95,445.48,452.99,452.55,451.44,441.51,441.51,442.17,437.54,443.94,439.08,425.62,426.28,425.17,422.97,415.68,416.56,414.14,407.07,409.63,406.72,401.07,397.62,400.89,397.45,399.83,395.77,392.33,389.06,390.12,384.73,383.23,380.67,376.17,373.52,373.61,368.93,366.72,363.45,361.24,360.54,359.65,355.50,
830.00,481.73,490.20,477.75,470.52,474.95,483.86,469.57,470.13,478.37,461.55,460.99,469.68,454.43,464.97,459.36,459.14,454.54,460.99,446.81,446.36,457.01,448.82,446.69,436.83,433.58,440.25,434.75,431.22,427.69,427.13,419.73,424.44,411.04,411.88,417.04,406.78,407.61,406.82,402.14,399.22,401.24,395.48,396.98,395.57,391.35,383.66,390.18,385.16,383.14,381.55,377.56,373.66,373.25,368.99,366.17,363.12,363.59,357.69,357.04,352.20,
831.00,483.58,483.58,478.21,464.37,473.17,478.14,472.30,476.10,475.68,468.58,459.36,466.46,452.28,462.25,452.66,453.92,455.15,465.61,446.39,444.29,453.47,446.01,445.97,443.08,442.25,438.89,433.47,430.52,435.55,429.71,423.44,419.23,417.13,412.11,415.90,409.12,410.62,405.78,404.11,400.77,400.92,395.58,393.91,397.59,391.40,384.21,387.38,385.54,384.38,380.03,375.52,376.68,373.17,367.99,365.48,365.16,362.32,357.64,355.45,353.80,
832.00,480.44,482.10,481.61,468.88,471.59,479.40,467.98,469.74,475.51,461.88,453.13,466.26,459.67,453.35,454.84,457.73,453.08,470.41,444.10,442.65,448.20,446.04,440.94,441.71,442.38,442.38,434.57,432.63,428.52,428.75,423.65,422.38,413.18,411.91,417.24,407.64,409.39,406.56,404.21,402.75,398.27,395.34,393.88,398.07,391.73,386.95,387.15,385.59,383.75,380.52,375.55,373.32,371.85,370.19,364.45,363.94,362.21,357.80,356.99,356.05,
833.00,483.63,481.26,479.32,467.21,475.51,475.69,464.20,464.20,474.51,462.47,455.00,459.99,456.44,455.90,455.90,456.72,454.71,467.57,447.71,444.69,450.62,443.32,439.66,435.56,436.57,441.49,433.01,429.82,428.27,428.45,423.53,423.71,411.21,418.79,421.16,407.84,407.80,408.46,402.04,401.31,396.82,393.57,393.36,396.89,392.34,385.99,387.24,388.40,383.14,381.36,376.83,373.44,370.74,370.52,367.68,362.75,361.14,357.79,358.34,352.46,
834.00,485.24,483.17,481.46,469.79,476.36,473.93,470.71,469.43,470.47,471.86,457.77,453.95,458.37,458.57,450.72,453.27,455.10,466.53,444.83,446.90,448.06,443.36,438.02,436.19,441.73,441.61,432.73,426.72,433.53,431.46,428.11,424.41,412.27,418.28,412.87,407.87,409.48,406.49,402.98,403.35,397.67,395.45,393.51,397.20,392.17,386.68,386.03,386.76,384.74,379.66,379.34,376.79,371.81,368.38,367.87,364.05,360.17,359.02,356.71,353.57,
835.00,480.14,485.03,486.08,479.09,476.12,473.39,472.59,469.54,469.38,468.49,456.77,453.64,467.45,455.00,451.95,456.85,447.94,467.37,446.74,444.89,441.84,443.36,441.11,439.19,442.72,443.68,430.60,429.87,427.55,428.75,431.80,425.46,413.74,419.92,413.89,409.77,407.91,405.79,407.65,406.14,399.24,396.70,395.61,397.28,393.55,388.77,385.46,386.04,386.00,379.32,380.48,376.43,372.26,370.62,366.51,364.45,361.56,360.41,357.77,357.00,
836.00,482.28,476.74,483.91,477.66,476.99,468.24,468.48,470.00,473.53,469.33,455.78,461.92,465.56,457.48,453.17,461.74,450.56,458.82,452.32,452.57,440.47,440.04,443.08,436.52,440.47,435.18,430.20,430.38,427.34,432.63,432.74,426.67,413.97,429.77,418.10,411.54,408.99,408.31,407.14,405.39,401.04,399.46,394.91,396.47,395.62,390.51,388.11,387.55,385.89,380.89,381.05,377.75,373.21,372.70,369.71,364.16,362.34,362.97,359.47,358.30,
837.00,484.22,477.70,486.35,479.04,479.18,469.06,474.88,472.52,468.68,474.00,461.89,461.10,468.13,455.50,457.77,461.89,454.58,456.15,456.29,458.28,447.78,442.88,445.65,438.07,440.89,433.58,432.24,431.83,437.56,434.65,434.37,427.85,421.05,432.89,411.80,410.73,410.30,409.39,408.65,404.82,403.75,401.00,398.70,397.17,397.22,391.63,389.03,386.27,386.75,379.94,383.55,379.72,375.04,372.23,370.84,366.59,364.94,364.09,359.57,357.76,
838.00,481.88,481.88,485.76,483.04,476.84,468.82,477.61,473.99,466.63,469.98,464.55,463.78,469.21,458.60,456.66,461.06,451.88,456.92,455.12,448.78,444.38,444.25,449.03,441.41,435.99,438.69,433.13,439.21,438.44,430.94,436.50,429.64,419.82,432.75,415.94,412.76,411.10,407.79,412.55,410.33,406.09,403.71,399.41,397.86,396.67,391.30,390.16,387.11,386.74,381.58,382.29,380.85,376.87,373.66,370.14,369.93,367.40,363.83,358.97,359.28,
839.00,484.67,474.09,479.59,479.88,480.12,466.43,472.84,472.84,468.97,468.29,461.16,472.84,467.91,455.60,456.28,463.32,453.50,452.35,457.38,448.76,443.68,443.30,445.17,440.91,437.65,432.48,437.03,439.28,442.53,434.01,435.97,427.60,425.59,437.65,422.43,415.02,413.72,410.97,409.83,408.93,404.82,404.17,398.94,398.13,398.19,393.06,392.06,390.80,386.87,386.32,380.53,380.88,376.97,376.13,373.91,370.11,368.87,365.65,360.67,361.63,
840.00,489.17,473.54,481.08,481.08,479.48,471.85,475.14,467.49,467.84,466.86,467.68,469.79,471.04,458.26,464.12,467.76,460.21,450.44,458.26,453.10,449.74,448.22,443.61,438.18,434.71,434.81,439.24,439.43,445.29,433.38,428.14,428.41,424.77,433.65,419.08,412.50,414.42,413.11,408.70,408.59,405.15,403.51,401.63,399.07,398.68,394.52,392.32,390.48,387.88,386.85,383.08,381.10,377.83,377.05,374.95,371.19,369.48,365.39,363.66,359.85,
841.00,491.87,481.72,476.12,481.06,479.25,477.16,477.82,465.29,461.50,464.72,472.13,462.83,466.62,461.59,462.54,461.31,457.32,454.94,454.28,445.74,451.24,449.73,445.54,440.80,432.44,440.70,432.73,438.90,446.49,425.33,428.07,426.65,427.97,428.55,420.01,412.34,414.35,411.62,408.92,410.66,406.18,401.70,402.54,398.63,396.77,392.25,391.98,389.44,387.99,387.88,382.26,382.26,377.44,374.86,374.66,373.86,369.69,363.84,362.06,360.50,
842.00,492.10,475.98,472.15,478.32,478.17,473.99,473.50,466.76,464.91,464.19,465.69,467.82,462.78,460.79,457.47,462.58,454.91,450.73,447.24,446.26,443.40,449.57,442.34,442.63,439.08,437.87,437.23,436.46,444.04,431.41,430.49,427.09,431.70,428.93,419.13,413.80,415.22,411.96,409.63,408.86,404.95,401.20,400.46,398.36,396.46,392.82,392.51,389.90,389.33,388.54,379.79,382.71,376.36,374.60,375.48,373.23,368.18,366.84,363.44,362.51,
843.00,489.39,478.03,474.18,478.65,477.39,475.97,474.39,462.91,467.38,461.86,464.02,466.86,464.02,458.86,464.76,465.07,459.17,452.53,444.32,448.80,443.95,448.58,442.22,438.89,435.46,437.53,436.57,436.20,437.47,428.67,425.99,426.05,430.15,426.36,417.77,412.16,413.32,410.96,408.60,406.37,403.29,399.69,400.85,397.12,395.92,394.34,393.48,388.70,388.61,385.37,381.60,379.93,376.44,375.28,376.67,372.50,367.42,365.61,365.31,362.57,
844.00,484.67,484.67,471.36,473.94,475.70,475.69,469.61,461.82,463.23,466.75,464.40,460.64,457.17,463.26,463.25,457.73,458.62,452.82,445.02,444.99,445.31,445.29,441.25,438.36,434.01,439.79,432.85,434.01,436.05,422.12,427.10,423.86,426.50,419.52,417.51,410.44,411.73,408.69,407.54,405.81,403.39,397.35,400.02,396.20,394.45,391.91,392.02,388.21,387.63,384.97,381.14,380.81,376.27,373.02,377.32,372.81,368.30,365.16,363.65,360.30,
845.00,478.01,479.59,469.03,471.72,473.35,470.99,471.83,466.44,461.61,469.14,456.71,460.65,453.07,458.29,458.23,454.92,453.40,449.18,441.54,442.44,442.49,446.32,437.95,439.63,437.89,436.26,437.67,432.10,436.26,424.29,429.51,422.15,423.05,416.36,416.98,410.79,412.13,407.66,406.99,405.62,402.00,397.25,396.98,394.91,393.52,391.81,390.93,387.22,386.73,383.09,379.31,379.15,376.39,371.67,376.07,372.30,367.24,366.16,361.53,361.42,
846.00,473.86,474.68,471.22,473.04,469.58,469.93,467.48,460.43,465.18,461.91,451.25,461.25,455.02,453.70,460.91,452.60,453.07,450.78,438.17,439.49,439.65,440.34,434.40,435.75,434.30,432.32,435.59,429.36,423.99,422.82,425.12,421.69,417.26,416.28,417.26,409.23,408.04,406.60,404.65,401.89,400.26,396.47,396.21,394.37,391.36,392.80,389.21,384.62,384.11,380.90,377.16,374.95,373.97,372.60,373.63,367.43,365.84,362.01,360.25,358.74,
847.00,469.04,471.49,465.79,466.30,468.81,465.08,462.34,457.36,462.50,461.25,454.27,456.37,448.45,451.90,456.80,444.56,451.54,445.36,438.79,437.79,443.54,436.93,428.73,431.74,428.93,428.21,428.65,423.54,422.95,421.09,421.01,417.20,412.30,411.38,415.54,405.39,405.98,405.09,399.85,399.53,397.49,392.94,392.91,392.25,390.20,389.11,387.41,383.06,380.52,378.48,374.68,373.03,371.69,371.03,370.94,363.59,364.72,359.16,356.40,354.47,
848.00,466.05,465.39,465.17,464.51,465.06,462.21,464.19,457.17,458.38,461.23,449.29,451.81,446.76,447.21,449.62,439.87,445.45,442.39,433.18,432.97,442.71,434.93,425.29,433.18,428.91,425.95,428.14,419.71,419.71,422.00,417.95,414.34,408.86,407.88,408.86,401.85,403.43,403.82,398.38,397.77,396.55,390.94,390.15,391.07,386.91,386.51,383.80,379.37,378.67,376.21,371.87,371.70,369.20,367.80,365.22,362.41,362.15,357.10,353.12,351.50,
849.00,465.65,464.17,467.15,466.33,461.22,461.93,464.24,450.95,459.67,453.84,444.99,452.28,449.33,442.73,447.21,436.83,439.79,442.67,430.87,431.58,436.83,430.87,422.73,430.87,429.31,424.18,424.91,416.78,412.35,418.99,416.76,410.10,404.93,405.57,406.33,401.01,399.89,400.76,397.18,396.29,394.23,389.47,388.01,388.30,385.00,385.61,382.91,378.19,375.56,372.87,368.13,368.72,367.24,367.81,360.43,358.93,358.96,354.47,351.18,350.01,
850.00,467.20,455.73,457.88,458.43,457.12,458.05,454.67,447.29,454.54,449.58,445.31,445.73,445.48,439.07,443.75,433.88,437.97,433.54,429.75,430.64,430.60,424.18,419.54,425.28,425.11,418.96,419.71,413.43,410.69,418.99,409.51,404.66,404.11,405.24,403.05,396.45,397.12,397.21,392.75,390.97,389.46,386.53,385.08,384.67,382.85,382.14,379.58,377.05,372.66,369.96,365.28,367.79,363.57,363.60,358.93,354.82,356.91,353.60,349.74,347.95,
851.00,462.89,452.83,452.48,454.56,453.53,454.57,454.22,445.90,445.55,446.94,442.09,436.20,444.86,435.15,435.85,428.91,433.07,427.87,422.33,425.11,427.53,421.97,417.47,419.55,419.55,415.38,415.73,409.15,408.80,411.92,403.26,401.52,401.53,396.33,395.97,390.01,393.89,391.40,389.73,387.78,384.74,381.96,381.41,378.92,379.61,376.97,376.00,372.81,369.07,364.21,363.52,364.63,360.88,358.67,353.54,352.56,352.84,350.34,346.04,343.54,
852.00,458.04,450.65,447.76,452.69,446.61,452.50,447.41,439.34,440.91,436.33,433.45,427.43,440.72,429.25,431.11,424.74,425.57,425.06,420.03,419.71,419.84,417.85,416.00,415.64,417.21,411.77,407.90,407.93,401.17,403.38,401.55,395.98,398.51,391.46,394.15,388.85,389.15,384.91,386.73,385.19,380.68,379.95,376.57,374.29,375.04,372.61,371.40,370.26,364.67,360.85,359.48,361.18,357.48,354.26,350.01,349.81,348.18,345.77,341.61,341.28,
853.00,455.52,443.07,439.85,445.71,443.81,445.69,439.78,438.53,437.79,430.71,433.29,428.64,435.27,428.02,428.71,428.01,423.51,418.81,418.17,423.43,413.01,414.97,412.96,410.96,415.54,406.50,406.47,407.10,401.25,403.83,397.91,392.67,396.63,392.09,393.36,387.15,387.97,382.21,383.01,379.35,376.98,378.82,374.38,371.72,374.09,370.95,370.66,370.13,363.11,359.44,356.36,357.87,355.24,352.87,350.53,346.14,345.29,344.79,339.59,341.65,
854.00,452.32,443.66,440.82,443.38,444.66,445.38,441.27,437.34,432.60,429.40,434.24,426.47,434.87,430.14,428.29,427.11,427.30,418.26,416.25,421.63,414.51,416.90,413.69,406.57,408.49,407.76,404.65,407.94,403.38,401.91,393.60,392.78,396.15,391.22,391.87,384.07,385.89,381.84,382.24,378.99,376.14,377.86,375.12,370.19,372.49,369.71,367.96,367.41,362.08,358.35,357.07,356.38,354.08,351.55,349.21,347.17,344.47,343.01,340.67,338.84,
855.00,449.77,448.51,442.24,444.75,444.40,442.52,442.52,438.41,435.18,428.30,433.32,427.53,430.81,432.41,425.51,424.95,425.92,421.53,417.21,421.25,415.54,417.77,413.94,410.87,411.41,411.08,404.25,410.17,406.82,399.51,398.38,392.89,398.53,391.20,393.30,387.58,386.92,382.04,383.93,381.76,377.91,379.02,375.48,371.77,372.75,369.63,367.62,368.26,362.88,360.98,357.59,357.14,355.18,352.42,349.66,348.88,344.51,343.34,341.29,340.10,
856.00,453.21,447.48,445.74,444.50,445.97,442.82,443.94,443.43,440.12,431.41,434.90,435.29,432.14,433.21,428.15,432.76,425.74,421.30,422.54,426.30,416.47,421.13,418.21,418.49,417.20,412.48,410.79,414.16,409.39,407.70,401.13,396.47,400.91,396.35,394.45,391.42,389.69,385.49,385.58,382.75,381.65,381.98,377.87,375.51,375.02,372.79,371.08,370.59,367.87,364.52,358.64,358.68,357.15,355.67,353.31,350.88,347.33,346.28,344.10,342.82,
857.00,455.97,453.17,452.15,446.46,448.75,448.80,451.75,443.66,442.60,436.60,439.60,439.90,436.75,438.93,434.51,438.07,433.85,426.22,429.12,428.31,421.29,425.00,424.70,417.53,415.19,415.75,415.50,416.01,413.82,409.60,401.11,400.55,402.18,401.62,399.28,393.59,392.98,390.50,389.20,385.66,384.42,383.09,382.14,378.74,376.85,376.65,373.62,372.73,372.05,367.99,363.82,360.91,360.48,358.51,356.21,353.81,352.10,348.16,348.28,343.95,
858.00,457.42,457.42,449.94,449.58,448.71,449.37,452.78,444.33,442.54,440.89,440.68,437.32,434.26,439.90,434.05,435.09,431.82,428.46,431.47,424.42,426.44,428.25,424.84,422.42,417.81,416.92,414.37,413.74,416.36,409.54,406.92,403.69,404.69,400.89,400.86,395.38,394.49,391.66,390.62,389.01,386.68,384.83,382.73,380.90,379.13,376.55,374.14,372.93,372.93,369.85,365.66,363.68,362.55,358.36,358.12,356.02,353.51,349.76,349.75,344.19,
859.00,459.15,456.03,451.48,451.24,447.75,448.62,450.42,448.62,445.27,442.01,438.92,440.16,436.67,437.59,435.74,439.00,428.16,429.40,431.29,423.65,426.14,430.78,428.20,426.27,420.99,414.64,418.73,415.28,414.01,412.39,408.80,405.95,405.85,404.29,399.47,397.26,395.54,393.24,392.08,389.16,386.87,385.77,382.66,382.81,380.27,377.93,375.80,372.81,374.86,370.52,365.78,364.18,363.92,359.63,358.80,356.49,354.02,351.43,349.94,345.97,
860.00,460.28,458.88,454.81,455.40,451.70,453.10,449.55,446.06,446.73,443.55,441.04,443.03,441.04,439.26,438.59,442.96,429.47,432.36,434.52,424.37,428.14,429.09,430.30,423.62,418.05,414.51,419.40,415.03,411.62,414.06,407.10,406.50,406.07,406.95,404.37,397.38,396.41,395.94,392.79,389.00,387.13,386.13,384.50,384.26,380.94,379.34,377.41,373.51,375.02,371.17,367.61,365.15,364.17,360.08,360.15,357.06,355.62,353.36,350.42,346.51,
861.00,461.44,461.61,453.63,454.73,455.06,453.72,447.68,447.94,445.92,449.27,444.99,441.22,440.46,442.13,438.44,436.93,431.30,433.66,433.73,424.26,432.14,429.12,428.70,422.24,419.38,414.76,419.63,410.31,416.69,413.34,408.38,404.35,406.87,405.11,402.41,396.53,397.27,396.19,392.50,390.21,387.03,386.36,385.68,384.30,381.62,378.63,377.22,374.70,373.82,371.67,369.42,368.01,364.99,360.23,361.53,358.61,356.96,354.45,352.30,347.09,
862.00,459.00,458.76,454.13,455.36,453.37,450.35,446.51,450.94,448.40,448.67,443.49,441.49,442.90,439.60,437.31,436.14,427.83,433.46,428.89,421.79,427.93,428.14,427.63,424.33,419.52,416.40,418.59,410.94,412.96,412.96,407.88,403.90,404.38,402.01,400.40,395.23,395.88,394.46,392.38,390.12,386.99,387.05,384.85,383.82,381.47,377.82,376.58,373.84,371.54,369.11,368.27,366.86,363.51,359.79,360.67,357.52,354.27,354.64,351.40,347.03,
863.00,456.99,455.78,454.67,453.28,452.75,449.04,442.48,445.40,449.04,442.69,440.37,442.52,442.87,435.94,432.44,432.24,426.09,432.05,427.83,421.85,423.57,420.46,423.17,420.09,416.40,414.50,413.90,408.50,408.13,407.71,403.84,401.18,404.28,401.94,400.02,393.31,392.55,392.63,388.98,387.60,384.51,383.97,382.34,381.66,377.56,376.95,374.62,371.85,368.13,366.99,365.97,363.11,360.87,357.92,359.35,354.39,352.08,351.75,348.89,345.11,
864.00,453.49,451.16,448.29,446.65,450.52,443.23,439.63,442.42,442.08,441.24,440.18,435.25,436.10,431.07,429.95,425.48,426.33,424.84,425.30,420.18,421.21,417.16,415.62,414.44,412.17,413.71,410.32,401.22,407.94,404.67,398.22,397.16,398.34,394.35,396.59,387.73,388.77,388.10,383.92,383.67,381.42,381.36,378.62,378.42,375.18,372.89,371.10,369.45,364.80,363.93,363.18,360.42,357.03,354.55,356.58,350.99,349.40,349.64,345.96,342.72,
865.00,447.90,447.70,446.76,444.48,445.74,438.78,441.30,439.92,439.10,437.59,434.22,431.37,430.92,430.10,426.36,422.69,424.16,423.88,416.99,414.39,418.38,416.18,413.70,409.71,407.43,413.74,406.24,398.92,403.64,400.66,393.22,395.38,390.82,388.17,391.47,384.78,384.33,382.94,382.42,382.23,379.26,378.22,374.70,374.75,370.99,369.46,367.58,365.45,362.06,358.87,358.59,357.05,355.04,351.02,352.21,348.35,346.07,345.19,342.84,338.50,
866.00,444.61,443.57,444.08,443.57,443.51,435.92,436.49,433.08,438.15,431.64,428.80,431.33,426.55,424.56,422.30,418.65,420.35,420.39,416.91,412.14,412.73,412.40,407.62,406.20,408.72,411.58,400.80,399.98,399.96,395.42,394.62,396.00,388.38,386.96,388.69,384.43,382.04,380.93,381.38,379.47,376.87,376.19,371.32,372.68,368.60,368.26,365.78,363.96,359.11,358.07,354.36,354.23,353.00,349.39,349.94,345.54,343.71,343.04,338.99,337.61,
867.00,446.06,442.13,441.58,441.86,444.24,433.87,434.42,432.19,435.11,433.04,429.80,430.36,424.48,423.35,424.48,417.60,420.56,416.75,416.48,415.22,411.44,412.71,403.72,404.56,409.20,409.33,402.18,399.66,400.51,398.54,392.93,395.88,386.34,386.06,386.62,383.93,382.14,380.90,380.40,377.31,376.36,374.51,371.49,372.21,368.96,366.94,365.76,364.19,360.61,357.86,354.27,352.98,353.09,349.22,349.11,345.08,344.57,342.27,338.63,337.28,
868.00,446.01,446.58,443.24,444.34,445.40,437.09,440.48,431.56,435.98,434.86,431.55,428.22,425.45,426.55,426.51,421.46,423.16,419.31,415.97,414.28,412.63,415.92,405.95,403.21,407.57,409.79,402.54,402.58,400.93,398.08,392.67,398.10,384.83,384.21,385.87,386.22,382.25,381.97,382.67,379.34,377.98,374.64,373.73,371.95,369.05,367.29,365.95,364.40,361.29,358.16,355.05,353.95,353.93,351.43,348.37,345.27,346.36,342.78,339.64,337.23,
869.00,447.95,446.72,443.92,446.82,445.58,439.78,440.40,434.05,440.82,433.40,430.86,432.69,429.14,427.54,425.33,420.35,421.04,421.36,419.18,416.64,415.27,417.29,406.84,408.60,413.48,405.47,402.67,404.14,403.19,398.80,399.03,399.25,389.68,387.31,386.98,389.54,385.75,383.31,384.80,382.07,379.48,376.03,374.23,373.13,369.81,369.59,368.19,366.71,362.61,360.04,356.53,356.46,355.82,351.97,349.91,347.07,346.88,343.57,340.59,339.05,
870.00,450.87,443.65,443.93,446.06,446.61,440.25,440.11,438.39,440.90,434.51,433.27,434.44,430.90,425.26,429.87,423.99,419.35,420.86,420.38,421.10,413.61,418.73,409.31,414.26,413.95,402.78,407.56,406.70,401.37,401.68,401.30,399.89,392.19,390.92,387.45,390.25,387.35,385.25,384.46,382.19,380.72,376.42,375.47,374.85,372.17,371.29,371.16,367.84,364.25,360.92,359.02,355.61,355.86,354.29,350.87,348.16,347.73,344.27,341.55,340.68,
871.00,450.80,447.43,445.33,448.62,449.71,444.79,444.97,437.68,438.96,434.22,436.68,432.03,430.40,429.12,429.85,424.66,422.57,421.29,421.92,421.29,416.73,417.74,411.08,414.37,408.72,405.62,407.62,404.62,400.97,402.07,398.24,398.97,391.41,391.77,388.77,390.01,387.35,386.04,383.41,382.58,380.90,376.05,376.49,374.63,372.26,370.55,371.06,367.67,365.30,361.08,360.09,356.56,356.38,353.68,351.60,348.58,347.96,343.95,342.68,340.24,
872.00,451.15,447.12,444.87,446.21,447.04,444.69,444.35,440.21,438.06,434.72,434.98,431.24,429.66,429.01,425.69,423.46,419.49,422.26,422.38,419.60,419.66,415.66,413.38,416.87,411.69,405.78,408.72,404.09,402.52,399.92,399.81,398.00,392.52,392.69,386.78,389.65,387.99,385.79,382.80,383.06,379.71,375.22,374.89,373.48,371.72,369.98,369.70,367.96,364.45,360.26,359.54,358.30,355.58,351.97,351.61,349.47,346.51,343.99,342.02,340.26,
873.00,450.51,443.70,445.12,445.32,445.19,444.32,440.19,443.56,437.63,433.80,435.01,432.92,430.02,426.38,427.12,424.43,418.03,421.73,421.45,418.96,417.42,415.59,414.98,419.97,412.16,408.32,412.10,406.63,397.39,401.04,400.42,397.06,393.08,394.64,388.91,388.69,387.91,385.26,382.65,382.35,379.71,375.96,374.99,374.32,372.59,370.63,370.65,367.77,365.58,360.81,359.11,357.63,355.12,351.43,350.91,350.43,346.68,343.10,342.29,340.11,
874.00,450.77,447.85,445.09,446.30,445.60,446.65,442.90,438.16,434.70,434.54,437.19,433.66,428.86,427.93,427.23,423.13,420.05,421.71,423.64,419.01,419.14,413.81,414.78,415.66,409.15,410.95,412.05,405.99,396.67,399.38,398.49,394.93,392.60,394.75,391.88,388.25,387.13,385.97,381.56,381.48,379.42,375.69,375.27,373.71,372.97,370.29,370.13,368.20,364.49,361.84,360.07,357.63,355.06,352.46,351.98,350.09,346.28,342.49,342.54,340.07,
875.00,450.67,448.58,442.31,444.36,442.85,445.79,441.62,437.48,433.59,435.31,438.02,433.59,427.41,428.80,424.22,420.78,420.41,421.89,421.56,419.10,422.50,412.43,413.86,415.05,409.69,410.34,410.83,402.85,399.70,399.04,397.57,393.80,394.21,392.20,390.16,387.14,387.00,385.31,382.07,380.18,379.05,376.32,374.65,373.70,372.24,369.75,368.26,368.41,365.04,361.22,359.75,358.45,354.62,352.25,351.84,350.17,345.52,341.90,342.95,339.18,
876.00,449.66,448.08,444.47,442.14,439.70,443.30,439.72,437.40,432.72,432.52,434.21,435.89,430.61,426.80,426.06,423.83,420.01,425.21,418.86,418.43,419.60,413.24,414.94,414.84,411.02,411.24,410.91,405.52,399.69,398.00,399.80,392.81,395.56,392.06,391.01,387.85,385.82,384.59,384.51,382.14,379.00,377.56,374.13,374.43,371.30,371.54,368.92,367.99,365.83,360.24,359.14,358.29,354.23,352.19,350.29,350.25,345.12,341.48,342.24,339.19,
877.00,449.79,448.98,444.09,441.46,441.95,442.76,436.94,433.35,432.17,433.50,433.22,438.02,428.89,426.16,423.81,423.74,422.94,423.03,420.34,419.50,416.93,413.77,412.01,410.22,408.75,407.49,409.03,403.06,398.78,398.01,396.71,391.94,395.44,391.97,393.52,388.09,385.26,383.86,382.97,380.35,378.30,377.89,373.35,374.51,370.79,371.79,368.28,367.25,364.01,360.74,357.68,357.17,353.66,352.54,350.71,348.98,344.72,341.87,342.20,339.78,
878.00,450.68,449.89,443.36,437.74,440.10,439.05,437.84,433.81,430.26,436.94,433.03,434.73,428.05,425.96,421.13,421.91,422.70,419.68,419.17,419.55,417.33,414.45,409.86,406.21,407.13,404.66,407.66,400.46,401.39,396.68,394.84,391.43,393.91,388.04,389.49,386.18,384.56,383.46,381.94,378.80,376.92,376.66,372.63,373.47,370.17,370.75,366.98,366.77,363.37,358.67,357.26,356.31,353.27,351.92,350.03,347.62,345.32,341.56,342.39,338.32,
879.00,447.03,449.62,445.48,436.16,438.21,438.21,436.08,434.50,430.44,433.50,428.80,432.49,427.79,425.18,420.47,422.06,421.04,420.52,416.34,414.27,413.73,414.83,411.13,406.96,404.44,406.44,404.36,400.77,400.74,393.99,395.08,390.37,390.87,384.15,388.29,385.91,383.38,381.10,381.93,378.83,375.28,375.29,370.71,372.79,368.23,370.50,365.52,365.10,363.00,355.96,355.10,355.74,352.41,349.31,347.83,347.20,345.11,340.98,340.34,337.24,
880.00,448.09,447.18,444.43,435.83,438.63,436.50,433.55,434.65,433.04,432.43,427.15,431.77,426.67,423.30,417.71,420.14,420.41,416.95,417.47,414.40,410.18,416.95,408.55,405.39,407.00,402.35,402.96,399.41,399.17,395.82,395.95,390.79,389.54,386.81,389.02,386.03,382.72,380.96,378.79,377.55,374.85,373.81,370.05,371.76,368.16,369.95,365.54,364.18,361.22,355.95,352.94,354.38,351.14,349.03,347.05,345.45,343.36,341.59,338.84,338.04,
881.00,447.73,445.53,441.87,435.29,437.20,435.51,435.05,436.31,431.41,434.64,430.24,427.11,423.96,422.78,421.24,418.91,419.93,414.66,414.45,414.74,410.65,417.52,408.22,404.50,403.12,402.52,402.39,398.87,395.22,396.75,393.39,390.02,388.77,385.34,388.56,382.99,382.43,380.53,377.08,376.26,374.73,372.37,369.91,371.78,369.50,367.95,364.79,363.10,361.10,355.61,353.50,352.94,350.31,348.82,346.39,345.22,343.20,340.66,338.43,335.83,
882.00,443.82,445.69,442.13,437.40,438.93,435.88,437.99,436.38,430.95,429.40,429.00,424.34,424.34,425.28,421.99,419.18,418.05,416.91,412.49,411.48,411.56,417.31,409.29,407.95,402.41,406.39,400.61,399.12,395.13,395.88,394.54,391.07,390.08,385.48,386.65,382.17,382.22,379.19,377.71,377.91,375.02,371.63,369.36,371.33,368.31,366.31,364.45,362.32,360.45,355.35,354.13,354.06,350.19,347.60,346.17,344.98,342.49,340.19,338.83,335.48,
883.00,443.78,441.34,438.69,436.91,438.87,435.13,433.94,435.40,430.65,426.18,425.54,425.80,422.71,424.16,420.67,418.53,416.14,415.25,411.27,410.69,410.08,416.65,406.73,410.95,405.66,404.59,402.63,396.63,396.14,398.26,393.03,391.13,389.61,388.22,386.02,382.61,382.11,378.21,376.76,377.21,374.98,371.02,369.02,370.46,368.69,365.49,364.57,361.72,359.70,355.91,352.28,353.52,349.02,347.32,345.41,345.06,339.88,341.17,337.63,334.85,
884.00,443.53,438.80,437.70,437.00,437.20,436.40,434.68,433.19,428.17,425.86,426.46,422.85,424.35,421.23,424.85,419.23,417.01,414.31,410.38,412.60,410.18,413.22,406.57,409.69,403.37,404.57,402.77,396.34,391.31,397.75,390.52,391.12,389.40,389.81,387.90,381.30,380.69,378.52,375.39,375.67,375.23,370.37,369.44,369.25,369.00,363.98,365.51,360.65,359.32,355.31,353.02,351.97,348.88,346.95,345.22,344.02,338.91,339.36,337.15,333.94,
885.00,439.65,440.83,436.33,437.49,436.98,437.16,435.99,431.01,423.49,423.68,424.68,420.01,424.51,422.17,422.51,415.84,415.68,415.03,409.70,408.19,410.87,412.02,404.87,408.54,400.87,405.37,399.20,394.55,393.57,392.52,389.73,390.89,387.90,388.05,385.22,380.69,379.91,376.89,374.90,375.63,373.50,370.31,368.24,367.58,367.50,361.65,362.37,358.58,358.06,354.79,351.73,352.53,347.80,344.73,344.67,342.27,339.08,339.35,336.88,332.22,
886.00,439.08,438.70,433.68,435.22,436.09,434.77,431.30,430.53,424.20,422.11,420.30,421.12,423.15,417.32,418.26,413.79,411.38,413.37,408.85,404.95,410.81,410.22,404.75,411.18,402.34,402.76,399.26,392.93,392.90,391.86,391.34,389.95,387.93,387.93,382.92,381.45,379.70,376.26,374.69,375.45,372.14,370.14,367.53,365.97,365.97,361.38,360.23,357.63,356.80,352.85,349.69,351.69,346.70,344.12,342.78,341.93,337.56,338.72,336.35,331.38,
887.00,438.59,435.81,433.99,435.25,431.64,434.37,430.54,427.24,421.80,421.42,421.76,419.94,422.41,412.76,420.93,418.31,412.04,413.64,408.28,405.85,409.30,406.38,405.58,407.26,400.23,401.40,398.26,393.66,387.85,389.21,391.08,387.13,387.08,386.86,383.74,381.16,378.71,376.82,374.12,373.70,370.67,370.41,367.62,365.43,364.90,362.01,359.81,356.40,357.24,351.56,349.37,349.14,346.03,344.16,342.24,340.94,338.15,336.64,333.87,330.76,
888.00,434.89,439.80,432.43,434.88,431.20,434.39,430.97,425.08,419.17,423.13,424.10,416.50,419.43,414.79,417.22,416.23,413.55,412.81,411.10,405.69,408.90,405.21,404.47,403.49,397.36,402.02,393.92,391.48,389.29,387.30,390.75,384.12,385.10,385.34,383.37,379.60,379.42,376.65,373.32,372.25,368.81,369.89,366.16,364.69,363.41,359.98,357.62,354.98,356.35,350.86,349.29,349.10,345.75,343.20,342.12,339.58,338.80,336.54,334.38,330.94,
889.00,432.47,436.68,430.59,430.24,427.22,429.09,427.63,424.64,418.52,423.77,422.62,416.67,416.46,414.55,412.88,414.83,409.89,410.10,408.53,403.66,408.32,405.16,403.73,401.68,395.93,399.90,394.33,390.47,389.01,388.98,390.47,381.91,382.50,382.61,380.73,377.74,379.38,374.69,372.46,371.33,366.87,368.27,364.29,363.67,361.06,359.25,355.05,354.70,355.47,348.70,348.38,347.73,344.72,342.71,339.68,338.99,338.27,334.91,332.73,329.37,
890.00,432.47,432.02,429.11,428.08,425.63,427.63,423.76,420.83,419.34,419.41,419.92,415.60,414.66,411.83,413.15,415.51,409.28,409.70,406.54,403.05,404.31,401.44,402.51,397.09,394.67,397.15,391.80,387.99,383.73,384.67,389.83,378.29,380.74,381.83,379.80,375.78,376.21,373.36,371.48,368.24,365.48,365.15,363.35,361.49,358.15,358.22,355.51,353.42,353.70,347.38,347.01,345.00,343.46,341.87,337.72,336.88,335.38,331.33,330.11,328.65,
891.00,430.36,430.66,424.57,424.08,421.71,424.09,419.27,416.75,415.29,416.60,417.69,409.65,410.65,413.07,408.08,408.99,408.23,403.57,407.76,403.42,399.92,398.33,398.44,391.23,390.93,392.06,387.71,383.37,384.55,384.05,383.87,375.86,375.05,380.49,376.65,371.77,373.07,371.20,367.43,363.45,361.59,361.26,358.64,358.70,355.05,354.40,353.18,351.58,349.99,345.12,344.42,340.75,340.11,339.27,335.63,332.42,332.36,328.89,327.30,326.91,
892.00,426.55,424.82,419.92,417.17,417.05,416.81,415.67,414.83,412.50,412.50,411.43,404.01,406.41,410.41,402.40,400.73,403.89,398.04,398.87,398.39,396.90,395.52,393.55,386.50,386.14,386.44,383.09,379.26,383.33,380.40,378.55,369.76,369.58,374.72,369.34,366.16,367.69,365.42,362.84,359.08,357.50,355.47,353.53,353.82,350.31,349.09,347.94,346.96,345.16,339.14,339.83,336.05,335.00,333.97,329.88,327.73,327.85,323.26,323.04,320.70,
893.00,420.08,418.52,413.85,411.77,410.90,409.52,409.13,406.50,408.00,399.32,402.17,399.95,401.00,401.13,396.50,393.94,396.62,392.47,392.04,391.04,389.57,388.19,386.08,382.00,382.16,380.27,374.95,374.38,377.10,372.09,374.72,364.82,363.52,368.54,362.53,360.40,358.71,357.98,357.05,353.83,351.16,348.84,347.01,346.94,343.32,343.65,342.92,340.27,337.39,333.23,332.38,329.84,328.68,326.44,322.96,321.84,319.02,316.32,315.78,313.70,
894.00,413.89,410.96,401.75,402.52,404.21,399.59,398.73,398.35,398.08,393.37,395.29,391.71,391.59,394.64,387.54,385.76,387.24,381.02,383.95,385.08,378.24,377.97,375.04,377.23,375.22,370.09,369.62,366.30,369.23,366.69,365.18,356.38,355.35,359.91,351.70,351.53,351.36,350.46,348.10,344.76,342.71,340.94,339.08,338.89,336.91,334.80,335.26,332.51,329.22,326.50,324.05,321.41,320.73,318.65,315.99,313.97,311.33,309.77,308.89,307.08,
895.00,402.18,399.98,393.10,392.88,393.79,387.97,392.41,388.88,387.06,385.83,384.04,381.34,383.92,386.31,379.26,374.74,378.32,371.22,372.69,372.50,370.24,368.80,366.81,365.31,363.20,361.98,360.31,360.12,359.93,355.44,353.55,345.75,345.12,345.37,342.89,340.93,341.36,339.46,337.91,336.19,333.95,331.98,330.26,329.26,328.12,324.74,325.48,322.95,320.08,316.79,314.73,312.63,310.77,309.33,307.36,305.57,303.22,301.24,300.83,297.29,
896.00,388.99,388.52,384.29,385.35,383.71,376.79,382.07,375.50,375.73,371.74,370.22,372.80,372.68,372.56,368.93,363.53,364.94,362.36,361.89,359.43,360.48,357.31,353.21,357.55,354.50,350.63,349.22,352.39,349.34,342.65,345.11,336.90,336.55,333.97,331.86,331.04,330.90,327.71,326.77,327.85,324.09,322.26,320.01,318.60,317.99,314.66,315.41,312.36,309.83,307.15,304.20,304.81,300.87,298.00,298.66,296.64,293.03,291.25,290.82,286.84,
897.00,379.32,376.05,370.56,371.85,369.13,365.39,368.15,365.33,365.32,362.64,359.31,362.98,361.16,361.55,357.91,355.08,349.54,349.45,351.30,352.23,345.71,345.73,343.37,348.92,344.38,339.24,341.56,342.03,335.91,331.82,334.00,327.54,327.99,324.73,321.96,322.32,322.16,317.86,316.54,317.10,314.28,312.61,310.38,309.63,308.70,304.60,306.07,303.09,299.93,298.80,294.16,294.12,292.07,289.65,288.92,286.09,283.30,282.37,281.25,277.89,
898.00,368.37,366.44,364.59,363.02,360.90,359.48,362.56,355.62,355.31,356.87,350.54,351.15,351.94,351.91,350.86,347.12,343.39,340.78,341.73,341.90,335.99,336.08,335.55,336.62,333.35,333.18,331.20,333.55,324.85,323.31,319.75,318.97,318.85,315.43,314.47,313.82,314.05,310.49,307.97,308.89,306.03,303.81,302.08,300.79,300.17,296.09,297.27,293.74,292.32,290.09,286.25,285.69,283.29,281.23,281.62,277.29,276.29,274.49,272.99,269.87,
899.00,357.65,359.68,359.68,356.63,353.12,353.77,356.08,349.16,347.77,345.93,341.32,342.70,340.67,344.45,341.78,338.91,335.31,336.88,334.20,332.63,330.97,331.44,327.93,329.03,326.73,326.92,321.93,326.27,319.26,314.27,314.45,315.47,313.62,309.47,307.99,308.16,307.31,304.06,300.33,302.77,299.89,297.34,294.87,293.61,292.99,288.89,289.59,286.97,285.34,283.31,279.70,280.51,276.59,274.49,273.94,270.02,269.54,268.58,266.89,262.31,
900.00,356.66,354.12,355.14,350.39,347.90,349.93,349.01,348.85,346.85,344.31,340.83,339.07,335.45,338.91,337.32,337.67,329.62,333.18,328.40,332.91,326.11,329.03,325.84,325.81,324.27,322.08,320.14,321.92,314.28,312.79,311.36,313.20,310.69,307.12,304.93,304.55,303.96,301.55,298.29,299.13,296.41,293.35,290.80,291.04,290.30,287.06,287.00,284.68,283.02,280.29,276.64,276.91,274.71,271.06,269.68,267.31,267.00,264.76,262.81,259.54,
901.00,354.58,355.18,357.01,352.37,350.77,354.12,349.85,346.58,345.74,348.56,343.61,340.87,338.13,340.41,340.49,340.03,334.47,335.16,330.81,332.79,328.83,329.37,327.08,324.34,323.43,324.72,320.08,321.30,312.84,313.22,309.95,313.07,309.19,308.50,308.81,304.25,304.74,303.34,299.01,298.86,296.73,293.41,292.52,291.52,290.12,288.69,287.53,285.00,282.65,280.92,278.02,276.59,275.50,271.93,269.34,267.33,266.94,265.53,263.22,261.24,
902.00,355.50,359.80,357.61,356.36,356.45,355.75,351.95,350.29,348.13,350.04,347.36,342.06,339.38,343.92,341.49,339.33,338.72,339.08,333.96,333.92,334.12,333.96,329.08,324.57,326.44,327.44,322.05,322.55,318.21,317.09,314.52,317.05,310.11,309.36,309.86,305.50,306.79,305.72,301.70,301.25,298.95,295.51,294.42,293.39,291.96,290.78,288.78,288.02,284.90,282.57,281.44,279.79,278.13,274.66,271.78,270.51,269.85,268.81,266.41,262.92,
903.00,360.40,360.09,358.97,357.83,358.31,356.59,351.49,355.21,352.70,352.63,353.16,347.63,345.58,344.72,347.12,344.19,341.17,343.41,336.64,336.19,336.55,337.93,333.80,328.61,330.33,330.99,327.37,327.13,320.94,320.82,320.67,319.46,311.73,311.97,312.31,308.17,309.70,307.63,305.94,304.91,301.88,298.57,297.58,297.29,294.63,293.86,292.84,291.47,288.74,284.59,285.08,283.08,281.68,277.38,273.84,274.15,273.25,271.05,268.16,265.15,
904.00,361.91,362.44,360.99,361.97,362.83,360.14,352.48,352.45,351.60,355.15,357.44,352.46,349.28,347.54,349.76,347.49,343.04,343.90,341.71,338.51,337.13,338.01,335.31,329.46,333.09,331.28,328.60,329.00,322.76,322.31,320.48,320.03,314.57,316.44,314.13,310.47,310.99,309.19,307.74,305.56,303.43,300.20,299.27,299.09,295.51,295.48,294.78,292.60,289.53,286.47,286.46,284.47,282.52,278.58,276.93,276.00,273.68,272.42,269.72,267.73,
905.00,360.48,362.75,356.37,361.13,360.99,356.78,351.64,351.95,349.81,352.92,356.02,349.47,346.92,346.92,346.50,342.71,342.43,340.74,343.64,336.53,336.46,335.56,332.22,327.63,330.49,331.53,328.11,326.87,324.35,323.63,319.28,320.45,311.72,315.83,309.58,308.32,309.53,306.85,305.77,303.01,301.80,299.30,298.06,297.56,294.33,292.60,291.94,290.69,287.93,284.75,285.92,282.74,281.12,278.14,275.79,273.76,272.48,271.32,269.46,266.42,
906.00,358.70,357.11,352.55,353.54,354.26,351.74,347.64,350.15,346.48,346.94,353.08,346.03,344.78,342.03,342.27,339.87,337.20,337.72,336.56,332.10,331.30,333.27,328.89,325.67,326.31,329.52,323.55,324.51,319.43,318.72,314.16,315.68,308.52,309.96,303.81,304.97,304.15,302.19,301.61,300.61,297.47,295.75,294.15,294.11,290.61,289.18,288.86,286.86,285.29,279.90,281.22,279.72,277.22,273.69,271.36,270.33,269.47,266.83,265.97,262.29,
907.00,354.66,350.77,348.88,348.99,348.15,348.94,341.38,343.39,341.05,340.11,346.71,342.66,341.33,337.17,335.95,333.94,331.17,330.94,334.79,328.29,325.68,327.51,323.41,323.69,322.73,322.29,318.96,319.57,315.02,313.58,307.40,308.13,306.53,307.91,299.63,300.98,299.12,297.70,296.69,295.49,292.63,292.01,289.79,288.92,286.72,285.46,284.79,282.62,280.21,276.87,275.35,275.87,272.18,269.18,267.27,265.74,263.98,262.65,261.30,259.04,
908.00,353.72,348.78,343.25,343.10,342.81,346.34,337.80,339.64,335.81,337.13,343.77,334.77,336.91,335.66,332.42,328.44,326.60,325.20,330.58,327.70,324.61,323.13,318.12,320.33,316.94,319.52,317.09,315.47,310.16,311.49,301.69,302.94,302.13,304.78,295.20,296.06,295.91,294.76,292.02,291.70,289.90,288.42,287.01,285.15,284.68,281.06,279.43,278.90,277.02,273.54,272.42,270.06,268.88,266.52,264.25,261.31,261.10,257.95,258.00,256.09,
909.00,349.90,344.42,341.05,339.81,339.53,342.42,338.89,338.25,334.29,333.09,336.73,331.24,335.37,333.89,331.05,324.84,325.32,325.40,324.88,322.80,324.08,323.08,315.79,317.87,311.39,318.87,313.43,311.51,307.83,307.98,298.10,298.78,299.82,299.50,293.49,293.58,292.76,292.36,289.69,290.28,288.36,286.45,285.03,281.68,281.28,278.22,277.04,276.56,274.81,270.39,269.45,268.25,266.47,263.79,262.11,258.49,259.58,256.04,255.44,253.66,
910.00,346.04,342.64,340.56,338.91,337.81,341.55,336.93,334.29,332.23,329.80,330.80,331.33,332.54,331.65,328.26,321.68,321.03,323.66,321.89,321.68,322.44,320.02,313.98,318.81,312.67,313.67,313.53,308.95,306.85,305.53,298.19,296.32,299.18,298.63,292.69,292.81,291.40,291.35,288.37,288.38,286.27,284.47,282.45,279.64,279.29,277.44,275.82,275.29,271.65,269.67,265.86,266.78,264.84,261.07,260.02,257.73,256.90,254.35,253.34,251.45,
911.00,343.63,340.56,337.50,335.75,335.75,337.53,335.44,333.16,329.62,331.40,327.84,327.84,331.81,329.22,327.05,320.02,321.77,322.22,318.72,321.78,320.92,315.61,312.19,315.58,310.71,311.71,312.52,307.31,302.48,305.05,296.76,293.75,295.49,298.09,292.39,290.30,290.66,290.67,286.29,285.41,285.08,282.77,281.40,278.41,278.24,275.25,274.05,273.50,270.70,267.36,265.11,263.35,263.53,259.82,258.32,255.66,254.79,252.67,251.09,250.23,
912.00,337.31,340.48,336.27,333.23,336.13,335.71,337.00,331.60,327.27,330.78,323.04,325.49,328.56,328.72,325.21,316.94,320.56,321.99,315.62,318.24,319.23,314.88,310.94,311.08,306.73,310.52,306.60,303.37,301.02,299.46,294.62,292.87,292.16,293.64,290.85,287.65,287.53,288.36,284.27,283.69,284.16,279.56,279.74,276.13,276.19,272.39,272.04,270.47,269.02,265.06,263.37,261.78,261.05,257.09,257.26,253.87,253.36,251.19,249.33,249.21,
913.00,333.65,337.35,334.59,331.08,334.95,332.05,332.13,330.26,324.50,325.44,317.26,323.97,324.23,323.27,320.48,313.08,315.67,319.69,312.72,313.49,315.23,311.26,309.42,311.00,307.78,305.77,303.95,301.07,300.11,296.62,294.88,292.44,289.82,289.46,288.08,285.75,286.00,284.68,282.98,281.10,280.14,277.01,275.93,274.23,272.97,270.82,269.41,268.23,265.52,262.95,260.02,260.11,257.64,254.22,253.73,252.49,250.70,248.65,247.82,246.07,
914.00,332.66,334.31,332.74,328.13,331.96,329.74,328.31,329.61,323.09,326.18,318.57,321.66,322.44,318.27,319.09,315.05,315.44,319.92,310.79,312.23,310.88,306.53,310.75,306.71,307.23,303.36,299.62,298.84,294.93,294.71,293.88,289.67,288.32,288.97,286.84,284.45,284.66,282.90,281.88,278.56,278.07,274.59,274.35,273.41,271.44,269.22,268.84,266.42,264.46,261.05,259.20,257.07,255.81,252.77,251.68,250.98,248.22,246.58,244.86,244.34,
915.00,331.15,334.10,332.02,329.31,334.18,331.15,328.03,327.15,322.15,322.85,319.18,318.50,320.07,318.75,318.58,313.21,315.98,318.06,312.76,311.05,311.11,306.94,310.24,303.93,303.58,304.09,296.56,296.66,295.83,293.61,291.95,289.95,286.57,287.13,287.29,283.58,283.50,281.88,280.44,277.50,277.78,273.34,273.45,271.62,270.40,267.59,267.31,264.64,263.63,260.79,258.50,256.48,254.62,252.71,251.50,250.14,247.37,245.81,244.16,243.87,
916.00,333.48,333.32,332.39,332.01,335.00,331.37,326.86,330.87,323.33,320.32,320.27,319.65,318.56,319.02,317.94,314.48,315.12,317.33,313.20,311.28,311.48,309.90,313.39,304.95,306.25,305.80,297.82,297.81,300.18,296.70,295.85,293.31,289.85,287.05,287.66,285.03,285.38,282.11,282.69,279.15,279.08,275.09,273.45,272.49,270.53,269.37,268.35,266.35,264.36,261.42,259.79,258.22,255.80,254.43,252.81,251.92,249.42,247.00,246.39,243.98,
917.00,338.79,332.75,336.91,336.57,336.57,334.65,328.53,333.91,328.34,324.53,326.85,322.73,322.96,318.95,321.63,322.43,319.22,319.57,315.16,313.67,313.77,312.94,316.65,307.16,308.73,308.79,300.30,302.65,301.26,298.00,301.39,293.12,294.16,291.08,291.24,289.45,287.29,285.41,285.97,282.82,280.96,278.12,276.53,275.57,272.58,272.81,272.68,269.97,267.46,264.93,262.25,260.85,258.91,257.20,254.83,254.11,251.52,249.25,248.31,246.05,
918.00,342.54,340.36,341.25,343.81,340.82,341.25,335.57,335.25,331.66,329.16,331.80,328.22,325.74,325.74,324.05,326.82,322.30,320.87,322.27,321.01,316.30,315.92,318.37,311.04,312.28,312.04,305.53,305.99,304.35,303.83,303.37,296.97,297.66,297.26,294.68,293.79,290.63,290.44,287.85,285.28,284.41,281.32,281.28,278.31,276.62,275.76,275.84,273.20,270.79,268.73,266.23,264.27,263.02,262.18,259.22,256.34,254.61,253.21,251.53,251.16,
919.00,346.43,343.24,344.16,346.25,342.99,343.52,338.82,339.46,335.81,331.56,335.68,331.56,328.40,329.78,326.77,328.52,326.22,322.04,323.30,323.86,319.89,320.93,321.76,314.30,313.90,316.78,309.04,311.75,309.17,306.46,307.02,301.55,299.92,298.94,297.12,296.08,294.34,293.95,291.67,289.34,288.16,285.25,284.44,281.51,280.32,279.04,277.77,275.95,274.02,271.13,271.14,268.50,266.37,265.40,262.79,259.99,259.38,255.92,255.60,254.08,
920.00,349.77,344.72,348.01,347.86,345.40,347.00,342.29,342.21,338.70,336.25,339.87,337.39,333.68,331.27,330.44,334.13,327.83,326.67,324.85,324.83,322.68,323.97,322.72,318.81,318.76,319.84,310.80,315.25,309.51,307.66,312.21,303.52,303.92,303.02,300.33,299.89,295.96,296.12,293.73,293.71,291.14,288.33,287.71,284.89,283.24,282.82,280.83,278.66,277.29,273.38,273.90,271.72,268.97,267.42,265.42,263.13,261.54,258.67,258.27,256.72,
921.00,350.27,349.64,348.25,349.82,347.67,349.39,343.81,339.61,338.70,339.01,341.66,339.18,333.68,332.72,331.00,334.41,327.54,326.26,326.23,328.23,323.25,320.85,323.68,321.05,319.82,318.96,315.45,313.88,308.35,309.51,311.26,303.93,305.25,306.41,300.47,300.83,297.88,298.73,294.01,294.49,291.39,289.97,287.80,286.05,285.98,283.36,281.26,279.55,277.83,274.76,274.91,272.05,270.42,268.98,266.94,263.75,262.35,259.82,259.30,257.41,
922.00,349.52,348.86,345.28,346.62,346.26,345.76,344.27,340.03,338.97,336.82,340.94,338.97,334.98,333.62,331.58,332.66,329.63,327.39,324.97,328.20,324.28,320.27,324.74,319.44,318.28,319.44,314.95,313.81,310.00,310.03,308.31,304.78,303.29,304.05,299.20,298.47,298.26,297.66,293.49,294.12,292.20,290.05,287.57,286.38,286.50,282.63,280.15,279.55,278.81,272.94,275.05,272.42,271.01,268.13,267.45,264.27,263.37,260.12,259.76,257.30,
923.00,347.60,346.36,346.59,345.10,346.62,344.90,340.29,338.75,337.74,334.99,338.15,337.99,335.60,332.62,331.92,332.42,328.56,328.56,323.42,325.36,324.93,320.60,322.09,319.34,319.00,318.81,313.76,311.17,311.39,306.65,309.05,304.31,303.70,302.19,298.53,298.02,297.28,295.22,292.74,294.55,291.10,289.91,286.93,285.73,285.56,283.08,280.51,279.13,278.40,273.22,273.34,273.21,270.12,267.13,266.42,264.36,262.92,259.65,259.57,255.76,
924.00,347.27,345.64,344.03,344.07,345.16,343.14,337.15,334.10,334.58,334.93,336.06,335.46,332.61,329.74,328.66,331.07,325.31,326.79,322.58,326.41,321.53,317.98,320.87,319.59,318.65,314.67,314.87,310.01,308.48,307.67,306.18,302.10,303.74,301.45,296.11,296.62,296.27,293.59,291.82,292.37,287.69,288.54,285.20,284.42,284.11,281.80,279.59,278.26,276.58,273.58,270.58,270.50,269.31,266.12,264.83,263.39,260.90,257.94,257.69,253.99,
925.00,345.98,342.91,340.01,338.57,339.58,339.48,336.05,332.20,333.33,331.39,332.48,329.05,329.68,327.11,326.05,326.91,324.11,323.58,321.06,321.72,319.73,313.55,319.90,314.26,314.06,312.22,312.24,308.34,306.12,304.58,299.59,298.74,300.20,298.64,294.50,292.77,293.01,289.78,289.41,289.11,285.25,285.21,283.02,282.11,280.85,278.00,277.59,274.87,273.94,270.63,267.87,267.71,266.32,263.70,262.57,260.84,257.39,254.98,254.16,252.29,
926.00,338.19,336.58,335.29,332.82,333.65,333.75,329.80,325.06,325.41,323.29,323.34,322.69,322.51,321.12,319.74,318.48,317.09,318.15,316.26,313.01,316.19,311.37,311.02,308.02,308.47,307.24,303.73,300.66,303.48,296.37,295.62,295.19,294.66,292.02,288.49,287.53,287.10,282.51,283.65,282.92,279.08,279.22,277.47,276.11,273.91,272.34,271.69,268.28,268.17,265.17,261.73,262.97,259.71,258.28,256.33,255.40,251.28,248.84,249.02,246.47,
927.00,331.35,326.27,323.54,323.22,322.56,322.48,318.55,314.21,314.75,315.12,312.30,312.50,311.16,309.87,308.39,309.48,303.19,307.28,306.37,303.60,305.21,301.85,299.69,300.24,299.45,297.06,295.77,293.74,291.68,289.95,287.07,285.91,285.79,283.09,280.27,278.28,278.05,274.06,276.43,273.04,269.55,269.75,267.74,267.39,264.70,263.75,263.35,258.92,258.84,257.25,252.48,252.94,251.03,248.65,246.72,247.47,242.04,239.34,238.96,237.13,
928.00,318.56,312.14,309.56,306.98,306.99,307.41,307.41,300.11,302.26,303.55,299.68,297.10,298.39,296.25,296.24,296.67,290.67,291.94,294.53,289.80,290.67,286.80,286.79,286.79,283.80,285.09,281.64,280.78,277.79,276.07,271.35,270.91,270.91,271.77,269.62,263.96,264.81,261.90,263.27,260.01,257.43,256.57,255.03,254.68,251.77,250.39,250.05,245.75,246.09,243.69,240.94,239.74,237.68,234.94,234.93,234.58,227.72,226.86,226.51,225.83,
929.00,295.68,294.22,290.52,289.57,291.20,287.76,288.67,282.51,283.50,282.04,279.80,279.72,280.79,279.20,278.77,275.85,273.44,271.81,277.22,270.21,274.86,271.29,266.51,267.98,266.00,268.88,263.55,259.93,262.86,259.37,256.06,254.73,253.05,253.61,251.20,246.49,248.31,245.16,245.47,242.72,241.55,239.71,237.83,236.97,235.18,232.88,233.01,230.12,229.83,227.44,225.22,223.90,220.85,219.23,218.42,217.58,213.30,210.87,211.49,209.91,
930.00,276.71,269.56,268.53,267.67,268.97,264.31,264.05,262.32,263.52,261.55,258.36,258.97,258.02,255.78,259.13,256.37,250.86,251.29,252.41,250.17,252.85,251.73,246.98,249.31,245.52,247.59,243.71,241.55,240.53,241.39,236.90,234.41,233.54,233.71,231.48,226.99,228.20,226.10,226.48,223.79,221.89,220.72,218.27,218.27,216.69,215.48,214.61,212.14,211.31,209.10,206.42,205.04,202.11,200.14,199.04,199.10,196.86,193.69,192.77,191.42,
931.00,253.44,248.98,248.12,247.26,248.07,243.80,243.32,239.96,243.41,242.16,239.86,238.27,237.11,235.07,241.16,238.23,231.27,230.54,231.95,229.97,230.02,231.79,228.88,228.68,224.97,224.83,222.58,220.94,218.69,220.03,214.21,211.91,214.71,216.01,212.64,207.49,208.11,207.07,206.34,204.00,203.10,200.27,199.64,199.16,197.60,196.91,195.60,192.78,192.04,190.79,187.51,186.61,183.09,181.34,181.09,180.47,178.46,176.85,174.18,173.47,
932.00,227.72,229.70,226.77,227.18,228.67,223.11,223.73,220.26,221.38,218.96,219.14,216.18,217.14,216.88,220.26,215.74,214.01,209.57,211.67,211.31,211.41,212.36,210.09,205.77,203.78,206.74,205.00,200.13,201.70,201.18,196.50,194.06,194.75,196.58,193.03,189.57,189.67,188.32,186.45,184.44,184.02,181.55,181.45,180.51,179.23,178.01,176.38,174.82,173.40,172.92,171.49,168.51,165.84,165.11,164.06,162.02,161.97,159.17,158.03,156.88,
933.00,211.13,209.85,209.19,208.96,210.52,205.04,203.52,204.38,205.48,202.00,201.33,201.78,200.25,198.30,203.93,199.80,197.20,196.95,191.30,192.83,194.14,198.73,194.78,189.76,185.86,190.64,188.26,183.65,183.89,184.13,181.48,176.69,177.99,177.36,175.38,173.98,172.51,171.81,170.32,169.97,168.40,165.96,166.22,165.78,164.13,163.51,162.20,160.20,159.15,157.15,155.84,154.43,151.47,151.05,149.29,148.07,148.95,145.89,144.07,142.40,
934.00,197.43,197.16,197.34,196.55,197.78,193.92,190.91,188.38,190.49,190.84,189.93,189.24,187.57,185.88,191.88,187.06,184.06,184.96,180.86,180.63,180.81,185.37,180.98,177.81,175.98,175.63,175.51,172.71,171.65,169.20,171.56,163.48,165.84,164.80,162.16,162.24,159.84,159.35,158.26,157.25,155.53,153.38,153.97,153.80,151.55,152.39,150.35,147.99,146.41,145.91,143.31,143.31,139.69,139.02,137.68,136.98,136.74,135.32,132.96,131.24,
935.00,188.06,191.83,186.12,188.31,188.75,186.16,181.87,181.19,179.57,181.55,181.11,178.92,178.07,179.89,180.30,176.29,178.64,174.67,174.55,175.48,173.01,175.37,172.12,169.62,168.13,169.30,170.88,166.18,164.28,162.95,163.43,156.35,154.58,156.20,154.94,153.86,153.49,152.97,150.48,149.25,148.23,146.07,147.64,145.87,143.90,143.91,141.23,141.28,138.93,138.72,137.51,134.86,133.27,133.43,131.72,129.01,129.76,127.96,126.99,124.66,
936.00,187.25,185.57,185.12,183.32,185.12,183.67,180.33,179.78,178.71,177.18,176.63,177.25,176.83,175.92,176.80,172.57,176.37,173.92,170.59,170.59,173.19,173.12,170.41,167.71,164.80,169.58,167.08,162.02,161.02,159.79,161.09,154.78,149.99,150.02,152.27,150.98,149.89,150.15,147.95,148.12,146.82,144.41,144.99,143.47,141.49,141.91,139.53,139.90,137.41,136.25,135.18,133.64,131.53,131.47,129.79,127.04,127.34,125.82,125.13,123.91,
937.00,190.92,187.09,187.69,187.57,188.46,186.77,181.44,179.61,179.30,178.52,179.01,181.62,177.49,178.27,177.01,174.08,176.37,175.14,173.69,172.88,176.40,174.89,171.40,172.03,171.08,169.22,170.05,163.89,164.06,160.71,165.55,157.19,155.07,153.04,152.58,152.78,151.40,152.39,150.26,150.65,148.70,146.69,146.07,145.34,142.65,144.37,142.11,141.56,138.18,138.53,134.71,136.12,133.19,131.76,130.85,129.66,127.85,127.94,126.71,123.95,
938.00,196.42,193.64,190.38,191.33,192.24,189.92,185.73,185.70,182.48,182.93,185.25,182.95,181.05,184.78,180.14,180.14,179.66,177.83,177.82,180.60,179.67,177.34,175.97,177.81,175.94,173.61,176.86,170.37,165.71,167.56,167.12,162.91,160.12,160.12,158.71,156.22,156.76,157.87,155.83,154.16,152.86,151.00,150.80,150.06,146.90,147.65,145.05,145.60,142.05,142.80,139.44,138.53,138.14,135.91,134.80,133.13,130.53,131.08,129.03,128.09,
939.00,201.71,197.32,197.25,194.48,198.73,194.75,194.75,194.95,192.32,187.59,188.95,190.64,189.15,191.65,186.52,185.37,184.95,184.63,184.36,185.56,187.80,182.94,180.98,181.59,178.89,182.80,180.64,173.89,173.23,171.05,170.87,168.90,164.92,165.93,165.66,160.99,161.39,163.33,160.66,160.83,159.66,156.43,156.72,155.18,151.83,151.91,150.94,150.91,147.60,147.60,144.84,144.30,143.09,141.00,140.90,138.20,135.85,136.09,133.77,133.39,
940.00,206.34,201.66,204.43,199.55,205.19,200.14,196.98,196.09,194.29,191.78,192.46,198.20,193.22,193.98,189.39,189.11,185.02,188.45,189.39,188.82,190.48,187.85,183.84,185.36,184.80,184.89,183.93,178.94,179.82,173.96,177.70,174.74,170.91,171.59,168.80,165.84,165.80,166.34,165.14,165.14,162.28,160.21,159.44,158.98,156.30,156.03,155.16,154.11,151.16,151.13,147.72,148.45,146.99,143.02,143.33,142.43,140.21,139.48,137.80,135.66,
941.00,209.74,203.50,203.72,200.59,204.36,200.92,198.98,197.48,195.75,195.92,195.98,196.67,194.90,195.27,193.61,193.82,185.86,191.78,189.46,190.53,188.49,188.87,186.02,187.04,186.88,185.53,182.25,183.11,178.32,175.75,177.41,174.02,172.57,174.29,171.82,167.17,168.12,167.56,166.65,165.68,162.78,161.38,161.66,161.01,158.61,156.80,156.39,155.36,152.97,152.02,149.64,148.25,148.41,143.70,143.99,143.99,141.32,140.31,137.91,136.81,
942.00,206.40,202.77,201.59,199.06,203.85,202.58,201.80,197.80,195.16,195.27,193.40,194.27,194.08,194.96,193.78,191.16,186.36,191.54,191.15,189.68,188.60,186.55,184.71,184.42,184.80,187.73,179.73,179.73,178.93,174.06,175.41,173.27,170.34,173.58,173.87,166.44,166.98,166.75,164.68,164.53,161.09,160.30,161.24,158.86,157.96,154.83,154.44,153.54,152.68,150.85,149.55,147.17,147.22,144.09,143.74,142.21,141.59,139.55,137.20,137.45,
943.00,204.06,200.87,201.11,198.90,202.58,201.36,197.92,192.75,191.04,190.78,189.80,193.98,192.26,190.54,190.29,187.83,183.41,190.05,187.84,187.59,187.10,187.82,182.43,180.70,184.63,185.37,174.80,177.75,178.49,174.55,175.05,171.61,169.15,169.40,170.62,164.72,166.00,164.13,163.05,162.66,159.91,158.72,158.82,156.85,155.87,153.51,152.73,151.84,150.76,148.50,147.91,145.94,145.55,142.10,141.81,140.92,141.71,137.38,137.48,135.52,
944.00,204.89,198.37,199.16,196.10,199.06,198.66,195.40,191.15,188.98,191.55,191.15,189.97,192.63,188.48,191.35,189.87,183.24,191.25,185.12,184.23,183.44,186.01,181.96,181.47,184.23,182.65,172.18,178.70,175.24,173.95,172.08,167.83,168.32,166.94,169.90,163.75,163.52,162.49,161.90,160.87,157.86,157.35,157.43,156.52,154.62,152.53,152.41,149.84,150.00,147.35,146.08,144.34,143.59,139.95,139.76,140.39,139.80,135.96,136.12,133.67,
945.00,202.06,200.73,199.64,197.16,200.68,201.02,198.10,192.01,191.06,191.90,191.21,188.39,192.95,191.26,190.22,189.92,187.89,188.63,189.33,187.74,184.82,185.47,181.40,181.74,184.56,181.45,177.14,175.90,176.20,176.00,169.61,167.18,167.97,168.31,170.00,164.21,163.80,163.52,161.00,160.15,157.81,157.63,157.59,155.76,153.58,152.61,152.31,149.90,149.06,148.77,146.19,143.73,143.69,142.01,141.07,139.75,139.84,135.62,137.11,133.82,
946.00,202.09,200.17,200.60,197.50,200.29,198.99,194.73,193.95,189.38,187.80,189.38,190.08,193.16,189.97,188.30,187.90,188.19,188.69,188.58,187.28,183.23,186.62,182.04,181.36,181.85,181.45,178.69,176.99,178.97,176.71,170.95,167.27,168.16,165.88,169.55,163.41,164.68,163.29,161.82,160.32,159.00,158.41,156.90,155.87,153.22,153.54,151.15,150.68,148.86,147.70,146.79,144.29,143.85,142.90,141.59,139.69,140.04,136.04,138.18,134.22,
947.00,207.12,199.06,203.43,197.29,200.46,199.12,195.10,195.53,193.47,192.12,192.84,191.64,194.11,189.31,192.63,192.20,188.18,191.29,188.96,186.55,184.01,188.03,181.97,184.78,183.64,181.47,180.26,179.77,179.48,177.79,172.35,169.03,169.87,168.87,171.07,165.94,165.10,163.32,162.50,162.21,160.83,160.18,158.40,157.92,154.16,156.25,154.10,152.97,150.09,149.02,147.60,146.19,145.34,143.22,142.82,141.75,140.76,137.74,138.76,135.34,
948.00,206.74,205.28,205.25,199.86,202.33,201.32,197.88,194.96,196.87,194.41,194.44,193.97,192.49,193.48,194.91,193.47,190.52,189.99,193.47,191.00,185.10,187.57,184.60,187.05,184.59,180.21,186.59,181.65,179.69,180.19,172.79,173.29,172.29,172.81,170.84,167.94,166.99,166.20,164.23,162.26,162.06,162.25,158.91,158.70,156.15,157.72,155.34,154.37,150.64,151.61,148.89,146.69,146.50,144.74,144.33,143.15,141.17,139.81,139.02,136.86,
949.00,207.80,206.86,204.67,201.78,203.53,199.20,198.87,196.69,198.02,192.79,193.94,197.03,192.45,196.56,194.10,195.41,193.32,190.83,193.98,192.05,187.59,188.39,187.61,186.14,182.21,185.10,187.28,182.41,180.90,180.59,172.78,176.35,173.31,173.77,171.31,167.21,168.91,167.47,166.10,163.42,164.66,163.31,160.04,159.73,158.28,158.68,155.03,155.74,151.88,151.24,151.83,148.31,148.19,146.22,146.50,144.41,141.42,141.22,140.24,139.39,
950.00,211.01,206.29,208.46,204.95,205.56,200.72,198.90,197.27,200.36,197.27,197.75,199.63,193.58,196.97,197.03,197.09,191.16,193.94,193.40,190.49,192.97,188.13,186.20,186.62,184.98,188.31,185.23,182.32,183.59,180.69,175.30,178.09,175.36,175.73,172.34,168.61,169.46,167.69,166.87,165.61,166.00,164.08,160.99,161.49,160.14,160.07,157.16,157.23,153.51,152.73,152.64,150.65,148.52,146.34,147.12,145.40,143.34,141.99,141.89,140.44,
951.00,211.93,213.00,209.12,209.81,209.56,203.68,200.38,196.55,204.12,200.83,201.76,201.92,195.24,201.25,198.05,201.18,192.71,194.08,195.14,195.80,194.70,190.00,189.32,191.65,188.91,188.87,188.91,184.97,181.43,183.66,176.02,181.17,176.92,178.74,172.98,170.46,171.78,171.00,169.12,167.05,167.02,165.67,162.43,163.54,162.57,161.47,159.14,158.77,154.98,156.65,154.35,151.37,150.65,147.45,148.02,148.37,144.93,144.00,142.74,142.26,
952.00,213.48,213.85,208.56,209.54,209.52,204.17,203.11,200.70,206.21,201.90,202.15,202.27,199.64,202.88,198.37,201.34,197.17,195.13,195.77,195.88,199.07,190.96,193.87,191.46,189.54,193.34,189.81,184.49,181.22,182.67,176.47,181.95,177.33,179.93,175.63,170.48,173.77,174.15,170.44,169.42,168.95,166.83,164.49,165.54,164.50,161.97,160.16,160.11,157.25,157.21,156.40,152.55,151.45,149.68,149.98,149.14,145.31,145.98,144.85,144.42,
953.00,214.35,212.98,214.73,212.37,213.53,208.33,205.63,203.66,207.56,204.04,204.43,205.93,202.11,201.29,200.61,200.90,196.69,197.60,196.43,195.49,202.36,194.29,194.76,192.18,194.16,194.20,189.35,182.51,186.04,183.42,180.88,182.73,179.89,181.10,177.27,173.28,175.38,174.54,171.79,172.08,170.36,167.94,166.03,167.37,165.29,163.51,162.66,161.89,159.49,158.76,157.36,155.34,153.19,151.87,151.58,149.86,148.12,147.30,146.92,145.29,
954.00,217.33,217.12,216.00,215.59,214.19,213.36,207.52,204.91,208.93,207.99,208.32,207.87,202.51,202.96,203.29,205.22,197.71,199.39,198.18,198.38,201.69,198.93,198.05,198.38,200.00,195.10,191.81,187.63,186.05,187.51,185.49,184.62,183.40,181.86,180.92,176.71,177.71,177.71,175.39,174.73,172.41,170.75,168.36,170.82,167.77,166.64,165.45,164.28,161.96,161.83,159.14,157.10,155.91,153.45,152.93,152.69,151.34,150.97,148.37,147.64,
955.00,220.06,219.27,217.23,216.07,214.89,217.23,212.47,210.60,211.46,209.89,211.63,210.06,208.80,206.53,207.17,209.19,203.11,202.49,202.41,201.08,203.50,200.69,202.58,200.00,200.30,197.48,195.76,189.86,187.87,189.45,187.11,185.70,186.49,185.70,187.72,178.87,180.35,181.16,177.70,177.63,175.01,173.70,171.57,173.73,170.48,168.42,167.99,167.30,165.45,163.62,162.71,159.96,158.61,156.23,156.80,155.54,153.15,154.47,149.78,150.69,
956.00,221.28,220.31,222.40,218.85,218.67,220.28,215.24,212.94,212.41,211.48,212.85,213.75,211.95,209.83,208.93,209.34,205.70,204.67,204.49,202.12,206.85,203.83,201.69,199.14,201.69,199.88,198.89,189.53,194.91,192.82,192.36,187.23,189.78,186.08,189.37,182.11,182.62,182.52,179.45,179.73,177.47,175.80,174.05,174.70,172.44,170.28,170.01,169.27,167.53,165.19,164.53,162.75,160.96,159.30,159.17,156.01,156.18,155.84,152.41,152.03,
957.00,227.68,224.64,224.55,220.52,220.01,220.73,215.32,215.06,214.08,214.28,216.86,216.20,213.31,213.36,211.65,215.31,207.68,209.59,205.83,203.61,207.68,207.85,205.41,203.51,204.13,202.89,201.25,196.60,196.97,196.71,196.29,189.65,192.27,186.09,191.40,185.82,184.54,184.87,182.85,182.75,180.07,179.43,176.81,178.21,175.28,174.35,172.83,172.17,170.64,168.09,167.76,166.48,163.76,161.33,161.51,159.96,159.84,158.21,154.91,154.27,
958.00,232.69,227.39,226.81,222.36,222.44,226.47,222.82,219.14,219.98,218.22,220.79,218.44,219.56,218.25,218.06,219.06,211.73,213.95,212.26,209.08,212.19,210.23,209.19,208.84,206.62,204.74,205.81,200.63,201.05,198.86,198.29,193.18,196.36,193.33,195.02,188.98,188.01,189.45,185.87,185.72,183.54,182.60,181.33,181.45,178.56,177.03,175.95,174.88,174.71,171.93,171.75,169.52,166.62,164.45,164.05,162.61,161.26,161.35,157.49,156.80,
959.00,233.33,231.86,231.13,227.65,228.66,228.02,228.40,223.64,223.09,219.79,221.35,221.06,223.28,223.36,220.08,220.24,216.68,218.50,217.50,215.57,218.14,214.57,211.45,210.82,207.63,210.00,209.92,205.69,206.80,204.43,202.32,195.99,198.74,196.55,195.55,192.45,192.77,192.71,189.04,188.35,186.55,185.46,183.85,183.48,181.94,179.82,178.83,177.63,177.96,175.36,175.10,173.27,170.96,168.66,167.96,164.70,164.40,163.75,160.57,159.87,
960.00,239.56,235.09,236.22,229.91,233.17,229.27,230.73,228.59,226.77,224.63,225.46,225.63,225.76,225.58,223.77,226.32,219.71,225.27,220.54,218.13,221.95,219.98,216.31,217.36,211.21,217.68,211.93,212.13,210.67,208.61,208.13,200.66,201.17,199.30,197.61,197.24,195.95,195.75,194.02,193.11,191.40,189.79,187.64,188.64,185.89,184.49,183.82,181.34,181.56,179.40,178.47,178.63,174.59,172.21,171.57,169.25,168.12,167.77,165.64,163.88,
961.00,244.49,240.92,241.37,235.97,240.47,237.31,238.67,232.31,232.78,234.14,232.29,230.49,231.85,231.43,231.87,231.41,225.07,228.67,229.18,223.77,227.34,225.04,220.09,223.26,217.83,220.97,218.28,216.92,217.34,214.19,212.38,206.50,208.31,207.44,202.87,202.88,200.53,200.71,199.43,197.80,195.46,194.19,192.92,193.63,190.57,189.28,189.30,186.03,186.21,184.95,182.41,183.30,179.15,176.44,175.36,174.62,172.46,173.00,170.81,168.10,
962.00,244.78,247.03,244.78,243.41,246.88,241.92,243.41,237.84,236.78,237.53,234.55,234.07,235.13,238.29,236.50,233.91,231.50,230.76,235.74,231.81,231.50,228.80,224.42,226.25,223.39,225.78,224.13,222.17,219.61,220.22,216.30,211.91,212.51,213.57,207.55,206.31,205.76,205.59,203.54,201.43,200.57,199.01,197.51,197.02,195.03,192.56,192.92,190.69,190.04,188.83,187.56,186.23,183.76,181.41,179.77,178.09,176.88,177.60,174.78,172.96,
963.00,253.28,250.24,252.01,247.98,253.12,244.93,246.62,244.19,241.77,244.19,238.89,239.67,240.33,241.56,241.44,239.55,237.29,235.89,237.86,233.09,235.89,234.90,230.17,228.69,228.24,232.76,225.85,224.04,224.13,223.59,221.12,216.76,216.85,216.15,212.82,211.39,210.37,209.55,207.73,207.15,206.33,204.81,201.80,202.05,199.95,198.55,198.88,195.67,195.13,192.77,191.46,191.54,187.95,186.03,185.72,183.08,181.83,182.10,180.55,178.30,
964.00,260.33,256.28,259.00,256.23,262.12,253.56,249.98,246.84,249.41,254.44,246.74,247.19,245.86,246.24,250.29,243.21,243.19,238.32,244.90,237.75,239.66,240.35,236.30,234.53,238.13,233.70,234.39,228.26,230.45,229.50,227.35,222.30,223.66,223.21,219.15,218.08,215.88,215.48,213.51,212.99,211.72,210.46,207.02,207.56,204.49,204.83,204.49,201.75,199.94,198.64,195.93,196.15,193.05,191.09,190.17,188.49,186.92,186.88,186.14,182.19,
965.00,265.88,266.21,262.35,264.85,267.79,262.23,257.38,256.69,256.25,260.87,253.16,252.27,251.80,255.68,256.67,250.34,252.73,244.90,251.25,245.81,243.20,245.22,242.65,241.93,244.98,239.68,240.13,235.95,232.42,236.38,233.21,230.72,229.82,231.06,227.10,223.71,224.13,223.58,220.36,218.73,219.19,217.24,214.06,214.20,211.66,211.43,209.21,208.02,206.48,204.52,203.26,200.82,199.23,197.96,197.16,194.97,192.57,192.80,191.43,189.13,
966.00,276.70,272.56,271.78,271.78,277.42,269.58,265.89,267.12,267.06,268.35,261.29,262.72,262.00,264.27,263.69,257.67,263.17,254.88,257.80,251.97,251.84,253.97,249.57,248.66,250.67,248.47,248.02,242.38,241.54,242.25,240.83,239.60,236.30,237.27,234.61,230.40,231.49,231.23,226.83,226.93,227.97,225.27,222.19,221.67,219.39,219.52,217.06,215.66,214.97,210.92,210.33,208.49,206.47,206.47,205.30,201.16,200.30,199.71,198.39,197.17,
967.00,285.06,282.13,283.54,281.84,286.76,279.63,272.49,273.75,275.85,278.67,272.98,274.89,271.33,272.63,272.13,265.26,271.03,262.60,266.81,260.92,260.28,264.73,258.32,258.96,260.92,255.04,259.36,250.82,250.97,250.76,251.37,250.02,244.35,244.40,243.23,240.38,240.20,240.10,236.07,235.62,235.58,233.51,230.03,229.85,228.26,228.96,225.95,224.08,222.47,219.91,217.86,217.18,214.65,213.83,212.35,210.10,209.24,207.07,206.55,204.24,
968.00,292.56,293.10,288.50,290.21,292.47,289.13,281.54,283.44,284.16,285.53,281.82,281.82,281.10,282.72,280.74,277.85,281.91,274.33,276.13,270.54,266.93,271.53,266.21,271.44,269.28,264.04,268.10,261.34,255.65,257.01,258.82,258.81,251.59,254.02,252.67,247.98,248.77,248.95,245.56,243.83,243.54,241.19,238.38,239.14,237.37,236.54,232.82,231.99,230.83,228.02,227.19,224.52,222.50,220.84,220.29,219.24,216.68,215.13,213.25,212.39,
969.00,300.74,298.46,296.69,297.79,299.81,296.44,293.30,293.75,293.29,289.22,289.26,290.16,290.37,291.03,285.65,283.37,289.02,281.82,284.75,279.78,277.56,279.12,272.15,277.06,274.60,273.04,276.85,266.28,264.98,262.23,264.28,264.93,258.88,260.88,259.07,254.53,255.53,255.43,251.93,250.39,249.67,248.23,245.44,244.99,244.09,242.65,240.32,238.51,237.43,233.92,234.28,232.04,229.06,228.33,226.98,225.55,223.92,221.31,219.79,219.51,
970.00,304.62,303.27,304.99,303.80,305.22,299.99,296.02,296.37,297.50,292.56,294.73,298.24,295.02,292.63,289.25,287.24,290.99,286.26,286.05,284.09,282.53,285.42,276.98,282.27,279.12,275.60,281.08,272.01,272.16,267.88,270.07,268.80,263.41,264.31,261.74,260.15,259.37,258.35,257.80,255.49,253.11,251.61,248.52,249.44,247.83,247.13,244.95,242.28,241.20,238.44,237.96,236.91,234.58,231.82,230.12,229.16,228.91,225.35,223.49,223.01,
971.00,307.65,306.56,306.43,304.82,303.67,302.18,298.57,299.03,298.83,294.79,299.42,298.65,296.78,295.10,293.57,294.28,292.48,289.20,287.97,286.88,286.10,285.27,281.41,285.08,283.22,278.58,279.74,276.01,273.50,268.87,272.22,269.13,266.56,267.58,264.82,262.69,260.81,259.75,260.32,257.54,254.40,253.35,250.67,251.98,250.44,248.26,246.89,244.06,243.32,241.03,241.13,239.02,237.42,231.90,231.18,232.41,230.43,227.78,225.90,224.28,
972.00,306.75,306.99,305.15,305.19,303.83,303.67,302.48,301.78,299.15,294.47,298.58,295.91,297.02,297.10,291.60,292.42,292.05,286.50,290.08,287.82,289.30,284.33,282.31,284.20,280.84,279.36,280.55,274.68,276.36,270.32,271.02,268.56,265.64,268.64,264.29,262.60,261.10,260.59,259.24,257.41,254.07,253.09,251.00,250.77,250.10,247.22,247.02,244.12,244.30,242.03,241.21,239.16,238.17,233.36,231.44,230.42,230.32,227.95,226.11,224.80,
973.00,305.74,305.70,306.44,303.85,302.67,300.47,298.75,299.18,295.02,292.12,296.07,297.46,294.95,294.15,288.14,291.11,290.16,285.31,286.74,284.54,287.65,284.30,283.60,281.68,277.59,278.99,277.00,274.52,276.69,270.82,271.48,266.56,263.94,264.60,263.07,261.24,259.64,258.88,258.16,256.76,254.08,251.84,250.00,249.13,249.40,247.09,246.39,243.63,243.34,240.78,240.19,238.46,238.14,233.25,231.06,228.82,230.05,227.23,225.89,225.20,
974.00,307.80,305.89,304.48,302.20,301.29,300.61,298.17,297.18,296.42,294.02,296.64,293.37,295.31,291.36,289.95,292.99,289.30,286.40,286.53,283.02,288.05,281.77,283.18,282.23,279.37,277.92,272.60,274.31,274.35,267.65,272.40,264.80,263.13,265.29,264.76,261.26,258.44,257.70,256.71,256.87,253.80,251.06,250.21,248.50,249.42,246.91,246.37,243.45,243.98,240.91,239.43,237.24,237.31,232.43,230.24,228.46,229.34,226.81,225.78,223.89,
975.00,305.15,306.16,302.21,302.58,301.76,302.67,299.19,297.72,297.72,293.31,293.50,290.84,293.87,292.12,290.20,290.84,288.18,282.40,291.67,284.05,287.62,281.76,284.78,282.95,278.45,276.34,272.22,273.68,271.76,268.82,270.75,264.97,264.69,266.71,263.77,260.67,259.79,258.21,255.79,255.76,253.55,250.87,250.69,247.57,248.86,246.36,246.07,242.95,243.97,241.88,239.21,236.23,236.53,233.15,229.81,228.56,229.11,227.13,225.18,223.94,
976.00,306.83,304.85,303.02,302.68,303.81,301.96,298.87,298.16,295.84,292.10,289.86,293.36,294.48,289.53,289.80,291.05,290.85,284.74,288.87,283.22,285.39,282.64,286.97,281.06,276.20,279.62,271.58,273.29,271.78,271.01,270.47,265.01,266.39,264.94,263.37,260.58,260.42,258.45,257.06,257.19,255.67,252.04,250.86,248.96,249.83,247.86,246.54,243.99,244.60,241.78,239.81,236.60,236.39,235.37,232.03,229.47,229.19,228.05,226.00,225.87,
977.00,312.99,306.10,305.14,304.68,306.57,306.05,300.06,299.12,300.11,297.77,293.18,295.45,297.31,289.01,292.76,294.54,289.90,288.50,291.33,285.77,287.14,283.53,285.77,282.13,280.27,278.87,272.07,274.74,275.22,272.52,274.22,266.46,271.56,266.89,265.47,263.29,261.29,258.51,259.25,259.59,257.36,253.54,252.23,251.51,251.11,250.55,249.45,245.95,246.13,243.61,240.62,239.49,237.11,236.18,233.57,231.99,231.19,229.21,228.09,226.22,
978.00,312.58,312.42,304.71,308.86,309.65,310.57,303.36,300.32,302.98,300.72,296.11,295.68,298.28,294.46,295.81,297.79,290.33,289.19,294.73,292.15,286.89,286.29,287.81,285.96,283.41,279.40,277.23,278.61,276.93,276.93,273.21,271.23,275.03,268.60,266.94,265.11,264.53,261.33,262.25,261.45,258.55,256.36,254.31,253.89,252.77,251.42,251.03,247.87,247.68,247.24,242.78,240.48,239.43,237.65,234.75,235.74,232.77,232.29,229.53,227.49,
979.00,315.96,312.87,306.26,309.80,311.96,310.87,307.65,304.73,302.72,303.49,296.87,302.27,302.11,298.10,297.80,300.26,295.18,293.65,294.25,294.25,290.10,289.18,290.09,286.41,285.03,285.34,281.64,280.71,281.33,279.64,274.10,273.94,276.09,269.78,269.48,266.62,266.61,265.33,264.95,264.46,262.06,259.91,256.09,257.94,255.17,253.50,252.46,251.84,250.68,248.33,245.87,243.65,241.50,240.77,238.36,238.54,235.16,235.53,232.27,230.60,
980.00,322.93,315.53,312.26,314.59,316.44,315.97,310.44,306.76,305.34,309.93,303.94,306.28,305.81,300.72,301.21,303.49,296.57,298.41,296.57,296.56,296.55,293.32,292.86,286.84,289.61,286.88,284.53,283.13,285.93,282.68,278.98,279.43,279.46,271.57,272.05,270.92,270.19,267.60,267.24,266.68,264.82,263.34,259.82,261.31,257.98,256.86,257.23,255.57,253.91,250.58,247.99,248.53,243.92,243.54,242.60,241.87,238.90,237.81,236.32,233.73,
981.00,323.76,322.65,313.25,317.76,318.54,317.72,312.90,307.75,308.93,314.18,311.36,308.86,307.00,307.93,305.46,309.18,298.89,302.82,300.57,299.32,299.14,298.17,296.03,293.85,294.74,292.28,289.21,289.67,288.64,285.85,282.56,282.28,284.13,275.84,277.09,274.06,273.53,271.61,272.11,269.40,267.60,267.02,263.87,265.67,261.34,260.35,260.19,259.16,256.12,254.22,251.83,252.05,248.02,245.90,245.11,246.54,242.03,242.13,239.11,236.70,
982.00,326.91,322.99,317.04,320.54,321.07,319.14,319.90,314.35,313.94,315.35,314.59,314.41,312.95,315.64,308.57,311.55,305.07,306.41,304.01,300.62,304.89,300.45,299.69,297.18,298.35,298.35,294.14,295.14,292.27,286.72,284.04,283.80,285.09,282.34,282.64,277.06,276.34,276.57,274.91,271.99,271.85,271.29,268.16,269.03,265.36,263.40,263.68,263.05,260.55,256.92,255.59,255.59,251.93,250.67,249.52,249.35,244.92,245.92,242.35,240.71,
983.00,330.95,324.73,325.49,326.87,326.06,321.85,321.95,317.32,319.97,319.94,319.08,320.44,316.25,316.30,313.01,312.46,308.75,309.64,306.89,302.11,310.63,304.96,303.94,298.81,299.39,301.71,297.06,297.40,295.18,290.37,290.73,286.16,288.46,285.61,283.86,281.38,280.47,279.92,278.42,275.02,275.19,274.85,271.46,271.48,268.82,267.65,268.59,266.19,263.40,259.79,257.58,259.78,255.97,254.33,254.07,252.22,248.96,248.65,245.30,244.89,
984.00,332.88,331.68,328.13,328.70,326.93,323.64,321.97,319.75,325.41,322.94,324.24,320.29,317.50,319.12,315.10,317.13,311.34,312.86,308.91,303.24,311.40,306.56,306.53,304.22,303.18,305.84,299.80,301.22,295.40,292.21,294.70,288.03,291.83,287.14,287.49,284.47,282.38,281.92,282.59,278.56,278.28,278.17,276.38,274.80,272.19,272.11,271.22,268.78,265.81,264.48,261.05,262.52,259.48,256.93,257.05,255.64,252.13,251.64,249.24,247.45,
985.00,333.77,332.62,330.95,330.67,328.56,327.89,328.28,326.06,331.63,324.18,323.93,323.03,323.22,321.99,319.04,318.96,315.66,314.07,313.47,307.90,313.67,308.61,309.29,307.49,307.66,305.58,305.15,301.76,298.50,294.76,296.39,289.42,291.93,292.57,291.89,287.69,284.68,286.32,285.16,281.78,281.73,280.75,279.82,276.64,275.36,274.57,273.26,271.19,270.22,268.55,264.50,264.41,262.21,260.44,259.19,257.72,255.32,253.62,251.49,249.44,
986.00,336.97,335.34,337.56,336.12,334.73,330.54,329.71,328.36,334.04,325.16,325.39,327.17,324.43,321.15,320.63,318.52,318.66,316.95,315.78,313.63,316.17,311.98,313.97,308.09,307.65,306.25,307.74,302.66,301.31,299.74,300.13,293.58,293.58,294.06,292.23,290.01,287.76,288.18,287.34,284.09,284.96,283.11,282.15,277.56,277.71,276.54,276.10,272.96,272.38,270.69,267.04,266.25,264.10,262.62,262.26,259.29,257.72,255.41,253.12,253.03,
987.00,338.46,340.54,338.61,335.34,333.41,331.66,330.89,328.81,334.42,329.07,329.02,327.29,324.53,319.31,324.09,322.05,320.23,320.49,314.97,314.92,316.63,315.08,314.64,310.47,308.93,308.48,307.47,303.61,302.27,302.27,304.20,298.67,295.89,293.54,293.32,292.57,288.84,288.67,289.44,287.94,287.60,284.27,285.09,281.06,279.06,278.78,278.16,275.20,274.28,271.86,269.22,269.09,265.72,263.39,263.79,261.41,260.00,256.41,256.25,254.69,
988.00,339.33,343.65,338.45,337.84,335.16,337.31,335.16,333.01,335.55,330.81,330.45,325.66,328.08,321.14,326.32,323.82,321.31,319.64,320.43,319.83,316.96,316.64,316.04,314.15,313.62,305.30,311.20,305.49,305.04,306.10,304.38,299.86,298.05,296.96,295.94,293.94,290.65,291.46,291.67,288.98,288.79,286.27,287.73,282.19,280.75,279.57,279.50,276.90,276.34,273.89,270.89,270.48,266.77,264.72,264.07,263.08,261.66,257.96,257.20,255.24,
989.00,339.19,347.12,341.43,343.54,339.91,337.13,335.74,332.66,332.60,329.50,328.85,327.31,327.33,323.08,326.36,323.08,323.08,321.50,322.78,323.92,318.17,317.16,317.20,314.06,312.01,307.21,313.03,308.12,305.70,308.31,305.70,300.98,299.21,297.65,295.22,293.59,293.54,293.06,292.46,290.52,289.74,288.29,287.13,282.57,281.41,279.81,280.22,277.80,277.10,273.52,272.18,271.77,268.06,265.59,266.67,264.11,261.64,260.16,258.49,258.29,
990.00,344.48,345.35,341.47,342.44,340.20,338.23,335.04,333.11,331.35,332.40,333.39,327.76,327.75,322.70,329.02,325.52,322.40,324.16,322.21,322.21,319.48,319.60,315.91,315.61,314.03,309.20,309.97,308.21,309.00,309.00,308.31,303.56,300.34,296.25,295.48,294.62,293.54,292.61,293.47,292.69,290.55,289.46,288.25,284.56,282.50,281.64,281.68,279.35,278.53,273.71,272.17,273.44,268.66,267.30,267.69,263.95,262.82,261.12,260.69,258.71,
991.00,344.78,345.58,340.17,342.65,339.94,344.85,337.26,332.12,333.84,335.05,333.81,325.76,329.41,326.05,329.41,324.84,322.10,322.86,326.29,323.88,318.43,320.13,315.04,318.96,318.19,307.69,311.36,309.18,308.66,310.62,308.19,303.54,302.33,298.70,295.47,295.49,294.72,294.52,294.12,293.05,290.42,290.32,287.86,285.03,282.80,283.28,281.61,279.86,278.88,275.67,271.46,273.99,269.71,268.24,267.86,265.03,264.63,261.60,261.00,258.19,
992.00,342.43,346.13,339.89,343.67,341.21,343.99,337.11,331.76,330.21,332.35,331.27,328.59,327.00,330.63,326.92,325.54,325.30,323.82,325.62,325.54,317.91,317.07,317.34,319.22,317.15,310.12,312.33,310.28,307.82,308.21,307.40,302.48,303.56,300.92,296.41,293.90,296.60,296.07,294.36,293.71,290.36,290.82,286.45,286.29,283.70,283.66,280.41,279.92,279.10,275.35,273.49,274.02,270.60,269.68,269.10,266.18,264.40,262.96,260.79,259.62,
993.00,345.68,340.13,340.95,339.30,341.45,343.18,336.89,333.67,330.93,333.06,332.42,331.59,328.86,330.77,328.95,324.05,323.97,326.29,322.32,321.48,319.99,319.17,315.52,316.93,316.51,311.88,311.38,308.40,311.38,307.82,308.64,304.08,303.42,301.68,296.96,295.76,296.79,295.80,294.37,294.90,290.96,290.46,285.89,287.35,284.63,284.46,281.98,279.92,280.03,275.45,273.63,274.42,271.07,271.44,268.69,265.74,264.31,262.33,261.73,260.40,
994.00,344.33,341.73,342.03,337.75,342.30,344.28,335.51,331.49,333.23,336.50,333.75,331.51,328.76,331.48,327.73,325.67,322.19,325.18,322.19,319.91,316.93,319.22,316.89,319.20,317.44,314.66,311.40,310.86,310.18,308.17,309.38,304.87,303.60,302.61,297.07,296.63,296.32,295.82,295.12,294.63,290.50,289.70,285.18,287.09,285.77,284.68,282.17,279.66,278.76,277.94,273.02,274.83,271.81,270.63,268.09,266.87,265.78,261.86,260.87,259.26,
995.00,341.30,343.74,340.89,337.15,338.74,342.51,335.03,331.86,331.48,333.38,330.53,333.22,327.71,333.60,326.09,327.20,325.59,324.67,321.53,319.92,317.19,316.66,318.30,318.18,317.96,315.55,311.40,311.30,307.34,304.69,307.63,303.70,302.27,305.22,299.23,294.85,296.47,296.03,294.61,293.10,291.01,288.48,285.32,287.47,286.34,284.27,281.11,279.36,278.55,277.62,274.46,274.99,272.60,268.98,267.68,268.01,265.25,262.34,260.63,258.77,
996.00,346.49,340.13,342.17,336.11,337.64,339.62,335.91,333.52,333.49,333.18,331.82,333.66,328.76,332.50,328.62,324.23,325.18,323.92,320.00,317.59,319.19,317.15,318.24,312.72,315.85,315.13,313.60,308.98,310.23,304.17,306.93,304.45,301.55,301.62,301.18,295.24,296.68,295.35,294.00,292.11,290.81,288.10,286.88,286.65,285.68,284.36,282.64,279.55,279.88,277.02,274.02,274.83,272.84,269.84,267.43,267.29,264.95,261.66,260.40,259.15,
997.00,344.99,342.73,343.49,335.43,338.36,338.27,332.35,329.35,334.68,333.65,332.62,330.06,328.13,329.78,328.47,324.24,323.85,325.07,318.72,316.62,318.12,318.56,318.67,312.87,314.69,315.12,311.09,309.94,307.30,304.50,306.63,304.10,298.92,299.52,300.74,295.86,295.18,293.23,293.91,290.26,290.45,287.54,287.23,285.88,285.09,284.68,282.41,278.41,278.54,277.89,273.18,274.62,272.45,268.90,267.62,266.74,265.64,261.74,261.74,258.17,
998.00,343.67,345.85,340.28,335.82,333.69,335.64,334.24,328.53,332.73,330.41,330.99,327.49,328.60,330.44,330.96,327.16,326.98,324.10,320.41,318.39,319.83,317.36,319.09,313.34,317.06,313.38,309.39,310.24,304.97,302.39,303.17,302.61,299.30,301.25,301.36,294.49,294.75,292.23,293.16,289.11,290.76,286.93,287.41,285.97,284.29,283.87,280.76,277.92,278.99,276.86,273.58,273.14,271.93,267.77,266.54,266.52,265.14,262.26,262.35,256.61,
999.00,345.59,342.02,341.21,334.93,334.30,334.71,334.01,332.23,332.69,328.03,329.93,328.08,327.97,328.26,331.31,321.23,326.70,319.45,321.12,320.83,321.35,317.49,316.80,309.66,315.13,311.67,311.21,309.31,306.03,304.02,300.16,302.58,297.85,298.32,299.81,293.70,294.69,291.74,291.30,287.66,289.74,286.19,286.49,283.45,283.40,283.31,280.75,277.87,279.16,275.55,273.18,271.98,270.85,268.57,265.39,264.84,262.97,261.57,261.36,257.31,
1000.00,344.45,343.38,343.02,334.26,334.62,332.92,329.05,329.80,332.63,327.42,328.99,328.46,326.87,325.70,327.36,321.56,322.57,321.11,317.53,318.34,320.00,316.09,316.09,309.48,311.86,312.54,308.57,309.42,303.75,303.59,302.29,302.19,296.33,295.13,297.80,293.10,293.06,290.35,289.59,288.04,288.87,286.16,285.35,283.17,281.67,282.94,279.28,277.68,276.54,274.73,271.69,271.43,269.76,268.68,265.86,263.54,262.59,261.55,261.77,257.71,
1001.00,341.94,343.88,338.64,332.50,332.87,333.30,330.84,331.73,332.66,328.68,329.08,326.86,327.38,325.32,328.16,322.39,321.59,319.74,320.75,318.47,319.37,313.88,311.66,310.11,313.75,308.88,306.84,308.76,303.27,302.90,303.11,298.80,296.73,296.85,296.18,291.98,291.80,289.91,288.43,287.75,287.22,284.91,284.51,282.77,280.61,280.50,277.47,277.79,275.54,274.44,269.76,270.87,267.98,267.36,263.35,262.59,261.94,260.70,261.38,256.04,
1002.00,340.70,338.54,339.79,332.58,334.02,332.97,333.69,332.53,333.25,324.32,325.76,323.98,324.70,321.67,323.60,318.55,319.03,314.90,320.62,317.98,315.48,312.07,310.34,308.46,312.45,307.45,308.51,307.40,301.59,302.50,301.54,299.00,295.49,295.78,293.13,289.69,292.01,289.95,286.28,287.09,285.90,283.52,281.57,279.31,278.88,278.23,275.58,276.85,274.96,272.48,268.53,268.76,266.41,266.14,261.68,260.78,259.26,259.59,257.99,255.96,
1003.00,339.33,335.73,339.41,331.62,333.71,330.47,327.80,329.04,330.69,323.98,322.15,326.82,322.01,318.81,320.06,318.63,317.07,315.88,315.07,312.62,313.83,311.02,308.88,305.76,308.35,308.88,305.09,305.45,301.54,299.13,301.99,298.20,295.27,292.86,291.03,289.41,290.08,288.83,284.19,286.01,285.13,281.45,279.70,279.17,277.60,277.48,274.72,275.68,272.78,270.85,266.62,268.49,264.54,265.12,261.85,258.82,258.22,258.04,256.56,255.87,
1004.00,337.67,332.94,334.97,329.84,330.51,330.64,329.56,326.59,330.64,326.18,324.02,323.21,323.75,318.08,323.34,318.49,316.59,314.57,315.10,309.71,312.55,311.18,306.87,305.37,308.89,305.91,304.97,304.56,302.81,297.40,300.52,297.41,298.35,295.10,290.51,289.32,288.57,287.38,284.08,284.84,282.73,279.87,279.33,278.52,276.41,275.76,274.68,273.92,272.03,270.24,264.62,268.46,263.17,263.22,260.25,258.08,258.30,257.27,254.52,253.33,
1005.00,331.37,329.26,333.21,329.93,330.40,328.17,330.27,325.31,327.46,323.75,320.85,319.58,322.07,317.77,320.42,316.13,318.52,313.31,312.93,310.74,306.91,307.92,308.09,305.61,305.45,304.21,305.10,304.64,298.11,296.31,295.72,296.94,294.24,297.49,289.28,287.25,288.76,287.90,283.95,283.95,281.86,278.93,278.24,276.47,276.31,272.79,273.01,272.55,272.55,270.03,265.39,265.56,262.28,260.50,259.74,258.81,256.00,256.03,251.59,252.73,
1006.00,331.96,326.30,333.94,328.85,328.73,325.52,325.52,323.97,323.53,324.31,318.89,323.76,322.20,316.88,319.77,315.33,320.53,314.34,310.24,310.02,307.70,309.69,307.14,303.25,302.37,307.02,303.15,303.15,301.62,295.06,292.74,297.17,292.41,295.39,288.64,287.31,287.76,287.00,283.46,283.46,282.75,279.03,277.97,276.02,276.50,273.49,272.79,271.45,272.20,267.60,265.78,265.03,262.41,260.73,261.39,257.85,256.25,255.23,250.59,252.53,
1007.00,332.55,326.95,330.91,329.23,326.58,328.78,325.68,323.48,326.09,327.96,322.06,322.92,324.30,316.16,321.09,313.81,316.80,313.29,309.63,310.19,306.31,310.97,306.83,303.29,302.46,304.70,302.05,302.32,303.17,297.24,294.37,297.58,293.40,296.46,288.36,288.01,287.16,286.43,284.24,283.09,280.74,279.65,278.98,276.47,276.70,274.34,274.34,271.61,270.83,268.05,264.49,265.99,262.31,260.84,261.32,258.17,257.21,254.32,251.11,252.29,
1008.00,329.57,328.47,327.31,329.60,327.77,330.10,326.92,324.97,324.91,323.17,321.44,319.00,322.11,317.16,319.25,314.83,317.16,313.74,308.72,311.62,303.63,310.17,308.72,305.79,303.95,302.43,301.76,301.87,299.04,295.58,292.71,296.67,290.49,297.87,289.46,285.80,286.48,286.71,285.53,282.59,281.05,280.60,279.82,276.29,277.63,272.88,273.36,271.74,270.61,268.28,267.26,264.94,262.27,259.78,260.87,259.12,256.12,254.59,251.70,251.87,
1009.00,332.77,326.07,329.83,330.75,327.55,329.26,328.69,325.50,322.52,320.04,320.69,322.42,322.77,319.12,317.16,314.11,316.39,313.52,310.32,316.49,306.77,309.97,308.63,303.27,303.25,303.70,302.11,300.87,302.31,295.83,293.65,295.61,288.74,296.08,289.11,285.73,286.46,287.33,285.13,282.31,281.31,280.89,279.29,276.00,276.88,273.35,275.08,270.76,271.03,267.06,267.52,264.40,262.41,260.62,260.63,257.90,255.61,254.10,251.86,252.50,
1010.00,336.07,328.02,330.32,331.95,328.02,332.37,327.77,322.91,324.83,321.02,323.26,321.50,321.69,317.76,316.10,313.23,311.31,314.95,308.69,315.17,307.12,311.44,308.94,302.55,304.12,303.13,301.56,300.99,303.45,298.21,296.54,293.57,291.21,293.73,288.49,286.54,286.54,286.54,286.41,282.04,280.52,280.72,278.65,276.64,276.08,275.53,277.83,270.89,270.20,268.48,266.56,265.51,262.54,261.99,260.96,256.92,256.17,254.68,253.21,253.24,
1011.00,331.53,333.27,326.84,330.44,326.26,332.54,327.02,323.94,320.95,318.14,321.01,317.07,321.04,321.22,315.79,316.46,312.41,317.50,307.31,314.15,308.96,308.84,307.28,304.32,307.62,303.59,298.56,303.65,297.86,297.31,297.13,290.29,290.93,294.99,290.93,285.80,284.70,286.35,286.23,281.38,280.94,279.50,279.57,276.75,276.31,274.67,276.33,270.76,270.26,269.11,267.75,264.03,262.64,261.46,259.55,257.08,256.34,254.53,254.76,252.21,
1012.00,334.07,330.16,328.64,331.69,328.55,329.72,327.96,326.61,318.84,318.84,320.55,317.54,322.35,322.84,313.45,315.61,314.98,314.75,312.51,315.70,311.70,307.70,309.14,304.73,304.60,301.86,302.22,302.94,297.18,297.41,294.53,289.28,289.95,294.08,290.58,285.88,285.29,287.87,284.37,280.54,280.40,277.97,279.93,275.53,275.31,274.21,276.50,271.09,270.91,268.63,267.58,263.32,262.64,261.78,258.61,257.00,255.92,254.61,253.94,252.27,
1013.00,336.50,329.60,329.60,333.89,330.87,329.52,323.54,325.48,321.70,322.37,319.00,317.57,320.01,318.91,310.92,315.04,312.69,314.20,309.99,312.10,311.59,309.92,310.25,302.51,300.91,303.18,300.83,301.66,297.37,299.39,295.27,289.13,291.65,290.81,289.55,285.59,285.63,286.67,284.99,280.11,280.78,276.67,279.20,275.97,275.46,275.87,276.94,271.39,269.64,268.60,266.27,264.12,262.34,262.30,260.08,255.77,256.28,254.86,253.75,254.12,
1014.00,332.69,333.23,326.11,330.93,327.33,329.11,321.57,328.01,319.62,323.16,317.26,316.07,318.99,318.54,314.88,320.18,314.88,316.42,309.69,309.98,313.58,308.90,308.87,304.79,302.92,301.11,298.32,301.13,295.29,298.21,296.29,289.23,293.48,292.23,291.67,285.63,284.03,285.46,284.45,281.14,280.16,276.40,279.05,277.10,276.38,275.40,274.71,271.36,269.53,267.59,265.69,264.99,262.11,262.32,260.11,256.20,257.54,253.78,254.95,252.09,
1015.00,335.04,328.16,326.29,330.57,328.24,327.79,325.23,332.69,319.06,323.57,318.77,317.62,318.00,320.32,313.86,318.89,317.25,309.93,314.61,309.70,310.07,307.46,308.95,307.29,301.57,300.22,303.01,300.06,296.23,299.99,293.51,290.72,292.30,292.90,292.07,284.56,284.66,285.89,283.91,280.05,278.66,276.25,278.96,276.01,276.49,273.93,274.26,271.22,270.01,266.40,265.17,264.32,262.30,260.46,258.68,258.35,256.26,254.34,252.86,251.89,
1016.00,335.99,326.55,330.74,330.75,332.40,326.29,320.96,328.21,322.61,323.93,318.24,320.52,315.97,317.37,313.17,318.07,316.59,310.55,309.43,305.23,308.20,308.98,308.72,304.61,297.53,303.03,301.90,296.75,298.57,300.41,293.60,292.81,292.64,290.45,288.70,283.20,284.73,283.97,283.16,281.58,278.58,276.03,277.18,276.66,275.78,274.31,274.24,270.64,269.38,265.57,264.87,265.47,261.94,260.43,260.92,257.64,255.57,254.63,251.63,252.36,
1017.00,334.89,329.24,329.86,328.03,328.51,327.49,321.89,326.78,322.49,326.70,320.65,316.22,316.84,315.68,318.17,319.84,313.76,311.68,307.66,303.74,309.27,307.57,304.92,302.60,300.66,298.96,299.61,293.90,300.71,300.20,295.04,292.01,294.50,291.39,289.50,284.00,283.31,282.03,281.79,282.49,277.26,276.10,277.06,276.59,275.04,273.31,272.35,269.36,268.60,264.95,263.16,265.90,261.91,260.66,260.37,257.67,256.19,253.69,250.98,251.15,
1018.00,334.71,328.94,331.55,327.44,326.50,328.47,323.26,327.68,323.74,323.96,322.48,312.05,317.28,318.37,317.82,316.39,313.88,306.61,311.27,306.22,305.50,306.70,303.30,305.59,301.49,299.12,303.00,293.59,297.47,301.26,291.70,293.83,294.23,293.05,288.39,283.83,284.49,281.37,281.27,280.52,276.28,277.27,276.13,274.87,273.28,271.39,271.49,269.00,267.80,266.51,263.16,263.60,261.58,259.40,259.12,259.02,255.29,253.25,250.28,249.55,
1019.00,333.96,328.38,336.24,327.66,328.93,324.27,321.25,321.61,323.26,319.42,319.87,312.46,316.39,316.30,315.48,311.36,312.56,306.97,307.62,304.50,304.96,305.96,302.68,302.58,300.38,299.92,302.40,290.51,298.37,299.10,288.31,292.60,291.88,290.14,287.30,283.09,283.71,281.30,279.80,280.41,277.12,276.83,274.34,273.83,271.30,270.72,269.62,269.18,266.65,265.26,264.39,261.61,260.36,259.77,258.68,256.63,254.07,252.53,248.73,248.98,
1020.00,332.35,329.16,335.54,327.81,326.48,324.56,320.04,318.80,323.94,321.31,322.02,310.27,318.77,312.34,318.12,309.00,310.86,309.51,308.41,305.02,306.91,305.87,301.77,300.65,301.36,295.46,300.65,288.93,300.59,297.52,290.17,291.50,293.45,287.60,286.31,283.30,283.79,280.71,278.93,280.40,275.99,277.32,273.95,273.90,270.53,270.83,269.25,267.76,266.15,266.22,261.49,261.48,259.67,259.40,259.10,255.46,253.92,250.29,248.28,248.42,
1021.00,326.21,330.96,329.49,326.61,324.48,323.48,318.63,320.45,323.73,318.95,319.13,308.46,318.07,315.03,314.53,310.84,307.24,304.67,311.49,304.67,302.86,304.26,299.82,303.70,302.88,298.19,299.66,291.77,293.65,295.62,289.14,290.05,293.00,288.74,288.42,281.85,282.69,280.06,280.26,277.86,274.80,277.33,273.72,272.43,270.07,268.09,267.04,268.06,265.47,266.75,261.73,259.61,259.25,257.61,257.08,254.98,253.04,249.68,249.00,246.43,
1022.00,325.29,328.80,332.61,326.62,326.81,319.11,319.21,317.97,319.59,314.84,313.79,313.32,318.93,317.02,310.94,311.23,310.18,303.82,311.60,306.67,305.15,301.34,300.77,305.05,304.00,296.97,299.44,292.60,293.07,292.79,288.89,289.46,290.03,287.47,289.37,279.69,282.28,281.06,278.93,277.57,275.78,276.12,273.46,271.18,270.46,267.84,265.70,268.90,266.73,265.02,262.82,258.33,258.48,255.82,254.91,255.02,251.76,249.06,248.22,246.05,
1023.00,326.18,326.25,330.12,325.37,326.82,323.49,318.01,316.12,318.78,320.09,314.04,316.66,318.07,312.09,309.36,309.36,306.57,305.93,310.00,306.51,307.18,300.78,302.57,303.38,299.31,296.82,296.58,295.98,293.19,291.33,291.23,289.82,291.20,284.47,288.51,280.01,282.94,280.30,278.18,276.83,275.97,274.94,273.32,271.16,271.16,268.75,267.36,269.23,267.33,264.23,261.24,258.28,257.72,255.60,255.80,253.92,252.28,248.77,248.57,246.67,
1024.00,321.14,328.78,325.90,325.38,323.34,326.01,316.39,315.92,318.74,319.15,311.10,312.68,313.78,314.19,307.13,314.98,305.73,304.41,307.71,304.94,305.77,300.18,302.27,305.20,299.04,301.28,293.96,300.18,289.46,290.14,292.18,288.36,293.01,284.81,288.73,279.75,281.28,278.88,279.36,275.18,274.95,275.18,273.32,271.47,270.55,267.73,265.30,268.25,264.89,263.76,261.19,258.28,257.19,255.14,255.12,253.86,252.38,247.34,249.51,246.10,
1025.00,322.85,324.65,326.86,324.69,322.36,324.50,323.35,316.55,311.93,315.18,308.99,314.68,312.74,315.37,306.63,315.07,306.74,303.50,309.18,308.42,305.75,297.20,303.80,307.43,299.37,297.69,296.24,300.94,289.25,290.13,290.13,286.50,290.51,285.51,291.12,278.66,280.61,280.16,277.55,274.64,275.31,274.84,273.39,271.15,270.24,268.26,263.02,268.79,265.46,260.81,261.29,257.40,256.74,254.30,252.97,254.54,251.72,248.10,248.36,246.22,
1026.00,324.95,320.81,329.13,325.37,324.13,325.57,323.32,315.70,313.24,319.96,309.64,312.34,308.98,311.65,304.03,310.95,305.34,304.77,305.96,307.93,304.57,300.05,305.96,303.33,295.02,299.36,294.33,302.56,292.85,292.97,292.24,288.02,290.65,283.77,285.36,279.96,281.02,279.68,276.07,274.14,276.06,274.45,272.75,269.98,269.35,270.49,265.20,267.99,264.66,259.71,259.67,256.93,256.60,253.95,254.65,253.15,249.92,248.76,248.17,248.23,
1027.00,322.07,326.02,325.74,320.80,319.26,325.45,320.66,312.60,314.75,316.29,310.07,309.09,306.10,309.92,304.98,313.30,305.54,306.39,302.74,302.87,301.88,302.44,302.31,301.88,295.79,301.47,292.00,299.76,291.30,292.28,292.99,288.05,289.33,282.96,286.62,279.44,278.99,278.09,275.44,274.64,275.32,274.53,273.23,271.14,268.32,269.00,263.02,266.34,264.03,259.57,258.45,258.22,256.29,255.68,254.72,250.99,249.91,247.77,248.23,247.55,
1028.00,323.82,321.77,322.96,322.39,318.04,323.68,325.78,314.12,309.87,312.55,309.49,309.15,309.63,313.79,307.00,311.50,306.62,301.85,308.58,304.42,298.79,303.42,302.85,302.32,298.21,296.64,294.77,297.11,288.75,293.19,289.28,287.27,286.60,285.64,290.52,279.13,279.41,278.63,273.85,274.69,273.05,273.55,273.83,270.13,267.89,268.39,261.64,266.23,264.92,259.50,257.43,256.94,256.42,252.79,252.96,251.74,250.09,247.93,246.33,246.00,
1029.00,328.87,321.52,324.44,321.42,322.35,320.69,321.95,313.40,313.70,313.50,309.02,309.95,309.12,309.90,306.93,306.15,305.47,302.60,308.14,303.71,297.30,302.90,302.98,298.86,294.63,299.84,295.21,294.33,286.55,290.20,290.88,289.47,284.11,284.21,285.14,279.10,281.04,277.29,272.41,274.79,273.21,271.20,271.81,268.35,267.14,269.16,263.93,264.74,262.78,259.30,258.11,257.28,256.34,250.96,253.46,251.24,248.52,249.51,244.59,245.15,
1030.00,328.14,326.62,321.42,317.84,319.49,320.71,317.13,312.23,312.34,311.32,308.07,311.76,308.24,307.47,309.86,306.72,306.59,305.54,304.50,298.85,297.06,304.77,298.55,294.53,294.26,300.75,291.56,289.47,288.15,289.03,291.56,288.28,283.86,283.86,284.90,278.85,279.37,274.09,272.96,275.87,271.65,270.10,271.00,269.09,266.71,266.71,262.66,262.67,261.90,260.30,257.08,258.75,255.84,253.04,253.05,248.53,248.19,247.22,243.58,243.23,
1031.00,327.89,323.93,316.92,316.72,319.36,323.53,319.18,317.27,309.16,310.29,308.41,309.92,311.05,309.72,311.82,306.12,306.32,300.84,307.07,302.70,291.95,302.17,297.61,296.85,295.35,298.38,294.03,289.28,286.85,290.25,287.78,286.08,284.19,285.50,282.68,278.13,279.26,274.49,273.43,273.82,269.65,268.59,269.96,267.54,265.94,264.96,262.08,262.16,261.17,261.17,255.96,257.17,255.19,249.53,251.56,248.38,249.21,246.34,243.16,240.36,
1032.00,326.37,322.58,318.21,317.83,326.50,319.30,316.16,316.48,309.67,308.84,302.67,310.44,308.00,307.17,306.40,301.90,308.13,300.49,305.24,304.08,293.42,297.34,296.25,295.54,294.26,301.26,294.19,289.38,285.20,287.39,285.72,284.75,282.31,283.21,275.57,276.25,278.31,275.04,274.07,271.73,269.26,266.85,266.46,266.72,265.80,263.95,263.33,261.58,258.53,259.04,258.06,257.16,255.60,248.40,249.23,248.15,246.48,247.20,242.32,238.77,
1033.00,324.51,323.07,318.48,315.10,321.38,316.43,310.97,314.53,308.61,310.16,305.90,311.30,306.57,302.22,306.71,301.77,305.69,306.47,299.75,301.65,296.16,296.85,293.47,292.36,291.24,300.89,294.26,284.39,290.79,288.55,286.41,281.83,283.73,280.47,275.43,275.30,275.89,274.04,273.37,272.08,268.76,267.27,265.57,265.93,265.62,262.04,261.64,261.81,259.48,258.09,255.86,257.64,254.64,250.43,249.38,246.43,246.24,245.44,241.55,239.75,
1034.00,322.02,319.06,313.25,316.70,319.66,320.27,311.31,318.30,309.53,312.91,308.08,307.10,307.93,302.73,303.91,304.36,303.11,302.73,301.14,301.37,291.99,297.30,293.81,295.97,291.95,300.95,294.72,288.23,287.73,289.94,281.58,279.61,285.61,281.43,275.02,275.76,274.71,274.14,273.83,270.07,267.23,266.89,264.90,263.78,265.24,259.71,260.36,261.15,258.77,258.45,255.18,254.59,255.11,248.38,249.28,246.59,246.33,244.68,244.04,241.00,
1035.00,318.12,316.09,315.85,320.95,322.00,316.00,312.36,314.88,313.17,307.42,305.24,307.75,306.94,302.73,300.22,303.37,305.08,301.27,300.86,299.73,295.60,295.28,291.47,300.22,294.71,298.43,292.85,289.69,283.29,287.26,276.89,278.35,285.39,283.21,276.17,274.19,274.12,274.29,272.57,269.04,268.03,266.09,263.46,264.11,264.86,258.45,259.22,261.23,257.54,255.40,256.69,253.00,254.78,248.01,246.10,247.66,245.10,243.38,244.15,240.21,
1036.00,318.55,313.15,317.63,317.53,317.90,313.69,312.60,313.06,315.43,311.13,313.69,308.22,305.56,299.08,302.92,300.17,301.91,305.66,298.35,298.98,300.63,295.88,292.58,295.79,293.78,295.98,291.77,287.83,289.21,288.48,278.88,276.51,286.84,282.08,278.88,273.54,274.60,273.40,271.21,268.39,267.04,265.87,263.27,264.22,264.12,259.11,258.85,260.50,258.71,254.43,255.53,251.98,253.41,248.18,246.53,246.79,244.30,242.95,243.03,241.52,
1037.00,314.22,312.95,314.87,317.12,316.65,317.49,310.99,314.80,319.99,311.64,315.71,302.90,304.03,303.40,302.46,300.43,294.66,302.28,296.44,294.30,299.41,296.52,293.28,296.15,293.18,296.62,290.67,289.76,285.85,287.52,277.79,275.11,288.38,283.74,280.30,274.02,273.05,271.38,270.34,267.97,266.75,265.82,262.81,264.26,263.07,258.95,258.95,258.95,255.76,255.35,253.61,249.94,252.80,248.39,247.79,245.57,243.97,241.97,243.54,242.64,
1038.00,310.12,312.57,318.38,318.71,315.20,313.52,316.69,312.45,314.68,303.88,308.96,305.78,303.55,307.26,305.47,301.77,300.49,301.23,297.00,294.33,302.29,293.19,292.12,297.95,295.94,292.35,289.48,291.07,286.94,285.88,275.08,275.82,283.88,287.78,284.29,272.28,273.09,270.46,268.98,267.25,267.12,265.17,263.81,265.26,261.57,259.15,257.21,258.39,255.42,253.74,252.76,248.95,251.41,247.84,244.46,244.12,243.44,240.05,242.43,239.33,
1039.00,316.26,307.13,321.31,314.82,314.82,312.57,316.20,313.16,315.40,307.34,312.82,307.65,304.20,305.80,305.99,296.73,299.50,301.10,295.93,298.91,301.96,289.56,293.56,293.93,290.55,289.96,291.22,291.10,290.30,286.00,277.84,274.80,278.31,285.20,280.49,271.65,273.61,269.71,267.61,266.37,266.69,265.52,264.33,263.82,258.82,261.50,259.30,259.67,256.57,252.27,251.77,248.64,249.17,247.77,244.80,243.29,241.73,240.12,239.16,239.40,
1040.00,315.85,312.20,316.20,311.83,313.56,316.76,308.49,310.25,317.27,308.49,313.05,301.28,301.45,306.57,304.64,297.99,295.33,301.84,292.53,293.58,301.33,291.11,291.82,289.53,285.85,292.53,285.66,287.26,291.11,283.73,281.12,276.73,276.56,279.88,277.42,272.91,271.78,266.86,266.23,267.78,266.17,265.05,263.64,263.50,258.03,261.11,259.15,258.16,254.09,253.25,250.37,249.53,248.20,249.32,245.46,240.41,241.60,239.71,238.73,239.77,
1041.00,316.51,313.93,315.48,311.14,307.95,314.95,311.14,311.53,310.48,302.19,304.11,305.63,305.27,309.35,307.42,302.95,297.21,301.29,299.76,293.26,300.13,292.71,291.57,290.81,289.26,287.73,286.70,286.07,288.36,285.94,280.70,281.73,276.59,282.49,278.65,272.24,271.42,267.84,266.40,268.39,265.63,264.56,263.84,263.22,257.76,260.42,256.22,257.86,255.51,252.17,249.88,250.49,246.10,248.65,243.59,238.79,243.23,238.99,238.01,236.79,
1042.00,322.71,307.15,315.39,310.33,312.16,309.43,309.00,314.51,308.07,302.99,308.08,307.60,305.79,306.25,305.37,300.74,298.95,302.09,301.21,299.81,297.08,290.69,293.40,290.69,285.70,289.29,286.58,285.65,287.03,287.96,284.23,281.99,273.26,278.79,272.40,271.53,273.01,268.43,266.41,267.51,265.85,263.48,261.67,258.91,257.07,261.83,258.53,257.09,255.82,250.68,251.77,249.57,247.37,245.73,243.35,240.41,240.60,240.21,236.20,236.19,
1043.00,319.53,315.15,310.32,312.96,312.19,307.66,304.53,310.16,309.06,305.00,307.03,305.16,301.58,304.22,302.81,303.59,297.51,303.75,295.63,298.44,297.03,293.76,290.17,285.17,281.73,293.60,283.61,280.02,288.76,285.64,290.47,281.42,275.17,273.30,268.62,271.80,270.99,267.12,266.99,269.18,266.62,261.49,260.24,259.37,257.43,259.75,259.43,254.81,253.43,250.62,250.62,252.31,247.19,247.50,243.44,239.13,240.00,239.57,235.63,236.38,
1044.00,319.98,315.64,308.02,312.65,306.44,305.94,307.07,310.44,302.73,301.99,304.65,307.86,305.32,306.90,307.19,301.82,294.44,301.27,302.28,295.62,292.53,295.52,289.53,288.86,286.78,289.82,288.86,281.87,287.69,286.11,291.40,280.07,278.94,276.24,271.61,270.50,268.08,268.00,267.12,267.23,263.67,259.45,260.98,258.03,257.72,258.17,256.38,252.37,254.35,252.48,247.50,250.87,246.42,244.98,244.19,238.77,241.12,239.27,236.27,235.62,
1045.00,318.73,310.93,311.44,313.44,311.99,302.08,307.02,309.30,303.10,303.57,301.03,306.47,304.48,302.01,299.03,298.09,295.74,296.75,299.62,299.65,287.43,290.76,288.88,291.82,288.30,287.86,289.82,282.97,280.54,279.45,290.33,278.07,276.66,276.62,270.71,267.71,268.68,266.93,267.71,265.33,263.82,258.50,259.86,256.18,256.16,258.32,258.32,252.42,254.94,250.60,249.89,247.92,246.77,242.06,243.41,241.10,239.68,239.33,236.18,234.03,
1046.00,318.84,316.73,312.97,311.42,310.25,300.82,305.55,300.10,303.83,304.55,301.27,304.96,297.37,295.09,300.99,295.68,291.23,301.13,291.81,295.96,291.98,292.54,285.81,288.23,285.95,284.95,286.67,278.80,284.25,276.66,289.26,273.94,274.11,272.52,271.38,266.74,266.92,265.77,266.57,265.37,263.53,258.85,259.82,258.45,256.51,256.44,257.42,252.10,254.96,249.36,248.26,247.42,245.86,242.89,242.66,239.46,237.17,237.34,234.78,234.43,
1047.00,316.90,315.70,312.64,308.97,307.53,307.95,307.14,301.22,300.80,306.12,305.07,303.63,299.78,293.05,303.24,292.03,287.92,293.24,293.05,291.01,285.91,294.86,291.01,288.55,289.36,284.47,290.17,280.80,283.60,278.31,285.46,271.40,277.32,276.51,268.94,266.78,265.39,264.65,266.53,262.52,259.26,258.77,259.91,260.00,255.59,255.35,253.87,253.22,256.00,250.93,244.48,246.75,244.81,242.58,244.63,237.63,236.56,236.08,235.09,235.99,
1048.00,311.43,311.64,314.40,309.77,310.13,305.86,305.97,300.45,303.78,300.55,299.88,299.15,299.41,293.95,299.51,292.80,293.12,290.36,292.33,288.74,289.32,290.15,288.74,291.97,292.23,283.90,288.74,281.35,275.21,273.03,279.64,269.91,273.71,278.23,270.27,262.97,265.09,262.36,265.42,259.82,258.89,258.20,257.74,260.51,255.47,254.87,252.56,253.43,255.20,247.81,247.00,242.61,245.15,238.36,241.98,238.49,234.99,236.82,235.35,234.70,
1049.00,313.96,315.02,317.48,304.64,308.16,299.67,305.70,298.72,302.63,301.45,302.06,303.58,294.59,290.23,305.13,291.07,295.54,296.87,289.56,288.11,295.09,292.74,283.87,293.08,288.11,283.19,289.90,278.22,283.80,273.75,282.02,266.89,273.42,272.20,268.67,261.52,266.29,263.28,263.84,259.64,259.59,259.59,255.39,262.01,256.53,254.12,251.11,255.35,254.12,245.50,246.39,244.00,243.94,237.81,241.21,237.99,232.23,236.34,233.14,234.98,
1050.00,311.23,312.78,308.50,303.00,306.04,306.81,300.07,303.00,303.31,307.89,304.44,299.85,297.39,294.10,304.70,291.37,292.76,292.50,287.35,284.36,291.63,295.79,283.33,285.49,280.09,284.93,290.38,282.20,280.13,278.79,281.43,265.47,274.59,269.53,266.03,262.21,264.41,261.59,261.90,260.17,258.11,258.77,255.31,259.43,256.38,254.45,247.73,254.45,251.42,248.82,242.54,243.94,243.51,239.74,243.84,236.14,231.73,237.79,234.19,237.35,
1051.00,306.69,314.22,312.18,309.30,308.46,310.03,304.57,308.73,307.81,303.35,297.86,300.85,300.28,300.20,304.00,297.78,301.77,296.85,293.43,288.59,298.43,297.32,282.18,288.59,287.56,280.87,287.94,287.75,277.45,275.49,280.22,268.81,279.68,275.22,272.80,264.33,266.01,262.89,261.84,262.44,262.00,260.32,257.46,261.14,258.54,255.16,249.78,254.90,253.12,250.18,247.47,245.88,246.32,240.90,244.76,240.08,236.25,239.71,238.04,236.70,
1052.00,314.51,308.25,315.07,304.76,306.22,303.62,309.39,307.11,308.01,304.60,300.87,310.12,295.91,298.26,305.66,292.58,301.59,302.33,296.80,293.47,296.96,297.78,279.91,290.14,288.61,280.73,288.93,288.69,284.96,277.24,285.04,268.39,275.21,273.02,275.21,263.13,267.38,264.30,259.36,261.15,262.06,260.17,256.63,257.12,257.06,254.42,251.80,253.00,253.39,248.74,248.29,245.50,243.87,239.23,242.57,241.66,233.12,237.60,233.90,234.00,
1053.00,309.44,306.85,307.12,306.01,305.56,307.05,303.56,305.88,310.85,310.53,304.08,301.63,296.79,296.08,295.63,296.08,293.95,301.56,290.79,289.95,290.91,299.63,280.66,282.86,280.34,286.15,280.73,287.63,284.02,277.89,286.99,268.09,276.66,269.57,273.05,266.07,264.84,262.72,259.10,261.84,262.36,258.64,255.93,254.92,255.13,254.02,252.94,249.97,249.17,249.09,245.84,246.10,243.11,242.85,242.46,239.73,233.30,235.63,232.42,232.63,
1054.00,300.80,310.30,303.02,307.48,299.76,304.07,307.92,308.37,304.96,299.76,296.64,301.68,297.23,299.46,291.74,301.83,296.94,301.24,292.91,290.10,292.19,294.41,280.60,283.85,287.28,284.01,275.54,285.35,281.63,275.69,283.87,267.08,279.55,276.88,278.07,266.37,262.44,261.43,259.18,260.31,260.84,257.93,255.37,254.13,253.65,250.03,252.94,247.35,247.18,248.72,245.81,244.92,243.31,242.54,242.72,239.16,236.18,234.46,232.38,230.72,
1055.00,311.66,299.75,305.80,306.98,300.97,297.31,311.97,310.71,302.11,304.50,301.99,304.58,297.39,294.99,291.11,296.17,294.95,297.35,297.35,294.88,281.71,288.75,281.48,288.75,289.93,288.59,280.18,283.91,285.02,282.46,286.20,269.26,275.43,275.43,276.72,263.73,265.53,263.63,258.30,258.80,258.36,259.27,254.90,250.53,252.95,249.06,256.26,248.55,248.05,247.09,246.56,243.18,242.71,239.30,239.86,239.81,234.99,235.41,229.63,227.21,
1056.00,308.39,302.76,298.00,305.77,303.39,303.67,299.13,302.48,302.02,313.33,305.83,297.54,295.44,291.17,286.57,297.42,292.08,299.92,287.88,288.34,284.07,289.59,279.98,283.40,284.19,293.73,272.94,277.55,282.88,280.44,291.63,270.78,272.82,264.59,272.49,262.48,261.98,260.00,257.82,259.30,259.66,258.48,253.16,251.62,251.32,249.01,256.48,248.16,243.51,245.14,244.35,242.96,242.48,240.80,238.51,236.01,233.51,233.49,227.80,228.46,
1057.00,306.84,309.41,294.44,307.27,297.00,308.14,305.55,304.71,297.01,306.00,300.01,300.85,297.01,300.42,295.71,298.29,291.45,301.29,292.28,284.18,284.18,289.29,280.75,279.88,286.73,286.73,273.89,271.33,282.46,281.16,286.75,273.89,277.75,267.47,270.90,261.23,260.72,261.57,257.29,258.32,255.07,256.78,253.87,253.69,250.28,248.39,253.18,247.88,242.91,245.65,240.86,241.89,242.06,240.69,241.54,232.30,233.16,232.13,227.68,230.42,
1058.00,319.20,299.45,300.77,307.40,303.49,307.39,306.04,309.95,298.15,303.47,304.70,300.77,298.11,298.14,296.77,292.82,288.88,294.22,295.49,287.60,275.75,284.88,284.99,282.35,288.85,287.55,274.41,270.45,275.69,282.28,280.92,271.75,271.77,271.74,263.77,257.51,264.38,262.77,256.44,256.98,254.35,255.38,254.33,251.70,250.11,249.60,255.40,249.05,244.28,245.33,243.26,239.56,240.09,237.44,238.98,231.13,231.63,230.60,229.55,229.56,
1059.00,315.25,306.10,298.12,307.23,310.59,309.94,297.25,300.34,307.61,305.76,300.34,300.45,295.68,297.25,293.79,288.63,286.30,298.23,283.70,284.94,283.32,286.03,284.56,282.72,284.94,283.21,275.56,265.10,279.85,281.36,276.54,270.14,265.32,263.36,256.58,256.74,264.37,261.07,254.42,258.41,256.54,252.74,252.94,254.81,248.99,250.58,253.83,248.26,242.49,241.75,241.90,236.76,239.58,236.72,233.07,232.34,228.84,229.43,226.76,232.03,
1060.00,314.18,312.62,295.51,301.08,305.66,314.01,296.32,302.87,302.47,300.90,295.91,306.24,298.70,300.67,305.43,284.20,282.22,293.59,284.95,281.41,281.24,289.71,288.37,278.22,284.95,280.37,277.99,266.28,287.16,282.75,276.25,269.87,267.09,268.65,254.96,257.42,262.44,260.90,254.55,257.33,252.90,250.58,252.48,255.10,248.03,249.47,248.59,248.03,243.97,245.22,237.84,237.29,238.73,237.36,236.17,230.70,229.10,228.63,227.82,234.83,
1061.00,313.78,299.66,301.41,300.14,311.48,305.22,295.62,309.42,302.68,292.76,292.21,302.60,300.93,295.30,296.57,281.10,281.34,284.04,285.31,282.77,282.69,280.95,285.62,281.42,288.01,286.82,274.20,274.04,276.90,279.28,270.87,265.40,262.54,273.89,258.18,255.15,261.43,257.94,255.03,256.33,252.26,249.41,252.23,249.98,248.84,248.84,249.44,248.27,245.25,246.97,241.48,233.51,239.67,237.42,233.20,231.26,232.24,226.66,231.10,230.02,
1062.00,312.18,303.18,309.80,301.35,315.92,297.52,293.18,302.82,308.66,296.10,284.68,308.39,297.52,291.40,295.28,281.76,282.31,289.98,281.49,286.42,289.98,279.48,288.75,284.36,281.76,283.54,283.81,271.25,284.73,273.58,269.84,268.06,260.48,269.20,263.08,256.15,258.86,256.87,253.25,257.45,251.95,249.51,249.38,248.92,248.10,248.21,247.97,246.45,243.42,244.35,241.67,232.68,237.92,236.06,229.04,233.59,231.71,225.52,225.30,228.20,
1063.00,310.65,307.27,303.91,298.66,307.24,299.06,291.19,300.92,304.31,303.15,287.10,305.41,297.17,288.96,305.04,276.23,277.33,287.80,281.85,281.05,286.30,286.36,288.93,276.23,272.88,287.13,283.74,274.74,287.83,279.28,279.62,273.64,262.77,272.51,265.03,257.92,256.71,256.88,254.35,257.78,251.49,248.66,248.50,245.80,246.56,248.06,242.68,244.47,244.31,246.58,235.79,236.11,238.04,237.76,231.62,232.34,230.71,225.92,223.83,228.00,
1064.00,303.45,299.50,299.82,304.72,308.67,289.86,291.29,304.50,300.56,294.76,286.49,293.55,295.49,293.07,300.40,281.01,284.38,290.18,282.85,282.69,288.49,281.17,282.38,270.79,277.79,289.70,280.11,280.85,276.26,275.79,274.26,270.31,268.94,283.90,275.05,257.01,252.99,254.27,257.01,257.14,250.96,247.36,248.45,243.63,247.36,242.40,242.53,239.83,242.21,246.37,236.42,234.04,237.45,236.04,232.43,231.40,233.66,223.10,226.03,222.65,
1065.00,305.59,303.89,307.57,305.73,305.44,280.20,300.34,294.38,296.23,298.78,282.19,301.90,288.85,291.97,296.94,279.49,287.29,297.22,286.16,288.71,285.59,280.63,278.78,279.35,276.94,282.33,290.98,282.47,278.93,273.68,269.72,271.55,266.74,278.64,275.52,254.85,254.23,258.65,256.21,256.27,250.37,246.06,247.82,241.52,247.19,242.54,240.61,236.93,243.11,242.15,235.34,234.26,234.09,230.35,231.93,233.41,229.61,226.60,224.11,220.76,
1066.00,312.02,305.97,298.63,304.03,300.22,291.99,289.04,288.46,294.51,308.49,296.10,295.13,288.77,288.46,295.45,280.50,277.59,294.79,284.30,281.39,284.61,284.96,272.46,273.47,266.48,283.37,285.89,275.68,280.81,282.43,273.82,271.26,267.10,273.16,265.86,253.04,255.20,258.27,256.36,255.47,252.03,243.87,246.93,240.30,246.93,243.25,238.53,236.74,242.60,243.00,233.31,236.50,231.77,230.27,233.19,229.97,226.43,228.72,222.22,220.95,
1067.00,297.47,302.34,291.47,308.59,290.71,293.46,284.10,293.71,293.46,298.34,296.21,283.84,290.21,291.72,285.33,289.34,287.21,296.96,283.84,283.20,291.58,283.59,266.33,271.96,277.96,273.45,274.09,272.83,274.46,276.08,272.08,269.58,270.34,274.20,273.08,252.22,252.62,253.58,255.23,254.92,253.62,243.52,247.22,241.67,248.72,238.32,237.67,237.12,241.72,240.72,234.17,236.27,229.67,229.12,236.82,228.06,225.76,227.82,222.82,221.01,
1068.00,305.66,298.97,300.61,303.93,292.28,290.67,292.28,290.64,293.19,298.13,295.70,293.17,287.27,293.92,283.23,287.32,290.64,288.12,294.81,288.14,282.32,287.34,271.55,280.70,279.88,264.11,280.68,278.17,268.26,273.26,264.91,269.89,264.89,268.19,272.35,248.78,254.46,256.10,253.10,250.79,252.77,245.81,246.47,243.48,247.46,240.49,238.52,241.50,244.81,236.51,236.52,232.54,230.19,224.21,235.83,228.86,223.86,228.86,221.87,219.21,
1069.00,309.23,299.29,296.14,301.72,287.65,302.20,274.31,282.31,301.72,306.57,306.81,288.13,290.32,285.22,274.07,289.10,279.65,281.59,283.04,281.59,282.80,288.13,273.10,284.25,275.04,268.00,274.31,269.70,268.49,276.25,270.19,270.43,258.06,255.63,258.54,249.13,252.14,252.53,252.82,250.69,255.44,246.32,244.77,245.84,244.38,243.31,241.76,241.37,240.40,235.07,235.84,234.00,230.02,228.66,230.51,226.82,221.48,227.69,218.28,219.74,
1070.00,291.02,302.53,286.26,300.80,284.08,304.19,272.36,283.71,300.35,293.77,296.52,286.26,288.56,292.48,280.68,299.34,283.71,280.89,284.16,277.78,287.47,283.43,280.60,278.22,279.96,258.76,270.26,265.70,272.28,273.37,270.83,269.82,262.95,258.76,267.44,251.83,249.89,247.87,252.41,250.88,253.77,248.80,244.08,250.48,244.48,238.38,238.52,242.14,238.38,236.03,231.87,233.26,230.74,229.78,231.72,226.13,222.40,226.83,219.22,221.56,
1071.00,303.97,294.97,298.75,303.64,291.64,292.97,283.30,284.52,296.19,290.42,291.86,293.20,288.42,292.75,284.75,292.97,283.53,265.52,292.97,277.97,274.97,279.75,284.86,280.97,281.97,265.18,272.86,275.19,261.19,276.63,260.19,266.30,260.97,262.19,264.52,248.61,250.69,251.23,250.52,248.87,251.23,249.41,245.31,250.21,241.18,239.62,240.51,244.20,240.34,236.16,233.49,230.69,232.51,227.93,230.60,227.13,224.69,225.93,225.40,219.04,
1072.00,308.14,298.87,299.03,308.30,307.50,295.55,272.83,274.01,302.19,293.88,296.89,288.42,285.96,281.29,282.48,291.74,282.64,266.40,276.31,273.85,278.67,268.22,277.81,282.80,275.19,273.05,275.35,273.69,265.92,274.71,258.64,264.26,252.47,254.13,256.98,250.09,250.88,248.09,247.43,249.96,250.15,249.36,242.27,252.81,239.22,242.07,244.26,243.66,235.64,234.00,233.46,229.88,231.94,228.23,225.32,229.02,224.40,226.17,222.12,219.42,
1073.00,304.25,308.85,296.40,304.25,303.75,299.52,283.34,279.11,289.69,292.55,292.05,287.07,287.45,284.21,295.41,289.69,284.96,273.27,283.34,271.40,280.73,268.03,283.59,272.02,270.27,268.41,273.01,270.65,277.62,271.76,264.06,264.06,265.55,259.95,261.81,251.31,252.51,246.18,245.79,249.32,246.34,247.83,241.31,254.75,240.76,238.87,236.63,242.80,234.99,236.53,229.01,232.94,230.31,227.37,229.01,225.38,225.08,225.58,223.54,223.19,
1074.00,313.29,294.71,305.19,303.82,314.29,296.63,293.99,294.44,286.80,292.34,296.08,286.34,290.89,285.88,292.80,287.79,283.43,264.58,293.99,269.13,277.96,270.32,280.42,268.40,278.88,277.96,269.13,278.69,262.21,273.68,259.57,264.58,270.59,270.77,265.04,247.35,253.73,247.32,245.42,247.72,245.13,246.00,240.83,250.01,241.49,238.14,236.98,241.60,238.25,239.20,232.10,231.37,230.78,229.54,228.96,225.25,227.14,221.24,225.83,220.58,
1075.00,315.42,297.68,309.61,300.05,327.06,295.90,292.16,284.21,297.57,291.87,297.74,284.09,289.85,282.13,286.05,287.89,299.58,274.12,288.24,274.24,285.99,274.30,274.41,280.00,276.26,276.26,277.98,274.36,264.45,270.26,256.61,266.46,262.72,268.54,264.45,246.81,255.45,246.90,244.51,249.14,248.38,243.70,239.02,247.64,242.11,239.81,241.35,240.57,235.87,233.52,230.50,228.93,231.17,226.51,225.68,228.70,228.77,224.07,221.12,219.39,
1076.00,308.56,307.26,304.56,290.58,312.62,303.21,291.23,285.83,285.83,299.90,297.24,285.17,293.89,285.83,294.54,279.21,294.63,283.26,293.89,271.94,288.62,285.13,278.55,275.85,269.14,272.45,275.15,271.94,277.86,276.41,270.49,271.84,269.84,267.14,270.54,244.48,254.36,246.57,245.53,250.06,248.23,242.86,238.31,247.67,243.92,238.05,234.03,240.20,237.77,235.07,225.49,234.57,231.38,228.38,227.35,227.93,225.75,226.05,216.97,219.36,
1077.00,308.57,292.11,305.13,288.01,307.83,302.27,291.37,296.20,286.70,296.04,292.84,279.16,298.91,293.50,288.01,288.01,290.14,277.04,292.76,274.41,288.75,287.35,270.16,270.97,278.66,274.99,270.24,268.27,266.14,274.41,273.02,273.02,268.84,273.10,271.05,243.22,247.87,245.97,248.43,251.74,246.53,241.06,240.79,242.66,246.53,237.52,237.84,239.98,240.27,238.89,227.20,233.13,232.34,232.60,228.54,226.34,228.01,222.22,216.19,219.20,
1078.00,309.41,292.89,309.14,288.38,309.01,290.33,296.80,290.33,294.51,288.44,280.02,284.33,296.40,292.36,282.57,286.02,292.36,276.03,290.33,282.04,286.22,286.42,263.16,288.38,277.99,263.36,280.15,261.20,269.96,269.70,263.36,273.68,255.13,271.39,271.52,241.41,248.31,249.09,246.64,252.39,245.67,239.03,240.73,239.06,245.64,238.23,240.73,239.84,239.03,234.04,229.06,227.52,230.67,226.47,229.81,232.27,226.39,225.68,215.44,217.22,
1079.00,312.20,299.05,292.65,290.87,296.57,295.96,293.13,284.95,283.17,302.84,283.65,285.78,294.79,283.65,290.04,280.69,276.07,281.16,280.81,279.99,280.81,286.61,268.85,286.26,267.89,266.93,277.73,260.31,280.69,275.46,275.12,269.20,258.53,260.66,260.66,240.10,248.15,245.16,248.10,250.14,246.07,239.90,241.28,238.39,240.43,239.90,235.97,238.72,238.39,233.88,227.25,231.37,229.34,225.49,227.44,228.01,221.99,226.50,208.91,217.39,
1080.00,301.20,290.32,284.36,298.46,289.76,295.79,286.54,295.17,287.59,295.86,275.60,278.40,295.17,285.98,285.42,292.43,276.09,277.28,271.32,280.51,285.42,285.98,262.06,275.10,273.91,269.70,270.75,251.74,273.49,272.37,281.07,264.79,261.00,264.16,258.20,240.73,241.60,238.80,250.95,248.56,244.21,240.51,238.12,238.77,240.09,235.32,236.16,236.38,235.94,236.16,227.46,228.81,229.43,229.43,229.82,223.11,221.57,222.47,207.04,220.06,
1081.00,299.79,288.71,292.08,294.72,293.87,285.22,300.94,289.86,283.86,290.29,262.12,294.94,293.65,291.65,288.50,291.44,281.21,272.56,279.00,291.86,282.57,283.43,270.13,286.07,268.34,266.98,277.42,265.49,270.99,264.34,266.13,261.05,256.84,262.84,260.63,240.33,243.93,243.75,251.39,244.56,240.84,239.24,236.32,233.92,235.44,235.35,235.69,235.44,236.49,229.32,228.06,221.85,229.40,219.74,231.89,222.14,223.03,222.05,210.79,220.11,
1082.00,308.29,297.20,283.65,300.70,287.14,294.73,290.04,284.88,281.98,307.47,280.15,298.22,294.94,280.36,283.86,288.16,272.56,282.62,271.75,279.77,280.36,277.68,278.53,283.05,265.36,281.17,280.36,263.53,272.56,272.14,273.37,256.32,254.91,248.95,249.54,238.17,243.93,242.28,249.59,243.59,242.19,240.97,234.15,235.95,231.93,237.27,235.14,232.34,230.62,226.34,229.63,222.07,230.94,221.32,223.80,219.86,218.70,219.94,210.41,219.19,
1083.00,295.83,302.30,275.09,299.46,284.30,300.88,279.70,292.19,288.47,292.99,274.64,290.33,294.05,286.17,286.17,301.41,282.09,288.03,270.04,274.64,289.89,276.42,275.18,270.48,265.43,279.16,274.64,256.21,270.48,269.06,283.42,254.79,254.79,252.58,256.30,240.38,240.17,240.74,244.96,243.11,242.19,240.91,233.72,238.15,233.36,230.95,231.87,232.62,227.66,225.99,225.03,220.25,230.60,225.25,227.13,215.85,218.26,216.77,214.22,223.44,
1084.00,308.26,296.16,296.55,288.34,298.13,288.73,295.78,295.39,282.06,283.64,274.58,298.90,292.28,288.77,287.53,294.24,288.34,276.97,288.73,278.94,281.29,281.29,282.87,275.39,273.43,273.43,273.86,264.45,260.14,264.84,264.84,253.09,260.14,260.52,265.22,238.06,244.30,248.37,243.84,240.23,240.23,238.35,234.59,233.65,231.61,233.02,230.02,231.77,230.04,222.67,224.54,217.03,228.95,220.95,227.22,215.32,218.13,213.44,223.46,222.54,
1085.00,324.16,296.60,300.05,294.10,309.85,297.65,291.29,283.14,284.69,292.74,295.45,291.49,285.74,271.23,283.24,284.59,283.24,286.89,278.24,274.79,289.19,276.14,277.09,279.69,277.39,276.04,264.13,262.68,262.98,263.08,255.68,253.28,257.78,259.13,256.93,233.82,244.30,248.68,240.04,239.62,243.50,238.12,232.85,232.43,232.90,238.20,233.82,229.93,225.63,219.99,227.05,218.37,229.51,221.83,218.91,216.11,215.61,210.72,224.17,218.95,
1086.00,303.49,309.64,294.91,289.07,307.49,301.97,287.54,286.93,274.64,285.39,295.21,277.72,281.72,274.96,294.30,290.00,278.03,294.91,277.72,267.60,292.15,282.63,276.81,271.27,264.52,260.52,261.15,257.78,275.27,261.45,260.84,257.78,265.14,262.08,266.99,240.97,241.94,243.90,237.89,240.10,245.63,235.19,232.12,236.41,237.65,234.94,228.68,230.77,222.92,222.92,219.96,220.21,228.19,221.56,221.81,217.76,210.03,211.75,224.88,218.75,
1087.00,311.36,294.10,307.83,283.30,312.86,285.81,302.81,293.94,262.45,289.66,291.85,276.94,287.15,279.61,290.84,289.07,276.35,278.27,287.74,268.98,285.81,285.81,280.36,270.15,266.72,272.66,255.66,268.23,262.61,257.00,249.47,255.66,271.49,270.74,262.45,239.53,241.71,244.26,239.70,237.69,245.03,234.68,231.43,229.72,237.46,234.14,229.52,232.43,227.88,225.87,218.23,222.38,224.86,223.15,225.87,214.35,208.96,209.86,227.41,217.43,
1088.00,313.33,293.67,304.55,298.35,320.48,290.62,301.03,279.84,274.58,300.92,302.45,277.74,290.04,272.59,275.16,287.93,280.31,282.31,281.95,272.01,288.04,282.42,260.29,278.68,272.59,267.43,264.28,268.49,265.33,248.82,233.95,257.60,261.34,264.39,258.18,237.84,245.28,240.13,238.68,239.48,242.99,232.92,231.46,226.50,236.62,236.62,238.87,234.32,224.63,221.12,223.22,220.78,223.41,217.27,221.35,217.42,215.96,212.45,225.70,212.08,
1089.00,296.38,312.09,288.45,291.38,294.16,295.82,301.52,277.32,270.24,303.74,298.88,277.60,292.61,277.18,288.17,288.17,272.18,290.95,282.75,271.89,277.74,288.31,263.83,270.38,254.52,259.81,264.81,277.46,277.74,251.32,248.39,259.24,264.53,258.96,254.24,240.71,247.39,233.88,237.94,239.11,241.11,233.76,232.54,227.48,238.99,231.59,232.99,233.65,225.20,225.25,216.19,224.25,223.25,213.79,218.97,220.80,209.51,217.57,220.02,212.29,
1090.00,300.67,291.09,295.47,292.97,285.67,289.43,310.29,287.33,275.44,304.04,294.41,281.91,301.94,288.38,284.84,294.63,262.72,277.54,274.83,268.36,268.58,284.62,251.48,265.87,259.79,270.46,261.28,274.83,261.28,249.38,258.35,253.14,262.33,261.06,246.67,237.30,240.80,232.12,242.55,237.88,234.62,236.79,234.62,227.37,236.46,227.45,236.28,231.79,226.61,232.45,220.35,223.12,218.78,219.86,218.69,212.94,211.35,215.53,213.45,210.77,
1091.00,302.43,290.37,301.50,299.67,291.30,281.10,314.50,271.82,288.50,284.82,288.52,289.43,297.78,289.45,269.97,295.93,279.23,277.36,269.99,282.91,257.90,278.34,243.99,282.00,273.67,262.56,273.65,269.95,259.75,249.55,254.19,249.55,247.73,264.40,243.99,230.07,241.57,234.88,242.31,239.71,230.44,234.15,235.26,231.92,233.78,227.10,241.95,226.36,225.23,226.35,224.13,218.58,220.41,211.53,215.97,215.20,214.11,214.85,211.51,207.80,
1092.00,294.05,305.41,291.20,291.08,273.89,288.46,313.75,265.62,271.33,299.65,279.83,285.60,293.99,282.69,274.07,285.37,273.78,285.20,262.30,290.79,251.00,268.59,253.85,276.75,248.37,268.47,271.10,268.01,271.10,262.93,271.33,253.97,248.20,251.06,228.33,228.32,245.29,236.34,243.19,236.43,232.86,234.05,234.05,237.46,230.63,227.15,230.63,222.63,223.77,226.17,218.09,221.51,220.37,209.14,208.93,216.79,205.53,215.67,205.37,205.50,
1093.00,285.35,284.94,294.12,295.93,275.89,293.71,305.40,287.58,280.62,296.21,279.92,279.51,293.42,295.93,267.40,285.35,263.50,275.47,240.39,278.81,255.42,273.24,249.58,259.04,256.95,275.05,259.04,248.05,253.90,266.00,289.39,253.20,244.01,244.84,232.45,229.17,232.51,232.96,243.04,238.36,228.00,235.30,234.41,236.91,229.01,222.27,229.90,221.71,220.99,229.90,216.76,223.44,220.10,220.10,209.91,210.02,200.83,209.13,200.22,208.13,
1094.00,281.21,276.01,305.93,291.23,290.97,283.55,310.48,282.77,279.00,281.21,270.81,294.61,287.98,288.76,261.83,283.55,275.23,268.60,257.28,288.49,253.51,264.96,269.90,267.82,267.82,260.40,267.04,250.52,248.44,266.39,277.57,252.08,239.46,253.64,254.94,230.33,235.74,239.02,239.38,235.22,224.40,229.24,231.58,235.79,225.02,221.07,226.22,220.24,223.46,219.66,218.16,216.70,220.81,213.99,211.23,210.87,203.43,206.40,206.66,204.06,
1095.00,293.68,283.62,292.79,290.03,292.79,293.38,297.71,278.10,270.12,305.01,284.21,296.44,286.97,264.99,265.58,271.10,264.39,271.69,261.34,282.14,259.47,250.59,280.27,274.75,257.30,265.88,271.39,243.59,245.08,266.76,278.10,250.30,248.82,243.59,242.32,230.56,238.88,239.12,234.47,229.70,226.27,227.25,229.46,233.01,220.78,220.15,217.47,218.69,220.66,214.28,215.14,218.34,222.60,212.94,200.12,212.58,199.37,207.22,207.97,204.02,
1096.00,273.47,268.66,285.95,290.50,284.00,290.77,276.85,296.48,282.57,298.96,279.45,285.69,286.86,266.97,268.39,276.06,254.22,280.88,254.48,260.72,268.39,253.05,286.86,268.39,260.72,259.82,257.60,228.09,254.75,268.66,287.38,248.50,246.81,244.07,261.36,229.70,230.48,231.62,228.55,231.05,229.33,224.91,224.34,233.55,215.50,216.85,217.21,219.24,214.04,217.21,212.43,216.96,220.49,216.28,203.27,206.65,198.95,204.52,201.66,204.62,
1097.00,274.11,263.11,293.23,274.43,283.67,261.68,288.03,286.59,273.26,281.07,261.94,302.21,288.87,280.48,274.69,277.88,269.75,272.67,285.69,265.39,267.15,254.14,310.01,275.28,259.93,256.15,265.71,246.85,254.72,266.88,272.67,246.01,249.78,264.54,281.07,227.17,229.48,236.33,226.60,222.20,225.66,219.99,219.18,228.34,213.61,216.50,216.40,216.63,220.09,211.76,208.98,208.17,213.85,203.78,207.00,204.79,202.95,202.95,208.96,204.45,
1098.00,286.42,270.14,284.12,279.33,273.97,270.14,268.81,275.50,265.35,301.54,279.91,295.03,289.67,268.03,266.89,269.00,277.61,289.10,282.40,261.34,276.08,245.25,293.89,276.65,260.38,259.23,268.03,248.32,255.01,254.44,250.04,241.42,243.35,260.19,260.38,219.79,226.68,231.89,221.48,220.02,230.43,219.33,220.63,219.56,213.28,221.09,217.19,217.42,213.67,205.70,211.75,205.85,209.37,198.96,202.25,203.09,204.85,202.87,206.93,198.73,
1099.00,269.02,277.71,258.80,285.64,261.88,279.24,240.89,285.89,273.89,286.94,270.81,274.13,281.03,277.71,272.60,270.81,269.52,307.62,270.81,239.35,279.24,264.16,286.39,275.42,247.04,246.80,265.20,236.03,270.81,255.48,252.40,252.65,246.00,248.03,261.08,223.08,219.21,223.30,216.65,223.20,232.60,217.88,216.55,219.21,215.42,215.32,212.46,221.35,208.15,206.72,204.38,204.58,211.94,196.60,207.44,201.40,204.78,202.32,200.08,195.57,
1100.00,271.99,270.71,268.24,273.40,260.38,269.65,259.10,285.59,256.05,268.95,251.95,292.75,291.33,302.59,279.50,265.55,275.04,290.40,285.59,240.69,271.29,279.85,295.79,260.16,238.70,248.55,252.65,253.94,251.72,250.31,241.75,254.99,258.04,261.09,259.45,227.11,215.16,223.60,220.60,221.82,229.98,219.24,213.66,208.92,221.67,212.30,206.20,219.38,214.73,209.86,198.84,203.34,200.76,197.62,211.22,190.68,202.12,196.26,199.63,196.91,
